 "ticks" "state 0" "state 1" "state 2" "state 3" "state 4" "bioenergy success"
 0 0 50 0 0 0 27173.97500000001
 1 0 50 0 0 0 27972.033829185035
 2 0 50 0 0 0 28825.94626904573
 3 0 49 1 0 0 29659.561095510773
 4 0 48 2 0 0 30414.26876176015
 5 0 48 2 0 0 31180.919991678842
 6 0 47 3 0 0 31796.682410423175
 7 0 47 3 0 0 32379.200414737566
 8 0 40 10 0 0 32279.320003397752
 9 0 46 4 0 0 32662.941768942823
 10 0 47 3 0 0 33181.471363905606
 11 0 46 4 0 0 33676.377174281835
 12 0 46 4 0 0 34181.58205886265
 13 0 44 6 0 0 34540.125709715256
 14 0 46 4 0 0 35033.52579958486
 15 0 43 7 0 0 35263.62256688614
 16 0 46 4 0 0 35763.47296795232
 17 0 44 6 0 0 36139.16080540267
 18 0 46 4 0 0 36622.70918802254
 19 0 36 14 0 0 36223.38589981517
 20 0 46 4 0 0 36750.601313855404
 21 0 45 4 1 0 37262.804320528216
 22 0 42 7 1 0 37466.02429705011
 23 0 45 4 1 0 37971.41416869516
 24 0 46 3 1 0 38541.19374530817
 25 0 43 6 1 0 38914.92201830316
 26 0 45 4 1 0 39371.654399517916
 27 0 42 7 1 0 39670.53489626338
 28 0 44 5 1 0 40009.383604468705
 29 0 41 8 1 0 40127.0948341282
 30 0 45 4 1 0 40539.19507875557
 31 0 44 5 1 0 40925.42341601527
 32 0 41 8 1 0 41093.90720146816
 33 0 43 6 1 0 41505.41428515727
 34 0 47 2 1 0 42136.099061307934
 35 0 41 8 1 0 42250.809331947064
 36 0 41 8 1 0 42460.057643081556
 37 0 44 5 1 0 42855.398248023266
 38 0 42 7 1 0 43078.670564600805
 39 0 46 3 1 0 43713.726499491844
 40 0 44 5 1 0 44158.55947139009
 41 0 45 4 1 0 44640.195620321174
 42 0 41 8 1 0 44792.847384595145
 43 0 44 5 1 0 45142.36738859686
 44 0 45 4 1 0 45593.62533813228
 45 0 43 6 1 0 46003.91674228172
 46 0 43 6 1 0 46275.06196161874
 47 0 43 6 1 0 46595.61846951433
 48 0 46 3 1 0 47162.8430857125
 49 0 45 4 1 0 47609.11644118698
 50 0 44 5 1 0 47967.354351528134
 51 0 44 5 1 0 48295.64944914535
 52 0 38 11 1 0 48182.15158115457
 53 0 47 2 1 0 48958.65240831021
 54 0 45 4 1 0 49516.0108387896
 55 0 45 4 1 0 50059.06016028892
 56 0 44 5 1 0 50462.87993882359
 57 0 43 6 1 0 50794.203320646026
 58 0 40 9 1 0 50836.246823312336
 59 0 45 4 1 0 51279.861161361194
 60 0 46 3 1 0 51859.34120289908
 61 0 46 3 1 0 52497.186230743566
 62 0 40 9 1 0 52575.36044458473
 63 0 43 6 1 0 52892.68632224388
 64 0 42 7 1 0 53106.78032543365
 65 0 43 6 1 0 53389.77112878027
 66 0 42 7 1 0 53609.3996888465
 67 0 46 3 1 0 54200.50446659497
 68 0 47 2 1 0 54949.13936590083
 69 0 44 5 1 0 55326.0815923502
 70 0 40 9 1 0 55352.27691914829
 71 0 41 8 1 0 55507.64788847153
 72 0 46 3 1 0 56125.06186582392
 73 0 45 4 1 0 56579.33329049048
 74 0 39 10 1 0 56357.48035363231
 75 0 45 4 1 0 56825.6490373406
 76 0 45 4 1 0 57226.35463228941
 77 0 42 7 1 0 57303.825612610104
 78 0 46 3 1 0 57892.1431768276
 79 0 45 4 1 0 58387.313655191094
 80 0 41 8 1 0 58540.807966526154
 81 0 47 2 1 0 59223.2471818242
 82 0 46 3 1 0 59878.170747144824
 83 0 44 5 1 0 60228.651699555085
 84 0 38 11 1 0 60028.60060691224
 85 0 46 3 1 0 60603.234853345966
 86 0 47 2 1 0 61165.49268309193
 87 0 41 8 1 0 61066.29436382562
 88 0 43 6 1 0 61233.62391546354
 89 0 47 2 1 0 61899.92467510697
 90 0 46 3 1 0 62459.95782603293
 91 0 42 7 1 0 62760.897092952924
 92 0 46 3 1 0 63390.54954826164
 93 0 42 7 1 0 63652.790291087236
 94 0 46 3 1 0 64232.702094932065
 95 0 41 8 1 0 64297.71564756845
 96 0 44 5 1 0 64751.770961068425
 97 0 45 4 1 0 65253.17760723603
 98 0 40 9 1 0 65292.36858014777
 99 0 43 6 1 0 65522.90259214584
 100 0 41 8 1 0 65709.00910556922
 101 0 48 1 1 0 66574.12591300474
 102 0 46 3 1 0 67252.92689268608
 103 0 44 5 1 0 67730.486460444
 104 0 44 5 1 0 68202.38249738821
 105 0 40 9 1 0 68335.73019468802
 106 0 41 7 2 0 68557.41013984993
 107 0 42 6 2 0 68915.04788368632
 108 0 45 3 2 0 69554.88993135202
 109 0 43 5 2 0 70006.62097418583
 110 0 39 9 2 0 70063.05052378356
 111 0 44 4 2 0 70576.17566982382
 112 0 43 5 2 0 70880.1253726496
 113 0 44 5 1 0 71229.05114245717
 114 0 43 6 1 0 71545.40395973723
 115 0 40 8 2 0 71709.60487955711
 116 0 46 2 2 0 72394.68547029867
 117 0 45 3 2 0 72990.72601931082
 118 0 43 5 2 0 73374.26766529799
 119 0 40 8 2 0 73529.7139220381
 120 0 43 5 2 0 73823.39615672988
 121 0 39 8 3 0 73805.24200952546
 122 0 44 3 3 0 74292.5760755752
 123 0 43 4 3 0 74791.80602790337
 124 0 44 3 3 0 75259.5403964561
 125 0 43 4 3 0 75689.86447690432
 126 0 40 7 3 0 75807.70157612654
 127 0 44 3 3 0 76301.93901360841
 128 0 40 7 3 0 76444.35543084517
 129 0 40 7 3 0 76559.54153504525
 130 0 41 6 3 0 76757.47064775696
 131 0 43 4 3 0 77195.89656413223
 132 0 44 3 3 0 77738.70340946075
 133 0 43 4 3 0 78126.10711731383
 134 0 46 1 3 0 78865.1073256061
 135 0 43 4 3 0 79364.39516994175
 136 0 42 5 3 0 79780.4238806661
 137 0 43 4 3 0 80211.95028817658
 138 0 44 4 2 0 80716.08601183243
 139 0 41 7 2 0 80899.38630792167
 140 0 42 5 3 0 81233.45989245255
 141 0 42 5 3 0 81617.81031954467
 142 0 44 3 3 0 82143.30376731533
 143 0 44 3 3 0 82733.33527856889
 144 0 46 2 2 0 83569.18656415965
 145 0 46 3 1 0 84403.10191962782
 146 0 47 2 1 0 85298.2700424395
 147 0 45 4 1 0 86045.67167934641
 148 0 46 3 1 0 86931.61747133783
 149 0 48 1 1 0 87958.06890420459
 150 0 46 3 1 0 88833.90890612332
 151 0 44 5 1 0 89485.12108950419
 152 0 43 6 1 0 90105.94617631893
 153 0 43 6 1 0 90641.17802489894
 154 0 44 5 1 0 91275.28178472779
 155 0 43 6 1 0 91868.5289037324
 156 0 45 3 2 0 92674.37006609423
 157 0 47 1 2 0 93682.05986809602
 158 0 42 6 2 0 94204.36675593583
 159 0 41 7 2 0 94684.1414876529
 160 0 45 3 2 0 95479.87163960925
 161 0 46 3 1 0 96286.55606426646
 162 0 42 7 1 0 96699.58432332412
 163 0 44 5 1 0 97380.104929217
 164 0 46 3 1 0 98253.8203669329
 165 0 44 5 1 0 98981.31872787773
 166 0 47 2 1 0 99967.25441628502
 167 0 43 6 1 0 100571.81622817868
 168 0 44 5 1 0 101296.83829933025
 169 0 46 3 1 0 102265.77253812953
 170 0 49 0 1 0 103477.73670762072
 171 0 40 9 1 0 103905.66431133231
 172 0 47 2 1 0 104833.74326019343
 173 0 43 6 1 0 105418.51001304958
 174 0 47 2 1 0 106445.32799738906
 175 0 47 2 1 0 107450.80902567111
 176 0 41 8 1 0 107939.89347482467
 177 0 46 3 1 0 108866.52001659089
 178 0 47 2 1 0 109854.12462200725
 179 0 46 3 1 0 110745.26393803868
 180 0 47 2 1 0 111702.57439181914
 181 0 43 6 1 0 112239.13542523673
 182 0 45 4 1 0 112935.55698161872
 183 0 44 5 1 0 113556.55624445586
 184 0 43 5 2 0 114154.106753314
 185 0 44 4 2 0 114803.53130845395
 186 0 45 4 1 0 115519.60186538026
 187 0 47 2 1 0 116393.94897719318
 188 0 44 5 1 0 117110.35612471282
 189 0 46 3 1 0 117896.25013951032
 190 0 46 3 1 0 118833.34979887735
 191 0 45 4 1 0 119720.43116567664
 192 0 48 1 1 0 120804.7470469399
 193 0 44 5 1 0 121602.78491681673
 194 0 47 2 1 0 122548.55721776615
 195 0 45 4 1 0 123281.78805699639
 196 0 46 3 1 0 124046.80435170792
 197 0 44 5 1 0 124779.08052534025
 198 0 47 2 1 0 125750.25235327714
 199 0 46 3 1 0 126594.18989270939
 200 0 47 2 1 0 127615.78802215155
 201 0 43 6 1 0 128231.59221933382
 202 0 45 4 1 0 128973.59573334467
 203 0 47 2 1 0 129975.98859120764
 204 0 44 5 1 0 130664.4436203002
 205 0 45 4 1 0 131489.8121396207
 206 0 47 2 1 0 132380.07404551338
 207 0 44 5 1 0 133016.67976945848
 208 0 44 5 1 0 133655.00906472089
 209 0 47 2 1 0 134655.81071831382
 210 0 47 2 1 0 135618.3592093509
 211 0 47 2 1 0 136596.43472476516
 212 0 46 3 1 0 137517.3892291802
 213 0 47 2 1 0 138543.1166601085
 214 0 44 5 1 0 139256.51296576927
 215 0 47 2 1 0 140258.45836770278
 216 0 47 2 1 0 141324.44482082818
 217 0 44 5 1 0 142077.3920825576
 218 0 46 3 1 0 142998.78868851627
 219 0 45 4 1 0 143881.52221725567
 220 0 46 3 1 0 144757.97099534108
 221 0 40 9 1 0 145108.97945285676
 222 0 45 3 2 0 145968.23654435974
 223 0 46 2 2 0 146832.68309134134
 224 0 46 2 2 0 147778.43377983387
 225 0 46 3 1 0 148639.8235994428
 226 0 44 5 1 0 149312.62833917083
 227 0 44 5 1 0 149901.7632290496
 228 0 48 1 1 0 150929.35884395285
 229 0 47 2 1 0 151904.26879983358
 230 0 47 2 1 0 152866.51579265564
 231 0 47 2 1 0 153805.17073543754
 232 0 45 4 1 0 154632.56421156065
 233 0 47 2 1 0 155598.4871058118
 234 0 42 7 1 0 156065.56739841704
 235 0 47 2 1 0 157024.09803866566
 236 0 46 3 1 0 157992.07483449794
 237 0 44 5 1 0 158760.680893725
 238 0 47 2 1 0 159780.71720857653
 239 0 45 4 1 0 160594.34267141635
 240 0 43 6 1 0 161099.46123440866
 241 0 43 6 1 0 161650.9879837312
 242 0 42 7 1 0 162067.69087362188
 243 0 42 7 1 0 162514.19000156896
 244 0 46 3 1 0 163417.60899346892
 245 0 46 3 1 0 164346.19815647093
 246 0 45 4 1 0 165151.3215720543
 247 0 47 2 1 0 166142.15838140613
 248 0 42 7 1 0 166664.39624025422
 249 0 43 6 1 0 167224.9885817255
 250 0 44 5 1 0 167894.951309891
 251 0 44 5 1 0 168551.9744148457
 252 0 45 4 1 0 169324.1980649051
 253 0 44 5 1 0 169937.9794720576
 254 0 48 1 1 0 171027.16435576457
 255 0 47 2 1 0 171911.86726167417
 256 0 43 6 1 0 172533.05093019278
 257 0 46 3 1 0 173341.27949842328
 258 0 42 7 1 0 173935.28875598873
 259 0 39 10 1 0 174209.52670129872
 260 0 44 5 1 0 174919.8973148303
 261 0 48 1 1 0 175994.77994407303
 262 0 45 4 1 0 176786.0818836113
 263 0 45 4 1 0 177594.66599668018
 264 0 44 5 1 0 178242.6040792776
 265 0 45 4 1 0 178997.10504713817
 266 0 45 4 1 0 179760.6554988836
 267 0 43 6 1 0 180367.2004841429
 268 0 43 6 1 0 180947.72177940156
 269 0 42 7 1 0 181457.9543272977
 270 0 43 6 1 0 182009.7350243573
 271 0 44 5 1 0 182569.10794799813
 272 0 42 7 1 0 182970.62904442608
 273 0 45 4 1 0 183692.12781683364
 274 0 47 2 1 0 184697.3378209759
 275 0 43 6 1 0 185336.85209250433
 276 0 47 2 1 0 186329.72595838958
 277 0 45 4 1 0 187158.4091973619
 278 0 45 4 1 0 187904.7658930393
 279 0 45 4 1 0 188585.70968418167
 280 0 44 5 1 0 189192.61489253634
 281 0 44 5 1 0 189849.5920647726
 282 0 44 5 1 0 190550.49210260191
 283 0 44 5 1 0 191296.71739730358
 284 0 41 8 1 0 191655.33543589775
 285 0 42 7 1 0 192147.55298844873
 286 0 44 5 1 0 192726.13745726974
 287 0 44 5 1 0 193310.2662693353
 288 0 49 0 1 0 194506.82630632247
 289 0 45 4 1 0 195281.16316846097
 290 0 44 5 1 0 195999.2006764822
 291 0 44 5 1 0 196724.0457849017
 292 0 44 5 1 0 197415.20702724333
 293 0 45 4 1 0 198238.4324800831
 294 0 46 3 1 0 199094.39236334537
 295 0 45 4 1 0 199898.64448316913
 296 0 45 4 1 0 200701.85983319304
 297 0 42 7 1 0 201126.79311139154
 298 0 46 3 1 0 201773.66054349486
 299 0 41 8 1 0 202135.97431693238
 300 0 49 0 1 0 203264.67892704456
 301 0 46 3 1 0 204062.21482424173
 302 0 44 5 1 0 204858.75974756439
 303 0 45 4 1 0 205609.13115844506
 304 0 44 5 1 0 206273.1923252312
 305 0 46 3 1 0 207121.57948677026
 306 0 42 7 1 0 207624.82357734078
 307 0 44 5 1 0 208402.28844146186
 308 0 47 2 1 0 209424.75677031177
 309 0 45 4 1 0 210306.93117297758
 310 0 47 2 1 0 211342.21890408624
 311 0 45 4 1 0 212193.14603172205
 312 0 37 12 1 0 212361.4689531368
 313 0 48 1 1 0 213427.34993905504
 314 0 44 5 1 0 214125.3494346363
 315 0 46 3 1 0 214947.13597363784
 316 0 45 4 1 0 215663.13658790317
 317 0 47 2 1 0 216665.31715602518
 318 0 47 2 1 0 217617.02161394455
 319 0 44 5 1 0 218418.0489137085
 320 0 43 6 1 0 219055.6363507865
 321 0 45 4 1 0 219878.12968710047
 322 0 46 3 1 0 220790.93573515167
 323 0 47 2 1 0 221783.04843773355
 324 0 48 1 1 0 222877.9559070927
 325 0 42 7 1 0 223451.0258061004
 326 0 43 6 1 0 224154.1544173295
 327 0 42 7 1 0 224773.2701589219
 328 0 44 5 1 0 225502.27683359713
 329 0 45 4 1 0 226232.850909629
 330 0 45 4 1 0 227041.29661397665
 331 0 44 5 1 0 227762.93641966657
 332 0 47 2 1 0 228772.50917406197
 333 0 47 2 1 0 229851.49676219595
 334 0 46 3 1 0 230759.79956297533
 335 0 41 8 1 0 231275.41313362613
 336 0 44 5 1 0 232160.24286406412
 337 0 48 1 1 0 233430.04237556204
 338 0 44 5 1 0 234297.5395483042
 339 0 45 4 1 0 235198.08712780726
 340 0 43 6 1 0 235930.0145542505
 341 0 46 3 1 0 236918.43256641604
 342 0 44 5 1 0 237682.0810388583
 343 0 45 4 1 0 238453.1197653848
 344 0 47 2 1 0 239485.4878997862
 345 0 46 3 1 0 240460.96758632752
 346 0 47 2 1 0 241483.34408618216
 347 0 44 5 1 0 242267.37593899242
 348 0 47 2 1 0 243306.985782652
 349 0 47 2 1 0 244269.2812560754
 350 0 42 7 1 0 244776.35667450126
 351 0 49 0 1 0 245996.28112430754
 352 0 44 5 1 0 246689.58987923161
 353 0 46 3 1 0 247545.1062421434
 354 0 48 1 1 0 248661.01090431408
 355 0 44 5 1 0 249468.74712357402
 356 0 47 2 1 0 250569.43881195833
 357 0 43 6 1 0 251275.8410858473
 358 0 45 4 1 0 252117.19106901006
 359 0 45 4 1 0 252994.01091338083
 360 0 49 0 1 0 254259.22016622082
 361 0 45 4 1 0 255113.93468473892
 362 0 46 3 1 0 256049.18771479907
 363 0 46 3 1 0 257017.7426356554
 364 0 46 3 1 0 257973.28690709398
 365 0 48 1 1 0 259068.22875129807
 366 0 45 4 1 0 259898.68806916923
 367 0 44 5 1 0 260639.94829794098
 368 0 48 1 1 0 261780.4485085887
 369 0 45 4 1 0 262584.284559856
 370 0 43 6 1 0 263252.1484171674
 371 0 45 4 1 0 264215.15989005024
 372 0 49 0 1 0 265454.1210644808
 373 0 45 4 1 0 266297.5892143114
 374 0 47 2 1 0 267328.1491675102
 375 0 44 5 1 0 268207.00030400296
 376 0 47 2 1 0 269326.99533458496
 377 0 44 5 1 0 270139.9022316335
 378 0 49 0 1 0 271416.2397443669
 379 0 46 3 1 0 272330.51448925596
 380 0 44 5 1 0 273248.6697294536
 381 0 48 1 1 0 274428.73650937824
 382 0 49 0 1 0 275691.3152834963
 383 0 47 2 1 0 276660.1096796174
 384 0 45 4 1 0 277566.57763472974
 385 0 45 4 1 0 278546.6804167027
 386 0 45 4 1 0 279397.3664565069
 387 0 45 4 1 0 280323.31331449875
 388 0 48 1 1 0 281526.7140306263
 389 0 45 4 1 0 282383.0604287088
 390 0 48 1 1 0 283561.8760948986
 391 0 46 3 1 0 284543.3470442833
 392 0 46 3 1 0 285527.7306490203
 393 0 46 3 1 0 286464.23562423757
 394 0 44 5 1 0 287234.1438395711
 395 0 45 4 1 0 287991.4510382279
 396 0 46 3 1 0 288895.3615619041
 397 0 44 5 1 0 289574.26629000215
 398 0 47 2 1 0 290580.68488161085
 399 0 43 6 1 0 291237.6040333707
 400 0 47 2 1 0 292180.6123766558
 401 0 44 5 1 0 292886.1922889391
 402 0 48 1 1 0 293959.31799984456
 403 0 43 6 1 0 294554.2474197066
 404 0 46 3 1 0 295375.2350167846
 405 0 46 3 1 0 296203.05888848647
 406 0 47 2 1 0 297306.3528889912
 407 0 48 1 1 0 298476.188040718
 408 0 44 5 1 0 299326.8998875938
 409 0 45 4 1 0 300293.1490901235
 410 0 47 2 1 0 301339.3805671433
 411 0 47 2 1 0 302345.95437052066
 412 0 46 3 1 0 303211.1128708286
 413 0 45 4 1 0 303978.1732736639
 414 0 45 4 1 0 304826.36149377236
 415 0 47 2 1 0 305857.65277454496
 416 0 45 4 1 0 306726.58072449645
 417 0 43 6 1 0 307364.86157973506
 418 0 48 1 1 0 308498.5630819948
 419 0 45 4 1 0 309293.5415164683
 420 0 45 4 1 0 310138.9278875798
 421 0 45 4 1 0 310958.04384943476
 422 0 46 3 1 0 311805.2824938995
 423 0 46 3 1 0 312664.80259126
 424 0 47 2 1 0 313673.93576981506
 425 0 45 4 1 0 314507.53583406407
 426 0 45 4 1 0 315280.2242017758
 427 0 43 6 1 0 315860.98662147
 428 0 48 1 1 0 316870.25447153277
 429 0 40 9 1 0 317298.20659342257
 430 0 47 2 1 0 318303.4659174226
 431 0 46 3 1 0 319197.56918582803
 432 0 46 3 1 0 320171.16813511244
 433 0 48 1 1 0 321291.1192497145
 434 0 40 9 1 0 321688.1626017407
 435 0 47 2 1 0 322761.47857786453
 436 0 46 3 1 0 323763.77210012963
 437 0 46 3 1 0 324770.12183548795
 438 0 44 5 1 0 325520.02983283706
 439 0 45 4 1 0 326367.5074894601
 440 0 47 2 1 0 327421.70653935795
 441 0 44 5 1 0 328187.16987369885
 442 0 45 4 1 0 329039.4082991572
 443 0 42 7 1 0 329677.8583110059
 444 0 47 2 1 0 330694.65154221153
 445 0 48 1 1 0 331856.61049792694
 446 0 46 3 1 0 332860.76333221956
 447 0 44 5 1 0 333681.54677403806
 448 0 46 3 1 0 334563.3924692493
 449 0 43 6 1 0 335234.74023283226
 450 0 47 2 1 0 336250.3064956086
 451 0 45 4 1 0 337144.5600920753
 452 0 45 4 1 0 338045.7695298786
 453 0 42 7 1 0 338718.9312484268
 454 0 47 2 1 0 339837.81422300613
 455 0 46 3 1 0 340764.54143072636
 456 0 46 3 1 0 341763.9106258584
 457 0 42 7 1 0 342337.74366237054
 458 0 43 5 2 0 343057.8336254846
 459 0 44 5 1 0 343823.3681839285
 460 0 43 5 2 0 344597.1906419226
 461 0 47 2 1 0 345543.5279403148
 462 0 47 2 1 0 346542.9674186308
 463 0 48 1 1 0 347680.5449768037
 464 0 40 9 1 0 347962.1162225508
 465 0 43 6 1 0 348508.08257366344
 466 0 43 6 1 0 349105.5051057413
 467 0 48 1 1 0 350097.5677918382
 468 0 45 4 1 0 350933.6176515381
 469 0 44 5 1 0 351698.61567469634
 470 0 43 6 1 0 352332.5146327307
 471 0 42 7 1 0 352798.30391849467
 472 0 42 7 1 0 353305.9824764483
 473 0 43 6 1 0 353915.8178352886
 474 0 48 1 1 0 354953.4487067797
 475 0 42 7 1 0 355467.67051351705
 476 0 46 3 1 0 356316.0011841505
 477 0 43 6 1 0 356911.4089068488
 478 0 47 2 1 0 357826.5291648075
 479 0 45 4 1 0 358617.47281688807
 480 0 35 14 1 0 358104.9818495449
 481 0 44 5 1 0 358532.7441113011
 482 0 44 5 1 0 358913.98832014436
 483 0 46 2 2 0 359593.2401280602
 484 0 43 5 2 0 359954.6148341995
 485 0 44 4 2 0 360413.3014300176
 486 0 44 5 1 0 360868.0783560589
 487 0 47 2 1 0 361540.07502204
 488 0 44 5 1 0 361920.70947932504
 489 0 45 4 1 0 362481.98582612217
 490 0 45 4 1 0 362968.8671049305
 491 0 47 2 1 0 363693.98464682966
 492 0 46 2 2 0 364487.52361831476
 493 0 42 6 2 0 364930.41165724164
 494 0 44 4 2 0 365535.2418580421
 495 0 44 4 2 0 366041.7011162413
 496 0 43 5 2 0 366397.84248163394
 497 0 44 4 2 0 366989.62595860637
 498 0 44 5 1 0 367537.9896828156
 499 0 46 3 1 0 368237.5181853356
 500 0 48 1 1 0 368981.7119439268
 501 0 46 3 1 0 369553.50705979695
 502 0 44 5 1 0 369922.0934965991
 503 0 43 6 1 0 370108.0270548168
 504 0 48 1 1 0 370726.5571389539
 505 0 47 2 1 0 371363.10734826454
 506 0 46 3 1 0 371992.9467400672
 507 0 45 4 1 0 372678.5650262199
 508 0 46 3 1 0 373292.9917098765
 509 0 45 4 1 0 373919.4006772972
 510 0 48 1 1 0 374694.77148431557
 511 0 47 2 1 0 375457.1206629721
 512 0 45 4 1 0 376067.4424646702
 513 0 47 2 1 0 376687.1294467279
 514 0 44 5 1 0 377109.58855750377
 515 0 47 2 1 0 377821.4482660083
 516 0 45 4 1 0 378322.5777021719
 517 0 41 8 1 0 378373.67017540144
 518 0 48 1 1 0 379089.653954521
 519 0 48 1 1 0 379874.69079193927
 520 0 46 3 1 0 380415.3429509492
 521 0 46 3 1 0 380970.28780332307
 522 0 45 4 1 0 381457.59093107126
 523 0 48 1 1 0 382296.86663967266
 524 0 48 1 1 0 383102.34856802964
 525 0 48 1 1 0 383804.73068573547
 526 0 46 3 1 0 384325.1592141068
 527 0 45 4 1 0 384712.63024640316
 528 0 46 3 1 0 385223.30847420084
 529 0 45 4 1 0 385735.5399430855
 530 0 45 4 1 0 386154.39735987835
 531 0 45 4 1 0 386633.1836578375
 532 0 48 1 1 0 387391.1047968452
 533 0 45 4 1 0 387864.81307418545
 534 0 44 5 1 0 388302.42148186895
 535 0 47 2 1 0 389095.59083461197
 536 0 49 0 1 0 390083.0994727726
 537 0 48 1 1 0 390985.9500899334
 538 0 45 4 1 0 391519.6368652383
 539 0 44 5 1 0 391940.7118403285
 540 0 48 1 1 0 392754.41732743836
 541 0 42 7 1 0 393024.17475187324
 542 0 43 6 1 0 393423.7433607389
 543 0 47 2 1 0 394160.1424481747
 544 0 45 3 2 0 394819.3910963028
 545 0 44 4 2 0 395320.6640148279
 546 0 45 3 2 0 395944.0871218072
 547 0 44 4 2 0 396477.17714598565
 548 0 40 8 2 0 396629.6820888181
 549 0 48 0 2 0 397544.4583716997
 550 0 44 4 2 0 398124.07431908476
 551 0 46 2 2 0 398788.81559496914
 552 0 44 4 2 0 399371.6092927325
 553 0 45 3 2 0 400068.9660276529
 554 0 46 2 2 0 400789.45336887
 555 0 42 6 2 0 401131.36168519454
 556 0 45 2 3 0 401867.44905734167
 557 0 43 5 2 0 402429.51974445925
 558 0 46 1 3 0 403217.1068318583
 559 0 41 6 3 0 403513.6641045519
 560 0 45 2 3 0 404150.2500186779
 561 0 43 4 3 0 404661.87907972536
 562 0 43 4 3 0 405190.9997668903
 563 0 45 2 3 0 406025.4728532429
 564 0 44 3 3 0 406732.85064043617
 565 0 47 0 3 0 407681.91601913003
 566 0 43 4 3 0 408324.4953353479
 567 0 43 4 3 0 408890.34378829657
 568 0 45 2 3 0 409613.5444462474
 569 0 43 4 3 0 410138.9489138255
 570 0 40 7 3 0 410328.6711977277
 571 0 40 7 3 0 410553.25346123375
 572 0 45 2 3 0 411292.6792598285
 573 0 45 2 3 0 411899.9956191105
 574 0 47 0 3 0 412790.68890308373
 575 0 41 6 3 0 413134.094004251
 576 0 44 3 3 0 413660.6783534395
 577 0 44 3 3 0 414243.74906380393
 578 0 42 5 3 0 414673.5539555372
 579 0 44 3 3 0 415281.1848346706
 580 0 41 6 3 0 415606.07860823965
 581 0 41 6 3 0 415897.31935669936
 582 0 42 2 6 0 416671.4890993157
 583 0 44 2 4 0 417461.4436693154
 584 0 43 2 5 0 418169.7074849127
 585 0 42 3 5 0 418770.5472162164
 586 0 40 5 5 0 419157.311718001
 587 0 43 2 5 0 419824.2901161273
 588 0 41 4 5 0 420265.8580482442
 589 0 40 5 5 0 420707.73243324563
 590 0 42 3 5 0 421258.7035340175
 591 0 43 2 5 0 421852.38620373985
 592 0 39 6 5 0 422067.48491255095
 593 0 41 4 5 0 422554.11638469115
 594 0 44 1 5 0 423298.0080281596
 595 0 42 3 5 0 423924.4048228971
 596 0 43 2 5 0 424669.8707938276
 597 0 43 2 5 0 425323.7476184993
 598 0 41 4 5 0 425873.30451471463
 599 0 43 2 5 0 426626.91989287065
 600 0 40 5 5 0 427128.48139191454
 601 0 41 4 5 0 427622.9126161883
 602 0 40 5 5 0 427885.55922495236
 603 0 39 6 5 0 428156.00214960234
 604 0 44 1 5 0 428974.5911971068
 605 0 44 1 5 0 429690.7818729798
 606 0 43 2 5 0 430331.2289945335
 607 0 39 6 5 0 430742.0873137638
 608 0 44 1 5 0 431499.4739012825
 609 0 41 4 5 0 431987.1077735184
 610 0 43 2 5 0 432619.1123340661
 611 0 41 4 5 0 433124.57818303874
 612 0 43 2 5 0 433788.71578442695
 613 0 40 5 5 0 434136.8895084623
 614 0 41 4 5 0 434719.46438294416
 615 0 44 1 5 0 435520.4649080198
 616 0 42 3 5 0 436102.4319318128
 617 0 39 6 5 0 436487.2552616298
 618 0 42 3 5 0 437135.24160479906
 619 0 43 2 5 0 437869.9570000805
 620 0 41 4 5 0 438328.62251926097
 621 0 44 1 5 0 439018.83286089264
 622 0 41 4 5 0 439509.3897173308
 623 0 43 2 5 0 440184.90615300415
 624 0 40 5 5 0 440601.04826958233
 625 0 44 1 5 0 441383.646099375
 626 0 40 5 5 0 441832.9848027075
 627 0 42 3 5 0 442412.4698481211
 628 0 41 4 5 0 442893.4972534409
 629 0 41 4 5 0 443350.8491054807
 630 0 42 3 5 0 443977.50528264756
 631 0 41 4 5 0 444530.38229777024
 632 0 40 5 5 0 444991.1762267176
 633 0 43 2 5 0 445754.3096616181
 634 0 42 3 5 0 446252.3637099937
 635 0 39 6 5 0 446587.8124646289
 636 0 43 2 5 0 447120.25342481537
 637 0 42 3 5 0 447704.0544507701
 638 0 38 7 5 0 447934.590479961
 639 0 44 1 5 0 448732.8072202334
 640 0 40 5 5 0 449132.57992748765
 641 0 42 3 5 0 449632.0310149408
 642 0 43 2 5 0 450271.9164078224
 643 0 41 4 5 0 450695.2902390794
 644 0 43 2 5 0 451306.28663696354
 645 0 42 3 5 0 451830.3226289795
 646 0 44 1 5 0 452545.2506245616
 647 0 41 4 5 0 453081.3598517241
 648 0 43 2 5 0 453746.0444952731
 649 0 40 5 5 0 454185.3506911274
 650 0 42 3 5 0 454696.16768565885
 651 0 42 3 5 0 455338.22482332285
 652 0 43 2 5 0 455997.7634514997
 653 0 41 4 5 0 456506.03316580696
 654 0 40 5 5 0 456911.19867989374
 655 0 43 2 5 0 457655.47798481106
 656 0 40 5 5 0 458029.9874755154
 657 0 43 2 5 0 458733.5905152431
 658 0 43 2 5 0 459460.0098317888
 659 0 43 2 5 0 460228.1348549072
 660 0 38 7 5 0 460429.6723918854
 661 0 41 4 5 0 460887.072618029
 662 0 42 3 5 0 461477.9138989027
 663 0 41 4 5 0 462001.6526845943
 664 0 41 4 5 0 462548.4059854585
 665 0 43 2 5 0 463322.4929435828
 666 0 42 3 5 0 463980.4698815185
 667 0 42 3 5 0 464656.4775348399
 668 0 42 3 5 0 465290.3172139352
 669 0 42 3 5 0 465822.5683135637
 670 0 44 1 5 0 466594.6662652732
 671 0 41 4 5 0 467094.4916704048
 672 0 43 2 5 0 467855.29762217635
 673 0 42 3 5 0 468447.48867203965
 674 0 39 6 5 0 468788.4669809615
 675 0 43 2 5 0 469419.73352792434
 676 0 36 9 5 0 469310.75620329427
 677 0 42 3 5 0 469837.163829246
 678 0 41 4 5 0 470334.38969412027
 679 0 43 2 5 0 470962.452324959
 680 0 42 3 5 0 471591.5187168723
 681 0 43 2 5 0 472237.56217744877
 682 0 42 3 5 0 472774.77246375533
 683 0 38 7 5 0 472946.1351031347
 684 0 40 5 5 0 473341.10167415795
 685 0 43 2 5 0 474060.1737880795
 686 0 44 1 5 0 474815.9920789559
 687 0 41 4 5 0 475319.64468928473
 688 0 42 3 5 0 475854.80033464776
 689 0 39 6 5 0 476084.49002207257
 690 0 43 2 5 0 476773.7912904407
 691 0 43 2 5 0 477419.7766147456
 692 0 44 1 5 0 478167.87890249357
 693 0 41 4 5 0 478603.5798865294
 694 0 40 5 5 0 478945.7430474008
 695 0 42 3 5 0 479465.53522614785
 696 0 39 6 5 0 479800.7144474661
 697 0 43 2 5 0 480561.84380266926
 698 0 41 4 5 0 481081.88219027256
 699 0 45 0 5 0 481906.16230574803
 700 0 43 2 5 0 482422.9377733273
 701 0 39 6 5 0 482629.5287704047
 702 0 39 6 5 0 482945.8775737296
 703 0 43 2 5 0 483495.8260216865
 704 0 40 5 5 0 483776.6250606949
 705 0 39 6 5 0 484027.53960417816
 706 0 41 4 5 0 484395.61174093955
 707 0 40 5 5 0 484692.8716238035
 708 0 43 2 5 0 485385.6865964087
 709 0 40 5 5 0 485698.0435667922
 710 0 41 4 5 0 486154.98621737113
 711 0 45 0 5 0 487046.6802487501
 712 0 42 3 5 0 487702.8580927927
 713 0 42 3 5 0 488206.7191303349
 714 0 41 4 5 0 488551.56029995956
 715 0 39 6 5 0 488751.5027722822
 716 0 39 6 5 0 489125.3135820612
 717 0 42 3 5 0 489597.63776574144
 718 0 40 5 5 0 489920.92136322707
 719 0 44 1 5 0 490632.3003585594
 720 0 25 20 5 0 489001.20754548395
 721 0 44 1 5 0 488998.87239928625
 722 0 42 3 5 0 488863.3927581206
 723 0 42 3 5 0 488793.53064804623
 724 0 44 1 5 0 488872.17568718526
 725 0 43 2 5 0 488873.2578785906
 726 0 43 2 5 0 488796.7387558002
 727 0 42 3 5 0 488687.4083581553
 728 0 42 2 6 0 488666.7501007726
 729 0 44 1 5 0 488714.6473112379
 730 0 43 2 5 0 488610.19448035635
 731 0 41 3 6 0 488516.9407211414
 732 0 43 1 6 0 488620.8218600364
 733 0 42 2 6 0 488504.1663562655
 734 0 43 1 6 0 488629.2879385804
 735 0 42 3 5 0 488445.26233864593
 736 0 45 0 5 0 488704.75006905966
 737 0 44 1 5 0 488799.91937236063
 738 0 41 4 5 0 488651.9999216459
 739 0 43 2 5 0 488655.5203782294
 740 0 42 3 5 0 488551.98229829915
 741 0 42 3 5 0 488398.2593829179
 742 0 45 0 5 0 488580.72702355625
 743 0 43 2 5 0 488634.31168602646
 744 0 44 1 5 0 488721.31653958134
 745 0 42 3 5 0 488700.7332382861
 746 0 42 3 5 0 488701.01645047724