 "ticks" "state 0" "state 1" "state 2" "state 3" "state 4" "bioenergy success"
 0 0 50 0 0 0 27173.97500000001
 1 0 50 0 0 0 27982.99744497331
 2 0 50 0 0 0 28723.364116663077
 3 0 50 0 0 0 29487.63804510279
 4 0 50 0 0 0 30287.593914296358
 5 0 46 4 0 0 30746.669705504773
 6 0 48 2 0 0 31533.24782044864
 7 0 42 8 0 0 31789.97315906669
 8 0 48 2 0 0 32449.8072280263
 9 0 46 4 0 0 32994.614648198396
 10 0 46 4 0 0 33481.625938269965
 11 0 40 10 0 0 33557.49769586884
 12 0 45 5 0 0 34028.51535874789
 13 0 44 6 0 0 34374.87452673975
 14 0 46 4 0 0 34895.118135275065
 15 0 42 8 0 0 35037.92723281546
 16 0 43 7 0 0 35222.192957355415
 17 0 45 5 0 0 35607.31827993914
 18 0 47 3 0 0 36155.44988520698
 19 0 46 4 0 0 36651.05333771454
 20 0 46 4 0 0 37033.999000279524
 21 0 43 7 0 0 37236.86659476237
 22 0 45 5 0 0 37593.266864446254
 23 0 43 7 0 0 37810.2258220041
 24 0 46 4 0 0 38425.09984924432
 25 0 45 5 0 0 38794.34615827863
 26 0 44 6 0 0 39100.489981611
 27 0 47 3 0 0 39716.64053612013
 28 0 43 7 0 0 39994.197301492044
 29 0 47 3 0 0 40696.1322654256
 30 0 45 5 0 0 41124.20072151704
 31 0 46 4 0 0 41677.08232204264
 32 0 50 0 0 0 42579.9984625565
 33 0 44 6 0 0 42867.59437061128
 34 0 46 4 0 0 43335.36484268554
 35 0 47 3 0 0 43932.3444886141
 36 0 45 5 0 0 44315.37602106529
 37 0 44 6 0 0 44532.47437503258
 38 0 45 5 0 0 44991.25230778561
 39 0 43 7 0 0 45243.66428321302
 40 0 46 4 0 0 45807.249208942696
 41 0 46 4 0 0 46282.36876912197
 42 0 45 5 0 0 46597.92972540253
 43 0 46 4 0 0 46996.65363559343
 44 0 46 4 0 0 47402.88121847311
 45 0 47 3 0 0 47938.404891647835
 46 0 44 6 0 0 48234.14669064872
 47 0 46 4 0 0 48724.50108354614
 48 0 46 4 0 0 49320.09161931071
 49 0 47 3 0 0 49890.619442510084
 50 0 43 7 0 0 50167.960490884565
 51 0 45 5 0 0 50604.5050801994
 52 0 43 7 0 0 50778.091456395254
 53 0 46 4 0 0 51310.7866010813
 54 0 46 4 0 0 51857.6723811986
 55 0 47 3 0 0 52484.55273328366
 56 0 49 1 0 0 53277.095881634494
 57 0 46 4 0 0 53778.18525044539
 58 0 46 4 0 0 54319.64137153307
 59 0 45 5 0 0 54777.37381251532
 60 0 41 9 0 0 54719.97218180562
 61 0 47 3 0 0 55307.491568344274
 62 0 46 4 0 0 55803.93489242218
 63 0 45 5 0 0 56163.55707282657
 64 0 46 4 0 0 56689.18930603084
 65 0 46 4 0 0 57199.29121869715
 66 0 44 6 0 0 57559.579201513545
 67 0 44 6 0 0 57926.217792480325
 68 0 50 0 0 0 58834.431802068284
 69 0 46 4 0 0 59337.34942624276
 70 0 44 6 0 0 59733.9771569251
 71 0 43 7 0 0 59998.6772884054
 72 0 47 3 0 0 60575.493385057685
 73 0 44 6 0 0 60904.64447616166
 74 0 45 5 0 0 61393.53806442439
 75 0 48 2 0 0 62047.90596018865
 76 0 47 3 0 0 62530.71898192534
 77 0 45 5 0 0 62906.600864168235
 78 0 47 3 0 0 63510.237002845846
 79 0 49 1 0 0 64337.93397516727
 80 0 46 4 0 0 64906.01297356538
 81 0 44 6 0 0 65273.04896577838
 82 0 44 6 0 0 65620.48231346718
 83 0 49 1 0 0 66321.2353239973
 84 0 44 6 0 0 66608.95247822862
 85 0 44 6 0 0 67002.21944525636
 86 0 43 7 0 0 67289.5734376179
 87 0 44 6 0 0 67478.79733464323
 88 0 47 3 0 0 68116.48098634332
 89 0 45 5 0 0 68576.89035014836
 90 0 45 5 0 0 69088.33364322178
 91 0 44 6 0 0 69515.57312971645
 92 0 45 5 0 0 69958.72628792356
 93 0 43 7 0 0 70221.32645130748
 94 0 48 2 0 0 70927.22385733009
 95 0 47 3 0 0 71608.8938721002
 96 0 46 4 0 0 72197.05484515896
 97 0 45 5 0 0 72784.68593236897
 98 0 45 5 0 0 73291.50356420866
 99 0 45 5 0 0 73823.96840982937
 100 0 44 6 0 0 74218.25947732251
 101 0 46 4 0 0 74864.47999162128
 102 0 43 7 0 0 75201.89036047214
 103 0 45 5 0 0 75729.54303556352
 104 0 39 11 0 0 75644.52887089722
 105 0 46 4 0 0 76209.77302109366
 106 0 47 3 0 0 76840.3262999156
 107 0 47 3 0 0 77494.98258789832
 108 0 46 4 0 0 78110.23613350754
 109 0 43 7 0 0 78433.88091307372
 110 0 45 5 0 0 78857.07249648319
 111 0 45 5 0 0 79273.11511691977
 112 0 43 7 0 0 79609.67288976001
 113 0 49 1 0 0 80542.94161193115
 114 0 43 7 0 0 80840.81154040614
 115 0 44 6 0 0 81256.6036228198
 116 0 44 6 0 0 81599.6555799415
 117 0 45 5 0 0 81971.30324946082
 118 0 49 1 0 0 82702.38065049796
 119 0 46 4 0 0 83262.99319751153
 120 0 45 5 0 0 83718.61053616586
 121 0 42 8 0 0 83981.4970759058
 122 0 47 3 0 0 84676.60086559565
 123 0 44 6 0 0 85017.58704961908
 124 0 46 4 0 0 85541.64789320063
 125 0 50 0 0 0 86513.73097396299
 126 0 44 6 0 0 86850.02865351304
 127 0 43 7 0 0 87100.13734593573
 128 0 46 4 0 0 87565.71228205724
 129 0 47 3 0 0 88225.9154400727
 130 0 42 8 0 0 88414.15183016693
 131 0 44 6 0 0 88778.26097483482
 132 0 48 2 0 0 89545.20505069775
 133 0 48 2 0 0 90361.99438565804
 134 0 41 9 0 0 90514.23373310352
 135 0 44 6 0 0 90876.84787034897
 136 0 47 3 0 0 91491.42557933406
 137 0 42 8 0 0 91646.85959401586
 138 0 47 3 0 0 92356.46884044308
 139 0 47 3 0 0 92965.54396524819
 140 0 44 6 0 0 93381.43925453289
 141 0 46 4 0 0 93991.70282848674
 142 0 42 8 0 0 94259.04460368863
 143 0 42 8 0 0 94415.9355438269
 144 0 42 8 0 0 94832.74887081968
 145 0 48 2 0 0 95827.01765119506
 146 0 48 2 0 0 96741.16650400007
 147 0 46 4 0 0 97571.59319202123
 148 0 48 2 0 0 98582.82025885241
 149 0 46 4 0 0 99277.73344165299
 150 0 48 2 0 0 100213.81236622551
 151 0 44 6 0 0 100890.48697120542
 152 0 43 7 0 0 101498.81025567476
 153 0 48 2 0 0 102503.94165697783
 154 0 46 4 0 0 103292.89289425791
 155 0 48 2 0 0 104293.49393522939
 156 0 46 4 0 0 105061.04810778571
 157 0 46 4 0 0 105833.05335196684
 158 0 47 3 0 0 106768.44799324179
 159 0 48 2 0 0 107859.18406019293
 160 0 47 3 0 0 108845.56190340954
 161 0 47 3 0 0 109747.32362000758
 162 0 46 4 0 0 110511.67831034592
 163 0 44 6 0 0 111070.14491451331
 164 0 46 4 0 0 111861.97731179716
 165 0 46 4 0 0 112675.61986220632
 166 0 46 4 0 0 113438.9660009624
 167 0 44 6 0 0 114045.83291742044
 168 0 47 3 0 0 114876.78138510518
 169 0 50 0 0 0 116073.86842627729
 170 0 46 4 0 0 116938.16490370747
 171 0 47 3 0 0 117934.4229585582
 172 0 45 5 0 0 118710.56206372222
 173 0 48 2 0 0 119770.16331774674
 174 0 49 1 0 0 120848.94001753238
 175 0 50 0 0 0 122074.97692583123
 176 0 45 5 0 0 122812.88545459503
 177 0 47 3 0 0 123590.54955262346
 178 0 43 7 0 0 124140.94143295987
 179 0 50 0 0 0 125275.66795509534
 180 0 46 4 0 0 126071.95651983617
 181 0 45 5 0 0 126848.08733124501
 182 0 48 2 0 0 127809.13642342263
 183 0 45 5 0 0 128592.46881654445
 184 0 49 1 0 0 129650.11646189053
 185 0 43 7 0 0 130086.49159691454
 186 0 45 5 0 0 130900.00409779932
 187 0 47 3 0 0 131931.43336442893
 188 0 47 3 0 0 132904.80159882412
 189 0 49 1 0 0 134011.81815903174
 190 0 41 9 0 0 134379.86778163462
 191 0 47 3 0 0 135261.94126297525
 192 0 47 3 0 0 136105.2068028852
 193 0 49 1 0 0 137058.79888274273
 194 0 48 2 0 0 138003.15576759275
 195 0 44 6 0 0 138577.58402840694
 196 0 48 2 0 0 139553.73156911417
 197 0 49 1 0 0 140638.01017223342
 198 0 44 6 0 0 141274.32288626733
 199 0 46 4 0 0 142063.69884214134
 200 0 47 3 0 0 142792.8543003976
 201 0 47 3 0 0 143673.88529126474
 202 0 48 2 0 0 144624.61737031792
 203 0 48 2 0 0 145585.6340223009
 204 0 44 6 0 0 146238.45741487975
 205 0 47 3 0 0 147122.84336796214
 206 0 47 3 0 0 147921.81805867035
 207 0 45 5 0 0 148624.51590902955
 208 0 47 3 0 0 149459.95907504836
 209 0 44 6 0 0 150066.0696877755
 210 0 46 4 0 0 150930.14395968872
 211 0 47 3 0 0 151844.75918381073
 212 0 47 3 0 0 152778.28940093121
 213 0 47 3 0 0 153804.12077655533
 214 0 48 2 0 0 154874.1174827933
 215 0 47 3 0 0 155779.0051254732
 216 0 47 3 0 0 156724.1572854577
 217 0 44 6 0 0 157367.43165760895
 218 0 48 2 0 0 158287.95183345219
 219 0 47 3 0 0 159143.50647226424
 220 0 45 5 0 0 159851.17948520614
 221 0 49 1 0 0 160958.65227216814
 222 0 49 1 0 0 162029.3007704008
 223 0 48 2 0 0 162998.03042989678
 224 0 45 5 0 0 163636.72141366362
 225 0 48 2 0 0 164582.6142526668
 226 0 46 4 0 0 165367.8360298193
 227 0 47 3 0 0 166315.05876422382
 228 0 46 4 0 0 167151.8754774064
 229 0 48 2 0 0 168105.7999167142
 230 0 49 1 0 0 169104.91166641377
 231 0 48 2 0 0 170016.25324907433
 232 0 48 2 0 0 170969.98377987632
 233 0 47 3 0 0 171803.69144471228
 234 0 42 8 0 0 172296.84235864508
 235 0 48 2 0 0 173318.97672656216
 236 0 48 2 0 0 174289.51421284897
 237 0 49 1 0 0 175416.49134230812
 238 0 46 4 0 0 176269.0421725394
 239 0 45 5 0 0 177011.18409757197
 240 0 40 10 0 0 177317.47121518105
 241 0 44 6 0 0 177875.43873684638
 242 0 47 3 0 0 178744.08087218794
 243 0 41 9 0 0 179039.04279380036
 244 0 42 8 0 0 179432.92869129233
 245 0 48 2 0 0 180377.71870508033
 246 0 45 5 0 0 181067.9647736162
 247 0 48 2 0 0 181990.7176730139
 248 0 38 12 0 0 182004.6228853211
 249 0 48 2 0 0 182876.49522332675
 250 0 43 7 0 0 183290.96051481648
 251 0 47 3 0 0 184171.01851804848
 252 0 48 2 0 0 185041.70056326303
 253 0 44 6 0 0 185521.1562651297
 254 0 45 5 0 0 186193.95332735364
 255 0 41 9 0 0 186405.2466220976
 256 0 47 3 0 0 187238.97179334037
 257 0 48 2 0 0 188150.12541387067
 258 0 43 7 0 0 188572.16204415963
 259 0 41 9 0 0 188851.03413222908
 260 0 48 2 0 0 189783.5651709286
 261 0 49 1 0 0 190821.9903029479
 262 0 44 6 0 0 191416.4324293058
 263 0 42 8 0 0 191838.57343405898
 264 0 41 9 0 0 192129.69729694707
 265 0 46 4 0 0 192913.3336178236
 266 0 47 3 0 0 193769.07588869333
 267 0 49 1 0 0 194810.65998566127
 268 0 45 5 0 0 195599.93153623573
 269 0 46 4 0 0 196440.5040175875
 270 0 44 6 0 0 197034.8141568851
 271 0 42 8 0 0 197394.54578323706
 272 0 46 4 0 0 198198.2884337008
 273 0 44 6 0 0 198738.9682865614
 274 0 45 5 0 0 199423.65093442323
 275 0 48 2 0 0 200378.4419755196
 276 0 43 7 0 0 200951.74856872283
 277 0 47 3 0 0 201822.66091773438
 278 0 43 7 0 0 202270.4419243588
 279 0 44 6 0 0 202874.24906777873
 280 0 46 4 0 0 203623.22900299152
 281 0 47 3 0 0 204496.7828765952
 282 0 48 2 0 0 205375.25942651797
 283 0 44 6 0 0 205887.1653215816
 284 0 43 7 0 0 206295.11019933954
 285 0 46 4 0 0 206978.79875552663
 286 0 45 5 0 0 207542.5916937519
 287 0 43 7 0 0 207957.9461765225
 288 0 49 1 0 0 208964.56458373473
 289 0 47 3 0 0 209893.2608901583
 290 0 41 9 0 0 210286.78682467184
 291 0 44 6 0 0 210930.08034587387
 292 0 46 4 0 0 211727.9815140627
 293 0 46 4 0 0 212554.8881354417
 294 0 49 1 0 0 213693.35158893
 295 0 49 1 0 0 214763.54510080165
 296 0 42 8 0 0 215227.2405423392
 297 0 44 6 0 0 215862.28920472306
 298 0 42 8 0 0 216412.14883470762
 299 0 49 1 0 0 217515.34420802115
 300 0 45 5 0 0 218141.5998348579
 301 0 47 3 0 0 219020.92230689657
 302 0 47 3 0 0 219858.9744194469
 303 0 42 8 0 0 220305.17795198076
 304 0 45 5 0 0 221021.9227723276
 305 0 47 3 0 0 221929.2475941403
 306 0 44 6 0 0 222599.93998129215
 307 0 44 6 0 0 223214.64951425194
 308 0 46 4 0 0 223997.8203363816
 309 0 44 6 0 0 224741.86081058267
 310 0 47 3 0 0 225716.99196009833
 311 0 47 3 0 0 226665.34973472726
 312 0 47 3 0 0 227692.2349982984
 313 0 44 6 0 0 228409.3852535535
 314 0 45 5 0 0 229245.53940197147
 315 0 44 6 0 0 229951.50127006238
 316 0 46 4 0 0 230860.00423536365
 317 0 48 2 0 0 231811.1680466091
 318 0 43 7 0 0 232470.14878225097
 319 0 45 5 0 0 233322.37318613942
 320 0 47 3 0 0 234254.5006803214
 321 0 45 5 0 0 234997.32102886558
 322 0 45 5 0 0 235784.45287150692
 323 0 47 3 0 0 236760.97723635283
 324 0 49 1 0 0 237837.10603042968
 325 0 43 7 0 0 238462.6945472297
 326 0 43 7 0 0 239070.61828140778
 327 0 47 3 0 0 240045.06786620058
 328 0 45 5 0 0 240795.57250300446
 329 0 45 5 0 0 241467.8489891857
 330 0 42 8 0 0 241982.43308176755
 331 0 46 4 0 0 242863.54109006576
 332 0 45 5 0 0 243593.3630831089
 333 0 47 3 0 0 244610.1661664365
 334 0 43 7 0 0 245241.06070945936
 335 0 47 3 0 0 246112.72338651484
 336 0 45 5 0 0 246777.16097995508
 337 0 48 2 0 0 247846.02913176286
 338 0 46 4 0 0 248675.01347285838
 339 0 38 12 0 0 248778.28731507246
 340 0 48 2 0 0 249705.12559719122
 341 0 45 5 0 0 250431.15355881295
 342 0 48 2 0 0 251511.57691548017
 343 0 43 7 0 0 252127.43057789307
 344 0 44 6 0 0 252861.88822445992
 345 0 45 5 0 0 253704.38537815318
 346 0 47 3 0 0 254670.19996758667
 347 0 43 7 0 0 255216.56881541462
 348 0 45 5 0 0 255894.8131310457
 349 0 41 9 0 0 256182.53568985235
 350 0 45 5 0 0 256896.73018922948
 351 0 43 7 0 0 257503.82311241087
 352 0 46 4 0 0 258429.3468973385
 353 0 45 5 0 0 259237.6671757275
 354 0 49 1 0 0 260410.0271414981
 355 0 48 2 0 0 261472.15858313962
 356 0 42 8 0 0 261943.94415793897
 357 0 47 3 0 0 262865.5660746809
 358 0 45 5 0 0 263550.06443015183
 359 0 47 3 0 0 264472.15527189616
 360 0 46 4 0 0 265352.52656222304
 361 0 45 5 0 0 266065.4339894865
 362 0 43 7 0 0 266541.77088825754
 363 0 47 3 0 0 267515.976823349
 364 0 48 2 0 0 268573.27307485614
 365 0 45 5 0 0 269295.3559262896
 366 0 44 6 0 0 269974.05270426424
 367 0 47 3 0 0 270853.5535385568
 368 0 44 6 0 0 271510.0556600253
 369 0 47 3 0 0 272425.82391341566
 370 0 44 6 0 0 273002.6029084546
 371 0 49 1 0 0 274093.44128807506
 372 0 47 3 0 0 274995.06354614854
 373 0 43 7 0 0 275439.3750460606
 374 0 45 5 0 0 276071.9080262391
 375 0 45 5 0 0 276649.69034022687
 376 0 46 4 0 0 277444.29731990636
 377 0 47 3 0 0 278417.59982682375
 378 0 48 2 0 0 279412.47772854427
 379 0 46 4 0 0 280192.0228838861
 380 0 45 5 0 0 281002.2658044982
 381 0 47 3 0 0 281984.6911143308
 382 0 47 3 0 0 282949.6430240959
 383 0 43 7 0 0 283482.7271131307
 384 0 46 4 0 0 284296.4557435509
 385 0 46 4 0 0 285230.3388683776
 386 0 49 1 0 0 286366.78842740395
 387 0 47 3 0 0 287317.3361401391
 388 0 45 5 0 0 288112.1444496262
 389 0 47 3 0 0 289028.15647235187
 390 0 46 4 0 0 289896.393258627
 391 0 47 3 0 0 290837.4679721507
 392 0 49 1 0 0 292011.6253239505
 393 0 47 3 0 0 293106.49347069
 394 0 44 6 0 0 293836.2237636643
 395 0 48 2 0 0 294945.4518421583
 396 0 43 7 0 0 295644.5639117423
 397 0 50 0 0 0 296936.4742442863
 398 0 43 7 0 0 297577.4568117461
 399 0 47 3 0 0 298582.6824260369
 400 0 46 4 0 0 299441.30423538183
 401 0 48 2 0 0 300450.24241780664
 402 0 40 10 0 0 300709.81044043694
 403 0 43 7 0 0 301202.12185704237
 404 0 41 9 0 0 301537.0384306186
 405 0 49 1 0 0 302507.7642366368
 406 0 47 3 0 0 303377.6328401555
 407 0 48 2 0 0 304356.8470803591
 408 0 42 8 0 0 304852.8657724324
 409 0 47 3 0 0 305809.5288190381
 410 0 46 4 0 0 306704.03346611
 411 0 43 7 0 0 307223.73931638745
 412 0 49 1 0 0 308360.0618759591
 413 0 47 3 0 0 309290.6120529584
 414 0 50 0 0 0 310543.12097709824
 415 0 44 6 0 0 311230.6559841007
 416 0 41 9 0 0 311731.15535681776
 417 0 44 6 0 0 312420.66168988333
 418 0 49 1 0 0 313604.9497081374
 419 0 44 6 0 0 314369.2725331192
 420 0 47 3 0 0 315377.4061266959
 421 0 43 7 0 0 315996.7895084705
 422 0 45 5 0 0 316712.0759634363
 423 0 45 5 0 0 317486.6560059039
 424 0 46 4 0 0 318424.5294426488
 425 0 47 3 0 0 319497.21947267826
 426 0 47 3 0 0 320481.5711522421
 427 0 48 2 0 0 321565.49536708056
 428 0 46 4 0 0 322439.12584841566
 429 0 46 4 0 0 323263.28776261915
 430 0 44 6 0 0 323932.2009450279
 431 0 47 3 0 0 324908.66169121535
 432 0 46 4 0 0 325802.7299513217
 433 0 45 5 0 0 326564.0494290214
 434 0 43 7 0 0 327187.17518176476
 435 0 45 5 0 0 328010.8870190493
 436 0 47 3 0 0 328998.84447821457
 437 0 46 4 0 0 329916.443133592
 438 0 44 6 0 0 330701.7301697642
 439 0 45 5 0 0 331526.0682124428
 440 0 46 4 0 0 332339.96177001507
 441 0 44 6 0 0 333057.2391546271
 442 0 47 3 0 0 334011.3101217678
 443 0 45 5 0 0 334714.8219176095
 444 0 47 3 0 0 335742.59735113056
 445 0 45 5 0 0 336470.1705324613
 446 0 44 6 0 0 337102.5661780602
 447 0 45 5 0 0 337928.3121350072
 448 0 46 4 0 0 338806.2670074562
 449 0 46 4 0 0 339592.88368961314
 450 0 46 4 0 0 340549.0204917059
 451 0 48 2 0 0 341684.50443067297
 452 0 46 4 0 0 342718.9399809574
 453 0 45 5 0 0 343563.01231507
 454 0 41 9 0 0 343957.5947211344
 455 0 48 2 0 0 344954.0111335406
 456 0 46 4 0 0 345791.70302589977
 457 0 42 8 0 0 346406.44866537274
 458 0 46 4 0 0 347429.66004684457
 459 0 48 2 0 0 348499.5863295613
 460 0 45 5 0 0 349291.7961268682
 461 0 45 5 0 0 350027.9729066398
 462 0 46 4 0 0 350775.9705268962
 463 0 44 6 0 0 351392.7477170684
 464 0 43 7 0 0 351743.95288787736
 465 0 42 8 0 0 352097.2813807223
 466 0 45 5 0 0 352765.4445929751
 467 0 43 7 0 0 353234.98323292495
 468 0 48 2 0 0 354078.67709005525
 469 0 45 5 0 0 354793.2992431378
 470 0 44 6 0 0 355390.4055448923
 471 0 45 5 0 0 356029.72530015744
 472 0 42 8 0 0 356544.57803731767
 473 0 46 4 0 0 357296.48323209473
 474 0 44 6 0 0 357764.277595213
 475 0 42 8 0 0 358208.4339816472
 476 0 41 9 0 0 358597.70969852316
 477 0 48 2 0 0 359550.25541874336
 478 0 47 3 0 0 360423.72590914665
 479 0 43 7 0 0 360878.93183037656
 480 0 34 16 0 0 360162.75347767
 481 0 44 6 0 0 360397.99307102815
 482 0 46 4 0 0 360909.2641615226
 483 0 49 1 0 0 361681.5994460471
 484 0 45 5 0 0 362016.40506451105
 485 0 47 3 0 0 362516.4384487474
 486 0 47 3 0 0 363069.2752079961
 487 0 48 2 0 0 363689.1580418346
 488 0 47 3 0 0 364337.2231528986
 489 0 48 2 0 0 365064.54675308533
 490 0 47 3 0 0 365587.39175680286
 491 0 46 4 0 0 366041.34888975107
 492 0 45 5 0 0 366381.2747808144
 493 0 49 1 0 0 367194.2856314035
 494 0 48 2 0 0 367859.1904001726
 495 0 48 2 0 0 368568.43855519185
 496 0 47 3 0 0 369185.64350119996
 497 0 45 5 0 0 369673.96304797416
 498 0 46 4 0 0 370189.74202356645
 499 0 46 4 0 0 370737.63079195115
 500 0 48 2 0 0 371463.90878062864
 501 0 44 6 0 0 371828.8482849795
 502 0 48 2 0 0 372575.43422363256
 503 0 46 4 0 0 373091.1580173225
 504 0 49 1 0 0 373873.3899357096
 505 0 48 2 0 0 374621.3147324759
 506 0 45 5 0 0 374979.4917660774
 507 0 47 3 0 0 375469.3898521638
 508 0 47 3 0 0 375968.04120883805
 509 0 46 4 0 0 376521.7080363635
 510 0 48 2 0 0 377330.9387859422
 511 0 46 4 0 0 377842.81843596784
 512 0 47 3 0 0 378413.42699269357
 513 0 45 5 0 0 378772.11789419455
 514 0 46 4 0 0 379237.9879191787
 515 0 48 2 0 0 379974.7086898193
 516 0 48 2 0 0 380631.7352349716
 517 0 47 3 0 0 381301.28174702474
 518 0 44 6 0 0 381753.82161287824
 519 0 48 2 0 0 382503.87661355815
 520 0 49 1 0 0 383388.75641914055
 521 0 47 3 0 0 384060.5109866506
 522 0 45 5 0 0 384560.3682950056
 523 0 42 8 0 0 384727.31531093013
 524 0 50 0 0 0 385604.5154573218
 525 0 46 4 0 0 386101.7351224929
 526 0 46 4 0 0 386773.0334815128
 527 0 47 3 0 0 387585.7208712883
 528 0 46 4 0 0 388171.08022613195
 529 0 45 5 0 0 388677.50478246907
 530 0 48 2 0 0 389398.31670951337
 531 0 47 3 0 0 390015.6516599759
 532 0 47 3 0 0 390573.4914394192
 533 0 42 8 0 0 390694.84665503097
 534 0 46 4 0 0 391153.8374645364
 535 0 44 6 0 0 391491.2000033039
 536 0 47 3 0 0 392174.3791120758
 537 0 46 4 0 0 392743.45449138404
 538 0 44 6 0 0 393208.98062942433
 539 0 45 5 0 0 393846.4575211169
 540 0 47 3 0 0 394540.71493465937
 541 0 47 3 0 0 395230.6336337676
 542 0 49 1 0 0 396117.8561914556
 543 0 48 2 0 0 396870.29348466947
 544 0 46 4 0 0 397425.1417931558
 545 0 47 3 0 0 398010.92210858373
 546 0 48 2 0 0 398623.7270480372
 547 0 46 4 0 0 399159.8396881899
 548 0 49 1 0 0 400135.32473290997
 549 0 45 5 0 0 400602.8332263183
 550 0 43 7 0 0 400876.96421482024
 551 0 47 3 0 0 401511.0466781403
 552 0 48 2 0 0 402182.36275993317
 553 0 48 2 0 0 402940.04845409066
 554 0 49 1 0 0 403801.83347922144
 555 0 48 2 0 0 404542.35413971246
 556 0 46 4 0 0 405124.03931964346
 557 0 47 3 0 0 405772.10233430116
 558 0 48 2 0 0 406433.0658452087
 559 0 46 4 0 0 407040.3347405858
 560 0 47 3 0 0 407726.4528461596
 561 0 45 5 0 0 408242.9394205497
 562 0 49 1 0 0 409031.4862510702
 563 0 45 5 0 0 409503.60539909505
 564 0 46 4 0 0 410046.6547275117
 565 0 46 4 0 0 410620.52849982155
 566 0 46 4 0 0 411168.7507444146
 567 0 45 5 0 0 411565.3869060304
 568 0 49 1 0 0 412362.37325046404
 569 0 48 2 0 0 413146.6397842091
 570 0 47 3 0 0 413679.85505916434
 571 0 45 5 0 0 413915.66147052223
 572 0 46 4 0 0 414297.30465974135
 573 0 46 4 0 0 414873.4755009161
 574 0 49 1 0 0 415631.8618831449
 575 0 45 5 0 0 415958.11121989146
 576 0 44 6 0 0 416234.31793048285
 577 0 46 4 0 0 416769.30719667906
 578 0 47 3 0 0 417304.4487629251
 579 0 47 3 0 0 417876.13240035006
 580 0 49 1 0 0 418669.30523451994
 581 0 50 0 0 0 419629.51637639257
 582 0 45 5 0 0 420105.9670464667
 583 0 48 2 0 0 420839.55459980236
 584 0 47 3 0 0 421476.47561154957
 585 0 46 4 0 0 422040.55185283883
 586 0 45 5 0 0 422507.35704825714
 587 0 44 6 0 0 422832.3485784412
 588 0 49 1 0 0 423627.33556727297
 589 0 47 3 0 0 424278.95976270223
 590 0 49 1 0 0 425114.6882464105
 591 0 44 6 0 0 425515.89007763675
 592 0 49 1 0 0 426346.68507404404
 593 0 46 4 0 0 426958.7149158689
 594 0 45 5 0 0 427330.3180542785
 595 0 47 3 0 0 427904.85636144155