 "ticks" "state 0" "state 1" "state 2" "state 3" "state 4" "bioenergy success"
 0 12 10 7 9 12 25531.218500000006
 1 9 13 8 10 10 30975.175792739523
 2 12 9 8 12 9 35209.15209127278
 3 11 8 7 14 10 39971.537259278724
 4 12 7 7 14 10 44592.17715655403
 5 12 7 8 14 9 49450.51193746577
 6 12 7 7 14 10 53581.671485229126
 7 11 7 8 14 10 58237.46833100026
 8 11 7 7 14 11 62831.97553203998
 9 11 7 8 14 10 66991.5601280468
 10 10 8 8 14 10 70545.60309714578
 11 10 8 7 14 11 75166.39427839473
 12 11 7 7 14 11 79394.62112903391
 13 11 7 7 14 11 83992.2313050584
 14 11 7 8 13 11 88661.74463758637
 15 11 7 8 14 10 92698.67709186394
 16 11 7 8 14 10 97293.53744665702
 17 11 7 8 14 10 101592.95038846794
 18 11 7 7 14 11 105810.33689718573
 19 11 8 7 13 11 110650.0905187909
 20 11 7 7 14 11 115193.50937403839
 21 10 8 7 14 11 119937.30379750833
 22 11 7 7 13 12 124502.1317170455
 23 10 9 7 13 11 129261.56617142312
 24 11 8 7 13 11 133501.22854800604
 25 12 8 6 13 11 138453.93996264707
 26 11 8 7 13 11 143420.2087314141
 27 11 8 7 13 11 148439.54754169125
 28 11 8 7 13 11 153380.73958985784
 29 11 8 7 13 11 158630.5613033744
 30 11 8 7 13 11 163690.7732428888
 31 10 9 7 13 11 168762.39107987474
 32 11 8 7 13 11 174102.5614439325
 33 11 8 7 13 11 179027.07688794527
 34 10 9 7 13 11 184612.79610055915
 35 12 8 7 13 10 189368.0199947498
 36 11 8 8 12 11 194534.67479246575
 37 11 8 7 13 11 199443.42590577793
 38 11 8 7 13 11 204542.23908704906
 39 11 8 7 13 11 209268.21005690898
 40 11 8 7 13 11 214577.38422879472
 41 11 8 7 13 11 219521.1863602543
 42 11 8 8 13 10 224874.13446420175
 43 11 8 8 13 10 229718.92329784922
 44 11 8 8 13 10 234470.95278594387
 45 11 8 7 13 11 239671.34561791192
 46 11 9 8 12 10 244823.988166657
 47 10 9 7 13 11 249661.899118753
 48 11 8 7 13 11 253994.08204673763
 49 11 9 8 12 10 258950.44872575213
 50 10 9 8 13 10 264024.0315097498
 51 11 8 8 13 10 269283.0413859481
 52 11 8 8 13 10 274081.64703284635
 53 11 8 8 13 10 279007.3328089251
 54 11 8 8 13 10 284073.9251728701
 55 10 9 8 13 10 289421.7897802002
 56 11 8 8 13 10 294530.22248484724
 57 11 9 7 12 11 299657.6578216238
 58 10 9 7 13 11 304994.5489375309
 59 11 8 7 13 11 310065.7766766168
 60 11 8 7 13 11 314998.9903107544
 61 11 8 7 13 11 320126.40416724986
 62 11 8 7 13 11 325406.2887410697
 63 12 7 7 13 11 329781.4360704292
 64 11 8 7 13 11 334904.3828323352
 65 11 8 7 13 11 339239.4386372832
 66 11 8 7 13 11 343669.68345381314
 67 11 8 7 13 11 348801.39597159735
 68 11 8 7 13 11 353920.2263468661
 69 11 8 7 13 11 359364.89054398896
 70 10 9 8 13 10 364658.62867251947
 71 11 8 8 13 10 370096.38249526074
 72 11 8 9 12 10 375542.7195516931
 73 11 8 9 12 10 380484.9294638268
 74 11 8 9 12 10 385596.05664838746
 75 10 9 9 12 10 391049.84885109717
 76 11 8 8 13 10 395750.27355564677
 77 11 8 8 13 10 400877.20815212175
 78 10 9 8 13 10 405116.3438752429
 79 11 8 7 13 11 409438.5818208446
 80 13 7 6 13 11 413781.8184624836
 81 12 7 7 13 11 418060.72287555307
 82 12 9 6 12 11 423036.1560518948
 83 11 8 7 13 11 427855.20973881223
 84 11 8 7 13 11 432888.9500814008
 85 11 8 8 12 11 437899.1614367797
 86 11 8 7 13 11 442976.197823238
 87 11 8 7 13 11 448330.4246146323
 88 11 8 6 13 12 452990.96469005453
 89 9 10 6 13 12 458338.2679224482
 90 9 9 6 14 12 463055.14028610033
 91 9 9 6 14 12 467694.08137657365
 92 9 9 6 14 12 472603.18497767014
 93 10 8 6 14 12 477823.7432605606
 94 10 8 6 14 12 482548.64174909703
 95 10 8 6 14 12 487694.418784748
 96 10 8 6 14 12 492324.94036458
 97 10 8 6 14 12 497556.14566429897
 98 10 8 7 14 11 502345.7935868569
 99 11 7 7 14 11 506883.65268828993
 100 8 10 7 14 11 511917.216586234
 101 10 9 6 14 11 516945.81040410546
 102 10 8 8 13 11 521930.07125191
 103 10 8 7 14 11 526789.0087333573
 104 8 9 7 15 11 531307.4451834923
 105 9 8 7 15 11 534817.7665286321
 106 9 8 6 15 12 539407.2879700738
 107 10 7 7 14 12 544629.9711089947
 108 10 7 6 15 12 548439.1173462335
 109 10 7 6 15 12 553268.1826536504
 110 10 7 6 15 12 558417.3530352766
 111 10 7 6 15 12 563180.9446862835
 112 10 7 6 15 12 567730.6380978664
 113 9 8 6 15 12 571780.215630286
 114 9 9 6 14 12 576488.2501583901
 115 9 8 6 15 12 581091.7900393525
 116 9 8 6 15 12 585705.5503588286
 117 9 8 6 15 12 590838.8156147854
 118 11 6 7 14 12 595315.8313187895
 119 9 8 6 15 12 600448.874447817
 120 10 7 6 15 12 604682.4766383087
 121 9 8 7 15 11 609609.960823305
 122 10 7 7 15 11 614089.820241221
 123 10 7 7 15 11 619299.6345024118
 124 10 7 7 15 11 623988.5649509473
 125 10 7 8 14 11 628677.687073639
 126 9 8 8 14 11 633255.1861819237
 127 10 7 6 15 12 638132.3495053101
 128 10 7 6 15 12 642920.7473962017
 129 10 7 6 15 12 648124.0571894984
 130 10 7 6 14 13 652752.5152847008
 131 10 7 6 14 13 657778.4965035348
 132 10 7 6 14 13 661843.5190914994
 133 11 7 6 14 12 666396.7238274977
 134 11 7 6 14 12 671118.8902449209
 135 11 8 6 14 11 675766.9271663019
 136 12 8 7 13 10 681172.1918870537
 137 11 8 8 14 9 686069.8749877929
 138 11 8 8 14 9 691407.9215469989
 139 11 8 8 14 9 695871.1028784849
 140 10 9 7 14 10 700504.213646041
 141 10 9 6 14 11 705442.1669998637
 142 10 9 7 14 10 710092.7948392443
 143 11 7 7 14 11 714330.9793161597
 144 8 9 8 14 11 721841.008780654
 145 10 7 8 14 11 729025.1600357906
 146 10 7 8 14 11 736849.4496451601
 147 10 7 8 14 11 744066.9039755005
 148 11 8 7 13 11 752741.438331819
 149 11 8 7 14 10 760538.82747689
 150 11 7 7 15 10 768118.6082363799
 151 11 7 7 15 10 775958.682951674
 152 10 7 7 15 11 783649.2503817932
 153 10 7 7 15 11 791228.2118151167
 154 10 7 7 15 11 799060.0036811834
 155 10 7 7 15 11 806991.9896371989
 156 10 7 7 15 11 814000.260214701
 157 9 8 7 15 11 822157.2325143983
 158 10 7 7 15 11 830203.0464101498
 159 10 7 7 15 11 838002.7578125697
 160 9 7 8 15 11 845413.409967743
 161 8 8 8 16 10 852958.1135176755
 162 8 9 8 15 10 860743.8383278464
 163 9 7 8 14 12 868948.9584082466
 164 9 7 7 15 12 876870.9602696858
 165 10 7 7 14 12 884913.0076029471
 166 10 8 7 14 11 893133.8697713495
 167 10 9 8 13 10 901341.5407720942
 168 10 9 8 14 9 909867.5601357855
 169 10 9 8 13 10 918279.0272913954
 170 10 8 8 15 9 926219.4837920225
 171 10 8 7 14 11 933366.7992174714
 172 10 8 7 15 10 941186.188985167
 173 10 8 7 14 11 948940.758029288
 174 11 8 6 14 11 956022.2542815374
 175 10 8 7 15 10 964113.2585068282
 176 10 8 7 14 11 972153.4980170013
 177 9 9 7 15 10 980535.520010788
 178 9 9 7 14 11 987830.2429171777
 179 10 8 8 15 9 995981.127289963
 180 10 8 8 13 11 1003463.3771688291
 181 10 9 7 14 10 1010927.4930659713
 182 10 8 8 14 10 1018265.0899232135
 183 10 8 8 15 9 1025881.98146085
 184 10 8 8 14 10 1033250.6183704209
 185 10 8 7 15 10 1040871.1370859579
 186 10 8 8 14 10 1048307.439741412
 187 11 7 7 15 10 1055078.1671201866
 188 10 8 7 14 11 1062737.1143575748
 189 11 6 7 15 11 1069985.1595270794
 190 10 7 7 16 10 1077358.7903457773
 191 11 6 7 15 11 1084550.8177540544
 192 9 8 8 16 9 1091569.0899910918
 193 10 7 8 15 10 1098917.3464583086
 194 10 7 8 16 9 1106451.358683257
 195 10 7 7 15 11 1112819.8875576844
 196 9 8 7 16 10 1119844.1788958563
 197 9 8 7 15 11 1127403.9955685434
 198 10 7 7 16 10 1134955.0543488057
 199 10 7 7 15 11 1142599.471592429
 200 10 7 7 16 10 1150458.1871942235
 201 10 7 7 15 11 1157438.9811813906
 202 10 7 8 16 9 1165615.0960002092
 203 11 6 7 15 11 1172824.1436231202
 204 10 7 7 16 10 1179965.3319873014
 205 10 7 7 15 11 1187450.3020201158
 206 10 7 7 15 11 1195031.7634160575
 207 11 6 7 16 10 1203061.0024675594
 208 10 7 7 16 10 1210756.8301378991
 209 11 6 7 15 11 1218513.037941017
 210 9 7 8 16 10 1225687.9219208928
 211 9 7 8 14 12 1232886.358530419
 212 9 7 8 15 11 1240533.1108250888
 213 10 6 8 14 12 1247322.127057723
 214 10 6 8 15 11 1254208.18816579
 215 11 6 7 14 12 1261879.087055798
 216 11 6 7 15 11 1268796.769750782
 217 11 6 7 15 11 1276044.9603602516
 218 10 7 8 14 11 1283775.862766995
 219 10 6 9 15 10 1291410.7007833435
 220 10 7 7 15 11 1298432.4364258226
 221 10 8 7 14 11 1306425.540549442
 222 10 7 7 14 12 1313789.57517861
 223 9 7 8 15 11 1320814.3852797728
 224 10 7 7 14 12 1328084.5594914278
 225 10 7 8 14 11 1336524.2360569423
 226 11 6 8 15 10 1343832.8676897588
 227 11 6 8 14 11 1350508.555127628
 228 10 7 7 15 11 1358293.8829930564
 229 10 7 7 14 12 1365921.5825733177
 230 10 7 7 15 11 1373105.419146751
 231 10 7 7 14 12 1381041.2082241648
 232 11 6 7 15 11 1388604.3491134346
 233 10 8 7 13 12 1395511.2569210047
 234 11 6 7 15 11 1402744.2557756465
 235 10 7 7 14 12 1410271.3257211428
 236 11 6 7 15 11 1418204.8703866461
 237 10 7 7 14 12 1425766.983264375
 238 10 7 7 15 11 1434105.1469077044
 239 10 8 7 14 11 1442041.3882428526
 240 10 7 7 14 12 1448407.4719205268
 241 10 8 7 15 10 1454589.7122828863
 242 9 8 7 14 12 1461717.4760919723
 243 10 7 7 15 11 1469608.7968199058
 244 10 7 7 14 12 1477213.834714787
 245 10 7 7 15 11 1483573.358541316
 246 10 6 9 13 12 1491008.3251779438
 247 11 6 7 15 11 1497174.410841134
 248 9 8 8 13 12 1505136.621822607
 249 11 6 7 15 11 1512262.237057679
 250 11 6 7 14 12 1519003.2132983187
 251 10 6 8 14 12 1525554.6828520382
 252 10 6 8 15 11 1532830.177600458
 253 11 6 7 14 12 1539914.974353353
 254 10 6 8 15 11 1547091.647913782
 255 10 7 7 14 12 1554177.2406063098
 256 10 7 8 15 10 1560766.0342272732
 257 9 8 7 14 12 1568253.8862488088
 258 10 7 7 15 11 1575446.8083980102
 259 11 6 7 14 12 1582005.2266693572
 260 10 6 7 15 12 1588549.8336025304
 261 10 6 7 14 13 1596128.1078926907
 262 10 6 7 15 12 1601895.987483199
 263 9 7 7 14 13 1609455.9959050952
 264 10 6 7 15 12 1616032.3760196937
 265 10 6 7 15 12 1623480.3954076013
 266 10 6 7 14 13 1630099.8557625038
 267 10 6 7 15 12 1637736.4972290432
 268 10 6 7 14 13 1643653.4562808992
 269 10 6 7 15 12 1650941.3305330414
 270 10 6 7 14 13 1657174.90809072
 271 9 7 7 15 12 1664587.5836435705
 272 10 6 7 14 13 1670489.9023822437
 273 9 7 7 15 12 1676732.284593891
 274 9 7 7 14 13 1683536.8393664511
 275 9 7 7 15 12 1689797.3668057043
 276 9 7 7 14 13 1696405.6541474885
 277 9 7 7 15 12 1702985.4653615805
 278 10 6 7 14 13 1709719.9752032503
 279 9 7 7 14 13 1717235.0998859885
 280 11 6 7 14 12 1724291.7059928423
 281 10 6 7 14 13 1730949.0551013073
 282 10 6 7 15 12 1737097.263591505
 283 10 6 7 14 13 1743572.435182269
 284 10 7 7 15 11 1750707.2010817481
 285 9 8 7 14 12 1757687.9291270564
 286 10 7 8 14 11 1765106.2501257367
 287 10 7 7 14 12 1771778.1031230155
 288 10 7 7 15 11 1779154.9298429817
 289 10 7 8 14 11 1786647.8747075687
 290 10 7 8 15 10 1793659.746149508
 291 10 7 8 14 11 1801118.6452786522
 292 10 7 8 14 11 1808611.3674570145
 293 11 6 9 14 10 1815843.4087675295
 294 11 6 7 14 12 1823499.435030705
 295 10 7 7 15 11 1830499.5380043543
 296 12 6 7 14 11 1837802.6415033585
 297 11 6 7 15 11 1844755.5742004842
 298 11 6 7 14 12 1851506.926956945
 299 11 6 7 15 11 1858771.1346331516
 300 11 6 8 14 11 1864612.0577556142
 301 10 7 7 15 11 1871566.135396996
 302 10 7 7 14 12 1878557.0145712323
 303 10 7 7 15 11 1885886.8401123239
 304 10 7 8 13 12 1894647.5311364252
 305 11 6 7 15 11 1901984.432267737
 306 11 6 7 15 11 1909397.8223901284
 307 10 6 7 16 11 1916790.74686191
 308 9 7 7 15 12 1924537.8622184652
 309 10 6 7 16 11 1931806.811824941
 310 10 6 7 16 11 1939139.5557397895
 311 10 6 7 16 11 1946783.2519010613
 312 10 6 7 15 12 1954253.532389501
 313 8 7 8 16 11 1961880.8598871324
 314 11 5 7 16 11 1969416.2162753835
 315 11 5 7 16 11 1976827.5533036494
 316 10 6 7 16 11 1984176.8607480135
 317 10 6 7 15 12 1991836.3663109308
 318 10 7 7 16 10 1999596.3178059564
 319 11 6 7 16 10 2007134.735562898
 320 11 6 7 15 11 2014592.1213909937
 321 10 7 7 16 10 2021598.6564046282
 322 10 6 8 16 10 2028828.2261017817
 323 10 6 8 16 10 2037058.8933809455
 324 11 6 7 15 11 2044114.6529627284
 325 10 7 8 15 10 2052596.967213011
 326 10 7 7 16 10 2060157.006999372
 327 10 7 7 16 10 2068619.1453382573
 328 10 7 7 15 11 2076536.2354608413
 329 10 7 7 16 10 2084465.596397804
 330 10 8 7 16 9 2092280.2217915517
 331 12 8 6 14 10 2101113.5172951943
 332 10 8 7 16 9 2109178.501867863
 333 10 7 9 14 10 2118302.4368202914
 334 10 7 8 16 9 2125842.6266153357
 335 10 7 7 16 10 2134536.6327957124
 336 10 7 7 15 11 2142474.447550367
 337 11 6 7 15 11 2150404.623289286
 338 11 6 7 16 10 2158751.155932922
 339 11 6 7 15 11 2167560.1589302095
 340 11 6 7 15 11 2175375.901834112
 341 10 7 7 16 10 2183228.572799898
 342 10 7 8 16 9 2190887.1199690886
 343 10 7 8 16 9 2199230.12076711
 344 10 7 7 14 12 2206958.513436389
 345 10 7 7 16 10 2215352.4088213895
 346 10 7 7 16 10 2223731.226561526
 347 10 7 7 16 10 2231877.936176084
 348 10 7 7 14 12 2239938.4363341457
 349 10 7 7 16 10 2248240.1113389595
 350 10 7 7 16 10 2255529.2391353524
 351 10 7 7 16 10 2263098.1939371657
 352 9 8 7 14 12 2270664.211809077
 353 10 7 7 16 10 2278317.5809840015
 354 10 7 7 16 10 2285884.8294163416
 355 9 8 7 16 10 2294325.7107377537
 356 10 7 7 15 11 2302498.870735999
 357 10 7 7 15 11 2309646.3730679466
 358 9 8 7 16 10 2317228.8511996856
 359 10 7 7 16 10 2324949.3085780456
 360 9 8 7 15 11 2333224.5186004965
 361 10 7 7 15 11 2340977.13198972
 362 10 7 7 16 10 2349524.648099551
 363 11 6 7 16 10 2357908.6525355065
 364 10 7 7 15 11 2366307.865614073
 365 10 7 7 16 10 2373495.3776203278
 366 10 7 7 15 11 2381010.535704786
 367 10 7 7 16 10 2389303.6232888773
 368 11 6 7 15 11 2396852.919324231
 369 10 7 7 16 10 2403715.2825301844
 370 10 7 8 14 11 2411624.4174677804
 371 9 8 7 16 10 2419185.114190361
 372 9 8 7 16 10 2427454.1265127007
 373 10 7 7 15 11 2435813.7489896505
 374 10 7 7 16 10 2444347.2740504094
 375 10 7 7 15 11 2452571.041508088
 376 10 7 7 16 10 2460581.2133502266
 377 10 7 7 15 11 2468391.7661711923
 378 10 7 7 15 11 2476576.4836750296
 379 10 7 7 16 10 2484517.059232729
 380 10 7 8 16 9 2492762.9830126967
 381 10 7 8 15 10 2500496.4305860642
 382 10 7 7 16 10 2508885.2275178963
 383 10 7 7 15 11 2516947.488173114
 384 10 7 7 16 10 2524707.212338012
 385 10 7 7 15 11 2532456.3167898254
 386 10 7 7 16 10 2540385.7329700296
 387 10 7 7 15 11 2548524.112459798
 388 10 7 7 16 10 2556833.458679687
 389 10 7 7 15 11 2564827.9292278597
 390 11 6 7 16 10 2573104.4865949713
 391 10 7 7 15 11 2581854.0528405677
 392 10 7 8 15 10 2591180.4753944557
 393 10 7 8 15 10 2599922.337782904
 394 10 7 8 15 10 2607986.7218508767
 395 10 7 7 16 10 2616383.523473525
 396 10 7 7 16 10 2623750.3082978292
 397 10 7 7 15 11 2632443.7650130377
 398 10 7 7 16 10 2640141.1101509356
 399 10 7 7 15 11 2647549.5778126665
 400 10 7 7 16 10 2655452.961643759
 401 10 7 7 16 10 2663838.446028228
 402 11 6 7 14 12 2671620.3717410862
 403 11 6 7 16 10 2679723.111568926
 404 11 6 7 16 10 2687454.6137076225
 405 11 7 6 16 10 2695236.2660675664
 406 10 7 7 14 12 2703123.0840048427
 407 11 7 6 16 10 2711071.1172312866
 408 10 7 7 15 11 2718911.9033549386
 409 10 7 6 15 12 2726474.5139412265
 410 11 6 6 15 12 2733765.1826954936
 411 10 7 6 16 11 2741989.478831568
 412 10 7 6 16 11 2749551.8633094756
 413 12 6 6 16 10 2757174.948867149
 414 10 7 7 14 12 2765089.764661653
 415 9 8 7 16 10 2772706.536481494
 416 11 6 7 16 10 2780970.421384711
 417 11 6 7 16 10 2788888.0657850755
 418 10 7 7 14 12 2797538.469810005
 419 11 6 7 16 10 2806386.1355898827
 420 10 7 7 16 10 2814898.9625591417
 421 9 8 7 16 10 2822978.4550436973
 422 10 7 7 15 11 2831405.6479943413
 423 10 7 7 15 11 2838682.202671966
 424 10 7 7 16 10 2846753.9312405176
 425 10 7 7 16 10 2854534.174728207
 426 10 7 7 14 12 2863291.9672518964
 427 11 7 8 16 8 2871609.688630277
 428 9 8 8 16 9 2879137.9453172786
 429 10 7 8 16 9 2887382.894478266
 430 11 6 7 15 11 2895808.2973992974
 431 11 7 7 15 10 2904080.431746295
 432 11 7 7 16 9 2912322.2887956686
 433 11 6 7 16 10 2920521.6804836737
 434 11 6 7 15 11 2928366.315354367
 435 11 6 7 15 11 2937400.4209665493
 436 10 7 7 16 10 2945476.0259571755
 437 10 7 8 16 9 2953338.243722103
 438 12 6 6 15 11 2961503.107686381
 439 10 7 7 15 11 2970182.390670003
 440 10 7 7 16 10 2978891.2655372084
 441 11 6 7 16 10 2986296.3798147887
 442 12 6 7 15 10 2994252.4786843597
 443 11 6 8 16 9 3002236.4850782994
 444 11 6 7 15 11 3010130.500001729
 445 10 7 7 15 11 3017526.907048928
 446 12 6 7 13 12 3026705.3903745385
 447 10 7 7 15 11 3034311.8828610964
 448 10 7 7 16 10 3042908.0260064863
 449 10 7 7 16 10 3050658.907696089
 450 10 7 7 15 11 3058162.838269543
 451 10 7 7 16 10 3066416.017293624
 452 10 7 7 16 10 3074172.972485776
 453 9 8 7 16 10 3082359.7218753905
 454 9 8 7 15 11 3091397.1267682705
 455 10 7 7 16 10 3100061.182407866
 456 11 6 7 16 10 3108560.7141833412
 457 10 7 7 16 10 3117720.3569426863
 458 10 7 7 15 11 3125771.0088980193
 459 11 6 7 15 11 3133535.04481596
 460 9 8 7 15 11 3141769.3125025574
 461 10 7 7 16 10 3149868.22887472
 462 10 7 7 15 11 3158249.4988420526
 463 10 7 7 16 10 3166594.429069749
 464 9 9 7 16 9 3174195.655570152
 465 10 8 7 16 9 3181832.339925683
 466 11 7 7 16 9 3189906.845788476
 467 10 8 7 15 10 3198170.615210079
 468 10 8 7 15 10 3205504.1978601385
 469 10 7 7 16 10 3214015.080168366
 470 10 8 7 16 9 3222559.217503699
 471 9 8 7 15 11 3230917.2465971666
 472 10 7 7 15 11 3238826.774646614
 473 10 7 7 15 11 3246926.2915022015
 474 9 9 7 16 9 3254440.0470238505
 475 9 9 7 16 9 3262633.6907687853
 476 10 7 7 15 11 3269954.7806090578
 477 10 7 7 16 10 3278237.075362085
 478 10 7 7 16 10 3285870.827018838
 479 10 7 7 16 10 3293882.926354988
 480 13 7 9 10 11 3298374.7257888042
 481 11 7 9 13 10 3303320.2502041673
 482 12 7 5 14 12 3306539.473592431
 483 11 7 7 14 11 3312496.694312144
 484 11 7 7 13 12 3317843.853497448
 485 11 6 8 14 11 3321845.2999961544
 486 11 7 6 13 13 3326904.428509719
 487 10 7 7 13 13 3333250.009993155
 488 12 6 7 13 12 3338285.3237559353
 489 11 7 7 14 11 3343582.5467359778
 490 11 7 7 13 12 3348815.8450635537
 491 11 7 6 12 14 3353915.228820422
 492 11 7 7 13 12 3357949.3985714805
 493 12 7 5 13 13 3362460.5120568424
 494 12 7 6 13 12 3367216.679963738
 495 11 6 7 14 12 3372298.513887427
 496 11 5 6 14 14 3377491.907806742
 497 11 6 7 14 12 3381948.892507842
 498 11 5 6 15 13 3386249.4791354495
 499 10 7 5 14 14 3390090.861659277
 500 10 6 5 15 14 3393547.1583807445
 501 9 7 6 14 14 3397049.0563537413
 502 9 7 5 15 14 3401296.6295483406
 503 10 6 6 15 13 3405341.149295456
 504 9 7 5 15 14 3410076.8292390346
 505 10 6 6 15 13 3415234.8901751232
 506 10 6 5 14 15 3420748.8559067487
 507 10 6 6 15 13 3425381.94232314
 508 10 6 5 15 14 3430588.4866806804
 509 10 6 6 15 13 3434837.5092976815
 510 9 7 5 15 14 3439483.4859161456
 511 10 6 6 15 13 3444740.3609937495
 512 10 6 5 14 15 3449874.2979533565
 513 9 7 6 15 13 3454981.896205281
 514 10 6 6 15 13 3459122.2705703573
 515 10 6 7 15 12 3462689.0202919855
 516 8 8 6 15 13 3468243.5610501384
 517 10 6 7 14 13 3473050.394115195
 518 10 7 6 14 13 3478670.6482728445
 519 9 8 6 15 12 3483492.182114186
 520 10 6 6 15 13 3488109.5922569893
 521 9 8 5 15 13 3492134.322523394
 522 10 6 6 14 14 3498147.0014008265
 523 10 7 6 14 13 3503039.1301196646
 524 10 6 6 15 13 3507640.866203427
 525 9 7 5 15 14 3511905.6680991324
 526 9 7 6 15 13 3516481.1804105123
 527 8 8 5 14 15 3520620.6207775814
 528 8 8 6 14 14 3525239.443354454
 529 10 8 6 15 11 3529885.088254219
 530 11 7 6 15 11 3535158.108404323
 531 11 7 5 14 13 3540031.894686505
 532 11 6 6 15 12 3545636.9287581705
 533 11 6 5 14 14 3550726.9156503207
 534 11 6 6 15 12 3555412.657242073
 535 10 7 5 15 13 3561459.867994704
 536 10 7 6 15 12 3566305.8324296093
 537 11 6 5 14 14 3570486.4994827653
 538 9 8 6 14 13 3575277.9445296447
 539 11 6 5 15 13 3580329.9739482873
 540 11 6 6 15 12 3585882.5464757322
 541 10 7 5 14 14 3591229.7250609295
 542 11 6 6 15 12 3596611.086183005
 543 11 6 5 14 14 3601805.458251101
 544 12 5 6 15 12 3607939.2300136792
 545 12 5 5 14 14 3613017.317423542
 546 11 6 6 15 12 3618525.636530489
 547 11 6 6 15 12 3624073.0931043397
 548 10 6 7 15 12 3628472.2329241396
 549 10 7 5 13 15 3633181.0929844016
 550 12 5 6 15 12 3638008.359695264
 551 8 9 6 15 12 3643845.4680872243
 552 10 6 7 14 13 3649398.59800241
 553 10 6 7 14 13 3655553.4063497484
 554 10 6 7 14 13 3660163.2049089773
 555 9 7 6 15 13 3664852.3134632776
 556 11 6 6 14 13 3671427.313126409
 557 11 5 7 15 12 3676748.5763532384
 558 11 6 5 15 13 3683160.3148272457
 559 12 5 6 15 12 3687871.8568100063
 560 11 6 6 14 13 3694556.0351151037
 561 11 5 7 14 13 3699238.009433779
 562 11 6 5 15 13 3704900.053753602
 563 11 5 7 15 12 3709465.7466828334
 564 9 7 6 14 14 3715246.418199739
 565 10 6 7 15 12 3721195.2181061246
 566 9 7 6 14 14 3727876.470033895
 567 12 6 7 15 10 3733726.589838626
 568 10 7 6 14 13 3739479.87878131
 569 12 5 6 15 12 3743879.9468027744
 570 10 8 5 15 12 3749002.245228365
 571 12 6 5 15 12 3754646.885834551
 572 11 6 6 13 14 3760165.4201799566
 573 11 6 6 15 12 3764683.7995300484
 574 11 6 5 15 13 3769329.1088264207
 575 12 5 6 15 12 3774571.19921745
 576 10 6 6 14 14 3779349.9484273884
 577 10 6 6 14 14 3784566.845092131
 578 10 6 6 15 13 3789639.078555718
 579 10 6 6 15 13 3795611.9446487445
 580 10 6 7 14 13 3800473.522655021
 581 9 7 7 15 12 3805378.7662762934
 582 10 6 7 14 13 3809989.022260033
 583 10 6 7 15 12 3814691.3476292677
 584 9 7 8 13 13 3819812.6477558166
 585 11 5 6 15 13 3823324.7741571856
 586 10 6 6 15 13 3827731.7414048403
 587 10 6 5 14 15 3831783.983313306
 588 9 7 6 14 14 3836435.0233523888
 589 9 7 6 15 13 3841776.1820362206
 590 11 5 6 15 13 3847884.3971964614
 591 11 5 5 15 14 3852895.599759593
 592 10 6 6 14 14 3857879.1955483668
 593 10 6 5 14 15 3862873.52289809
 594 10 6 5 15 14 3868072.8261718084
 595 10 6 6 15 13 3874135.5959135573
 596 10 6 5 14 15 3879227.570214535
 597 9 7 7 15 12 3884384.2062766547
 598 10 6 5 14 15 3889185.420327044
 599 10 6 6 15 13 3894699.9611117975
 600 11 5 6 14 14 3899223.073026946
 601 9 7 6 15 13 3903655.4279480767
 602 9 7 6 15 13 3909929.920584038
 603 11 5 6 14 14 3914006.1859230436
 604 11 5 5 14 15 3918917.1373109682
 605 9 7 6 15 13 3923980.326206939
 606 10 6 5 15 14 3929150.029588625
 607 11 6 6 15 12 3934752.242047456
 608 11 6 5 14 14 3940404.24855403
 609 11 6 6 14 13 3945301.136941475
 610 11 5 5 15 14 3950901.3246294707
 611 10 6 6 15 13 3955882.9978395835
 612 10 7 5 14 14 3960634.8240708574
 613 11 6 6 15 12 3966376.9245992256
 614 10 6 5 14 15 3970553.4197569005
 615 10 6 6 15 13 3975432.0436241655
 616 8 8 5 14 15 3981766.825350462
 617 11 6 6 15 12 3988136.1450197236
 618 12 5 5 15 13 3993038.5654017464
 619 11 6 6 14 13 3997690.103093559
 620 10 7 5 14 14 4002755.804289203
 621 11 5 6 15 13 4007968.0201945533
 622 10 6 5 15 14 4013485.8910832573
 623 9 7 6 15 13 4018848.4399883193
 624 11 7 6 11 15 4024444.1331618433
 625 11 6 7 13 13 4030514.7641126574
 626 11 6 6 13 14 4035325.7306410954
 627 11 6 6 14 13 4040529.2193307555
 628 12 5 5 13 15 4045535.922452199
 629 10 7 6 13 14 4050815.6690513464
 630 10 6 5 15 14 4055024.047943111
 631 10 6 6 15 13 4058952.966706491
 632 8 8 5 15 14 4063303.761473739
 633 9 7 6 13 15 4068487.3269916726
 634 10 6 5 15 14 4073087.674079201
 635 9 7 6 15 13 4077923.701778095
 636 9 7 7 15 12 4083147.603413675
 637 10 6 6 14 14 4087980.862312638
 638 12 6 6 13 13 4094060.3233327656
 639 12 5 5 15 13 4098115.837576522
 640 11 7 6 14 12 4103035.447062269
 641 10 7 5 14 14 4108417.835660817
 642 9 7 7 14 13 4112774.5203599273
 643 11 6 6 15 12 4118082.167650831
 644 10 6 7 15 12 4122379.825121023
 645 11 5 6 15 13 4127019.56358103
 646 11 5 7 14 13 4131364.873295532
 647 10 6 5 14 15 4135394.3101706
 648 10 6 8 14 12 4141174.5392800863
 649 9 7 5 15 14 4145836.976208853
 650 9 7 6 14 14 4150539.544411663
 651 11 5 5 15 14 4154761.2672928087
 652 9 7 6 14 14 4158724.3526977096
 653 9 7 6 15 13 4163815.5593163013
 654 10 6 7 14 13 4167750.6237310558
 655 9 7 6 15 13 4171238.183211863
 656 9 7 6 14 14 4174410.396534102
 657 10 6 6 15 13 4177151.202010336
 658 8 8 6 14 14 4181559.8591482816
 659 11 6 7 14 12 4185242.508574204
 660 11 6 5 14 14 4189508.032892551
 661 10 7 6 13 14 4194451.631028537
 662 10 7 5 14 14 4198934.05987351
 663 9 7 6 14 14 4203083.442746239
 664 10 6 6 15 13 4206979.611290619
 665 9 7 5 15 14 4211477.790397612
 666 11 5 6 14 14 4215887.264783173
 667 10 6 6 14 14 4218745.052718985
 668 12 5 6 15 12 4223156.756227384
 669 11 5 6 15 13 4227920.0757275205
 670 10 6 8 13 13 4233982.618059418
 671 11 6 6 13 14 4238191.279799914
 672 10 6 6 15 13 4242670.466339308
 673 10 6 5 15 14 4247100.866057753
 674 10 7 6 14 13 4251582.48189146
 675 10 6 6 13 15 4255740.824928874
 676 11 6 6 14 13 4260502.579688306
 677 9 8 6 14 13 4265547.990035137
 678 10 6 6 15 13 4270056.882402523
 679 11 5 6 15 13 4274580.269416274
 680 10 6 6 13 15 4278943.591859114
 681 8 8 7 15 12 4284784.247479266
 682 11 5 6 15 13 4289665.743102836
 683 11 6 7 15 11 4295074.549159858
 684 13 5 5 13 14 4298556.165021998
 685 10 6 7 15 12 4302995.150125196
 686 10 7 5 15 13 4307363.287534619
 687 9 7 7 15 12 4312197.127586449
 688 10 7 6 14 13 4316918.781986533
 689 12 5 7 14 12 4321122.150858345
 690 11 6 7 15 11 4325501.947315937
 691 12 5 7 15 11 4329687.47774495
 692 11 6 6 14 13 4334826.129625249
 693 11 6 7 15 11 4339318.291007784
 694 12 6 5 14 13 4344728.5515501825
 695 13 5 6 15 11 4349267.238101253
 696 11 6 7 15 11 4353938.539166994
 697 10 7 7 14 12 4358970.170701304
 698 12 6 6 14 12 4362778.419850294
 699 12 6 6 15 11 4367610.389682902
 700 12 6 6 15 11 4372400.198080952
 701 12 6 6 14 12 4377925.501272894
 702 12 6 8 13 11 4383184.315134528
 703 10 6 6 14 14 4387647.307287292
 704 11 6 6 15 12 4391548.517973341
 705 11 6 5 14 14 4396759.434868929
 706 10 6 7 15 12 4401670.493828132
 707 10 6 7 15 12 4406572.440831704
 708 10 6 6 14 14 4412896.98713628
 709 10 6 6 14 14 4417560.6948441705
 710 10 6 7 15 12 4423283.062171494
 711 10 6 7 15 12 4428030.932338079
 712 9 7 6 14 14 4434238.820645246
 713 10 6 6 15 13 4439509.903862264
 714 10 6 7 14 13 4444340.618446793
 715 10 6 6 15 13 4449992.087232725
 716 11 5 7 15 12 4454323.095423628
 717 11 5 6 14 14 4459607.110412355
 718 10 6 5 14 15 4464258.6582634775
 719 11 5 6 15 13 4469787.258058368
 720 14 8 6 11 11 4470567.525134641
 721 11 8 8 12 11 4472065.377024588
 722 13 7 5 11 14 4473769.919969006
 723 12 7 7 13 11 4475104.056948533
 724 12 7 5 12 14 4476562.743288116
 725 12 6 6 14 12 4478171.322577532
 726 12 7 6 12 13 4478944.6021629805
 727 13 7 6 12 12 4480780.018076904
 728 11 6 6 15 12 4482000.079711351
 729 12 6 6 14 12 4483656.034166329
 730 11 6 6 15 12 4484751.4111147
 731 12 6 5 13 14 4486498.213346416
 732 12 6 6 14 12 4486784.705909622
 733 12 6 5 14 13 4488139.029914968
 734 11 6 6 15 12 4488940.50232038
 735 12 6 5 14 13 4490880.661751798
 736 11 6 6 13 14 4492697.746348797
 737 12 6 6 13 13 4494424.592480697
 738 11 6 6 15 12 4496084.207025135
 739 12 6 6 14 12 4497480.383780436
 740 11 6 5 14 14 4499122.889575449
 741 13 6 6 13 12 4501794.797301982
 742 12 6 6 14 12 4503247.279490725
 743 11 7 6 14 12 4504953.639216463
 744 12 6 6 14 12 4506438.899893481
 745 11 6 6 14 13 4508273.614137104
 746 12 6 5 13 14 4510090.58563509
 747 12 6 6 14 12 4512558.632539666
 748 11 6 5 15 13 4513965.50945217
 749 11 7 6 14 12 4515754.604502632
 750 12 6 5 13 14 4516868.853482571
 751 11 6 6 14 13 4517744.752388947
 752 12 6 7 13 12 4519335.576862788
 753 12 6 7 13 12 4520852.358656511
 754 11 6 5 14 14 4522409.759986157
 755 12 6 6 14 12 4523519.420558309
 756 11 7 5 13 14 4525461.571819996
 757 11 6 5 15 13 4526362.963507097
 758 12 6 6 14 12 4528495.639576324
 759 11 6 5 14 14 4530377.6557732
 760 12 6 6 14 12 4532085.686597469
 761 11 6 5 14 14 4534095.013434128
 762 12 6 6 14 12 4534990.914716276
 763 11 6 6 14 13 4537058.393077823
 764 12 6 7 12 13 4538266.020614116
 765 11 6 6 15 12 4539437.363157327
 766 12 6 6 12 14 4541232.724691407
 767 11 6 7 14 12 4542808.26926608
 768 12 6 6 12 14 4544092.579130766
 769 11 6 6 14 13 4545513.228811164
 770 12 5 6 13 14 4546646.223285489
 771 12 5 5 15 13 4548437.824713948
 772 12 6 6 14 12 4549600.250338462
 773 11 6 5 14 14 4550863.8596239695
 774 12 5 7 14 12 4551663.14391725
 775 11 6 5 14 14 4552919.497232513
 776 10 6 7 14 13 4554388.014790291
 777 11 5 7 15 12 4555127.429927583
 778 11 6 6 13 14 4556945.049786718
 779 10 6 6 16 12 4558616.791238526
 780 11 7 5 13 14 4560396.065064495
 781 10 6 6 16 12 4561910.753888783
 782 12 5 5 14 14 4563029.147666175
 783 9 7 6 16 12 4564708.194700585
 784 11 6 5 14 14 4565921.792387627
 785 10 6 6 16 12 4567806.521235484
 786 12 5 6 14 13 4568545.970664301
 787 10 6 6 15 13 4570188.160630292
 788 11 6 6 15 12 4572164.121707568
 789 10 6 6 16 12 4574210.984556058
 790 10 6 7 14 13 4575789.524714593
 791 12 5 6 15 12 4577322.275302804
 792 9 7 7 14 13 4578951.6552499775
 793 10 7 7 15 11 4580562.859093038
 794 10 6 6 15 13 4582064.243097179
 795 10 6 8 13 13 4582920.200400762
 796 8 7 8 15 12 4584565.075839002
 797 10 7 6 13 14 4586493.04909354
 798 10 7 7 14 12 4587835.116348493
 799 11 6 6 14 13 4589876.43455246
 800 12 5 6 14 13 4591549.342100406
 801 11 6 5 15 13 4593451.676221516
 802 10 6 6 15 13 4594523.995143708
 803 11 6 6 14 13 4595778.34717022
 804 11 6 7 13 13 4596104.762305853
 805 10 7 5 15 13 4597236.308413055
 806 10 7 6 14 13 4597793.948610626
 807 11 5 5 16 13 4599356.024625458
 808 11 6 6 15 12 4600064.737527215
 809 11 6 5 14 14 4600838.364276476
 810 11 6 6 15 12 4601743.449686356
 811 10 7 5 14 14 4603250.204306544
 812 11 6 6 15 12 4604564.141337854
 813 12 6 7 14 11 4605495.833734217
 814 11 6 6 13 14 4607059.071096354
 815 11 6 7 14 12 4607548.549935115
 816 10 7 5 14 14 4609029.47782651
 817 9 7 7 15 12 4609766.613872968
 818 11 6 6 14 13 4611286.0107040405
 819 10 6 7 14 13 4612198.391902774
 820 10 7 6 14 13 4613292.59488442
 821 11 6 6 14 13 4614174.708348081
 822 11 6 6 14 13 4615693.686527337
 823 10 6 6 15 13 4616925.481575611
 824 12 5 7 14 12 4617933.188319128
 825 11 6 6 15 12 4619239.104611112
 826 10 7 7 13 13 4619995.74734567
 827 12 5 6 15 12 4620640.173143783
 828 12 5 7 13 13 4621755.0584124215
 829 11 6 6 15 12 4623048.320865443
 830 12 5 7 14 12 4623855.76567151
 831 11 6 7 14 12 4626058.067308735
 832 13 5 6 14 12 4627250.2657102095
 833 11 6 7 14 12 4628755.844651774
 834 11 6 7 15 11 4629568.596295323
 835 10 8 7 14 11 4630739.806754303
 836 9 7 9 13 12 4631731.685130034
 837 9 8 7 14 12 4633067.055951018
 838 10 6 7 15 12 4635512.030713409
 839 10 7 6 15 12 4637403.802706784
 840 10 7 8 14 11 4638976.137327825
 841 10 6 6 14 14 4641228.247242483
 842 10 7 8 14 11 4643336.845751646
 843 9 7 7 16 11 4645905.273448712
 844 12 6 9 13 10 4647506.013444551
 845 12 6 8 13 11 4648982.937990511
 846 11 7 8 12 12 4650677.967283999
 847 12 6 9 13 10 4652587.313275217
 848 12 6 8 14 10 4653785.690458921
 849 11 7 9 13 10 4654808.633487214
 850 10 7 9 12 12 4656077.239825018
 851 11 7 7 13 12 4657486.594006235
 852 11 7 9 13 10 4659084.28805223
 853 12 5 8 13 12 4660400.268447975
 854 11 6 8 14 11 4661129.3741775695
 855 9 7 6 15 13 4662915.672990441
 856 10 7 8 13 12 4663878.813468774
 857 11 7 6 15 11 4665775.465090736
 858 11 7 9 13 10 4667112.181163143
 859 12 5 7 14 12 4668603.2031436665
 860 11 6 8 12 13 4670785.977282547
 861 11 6 5 15 13 4671500.741431892
 862 10 7 6 15 12 4673668.042713608
 863 11 6 5 15 13 4675569.395904702
 864 10 6 6 16 12 4677291.185640476
 865 11 6 6 13 14 4678840.565027349
 866 12 6 6 15 11 4679585.021798176
 867 11 6 5 15 13 4681329.117827164
 868 11 6 6 15 12 4682721.383060768
 869 11 6 6 14 13 4684361.647702934
 870 11 7 6 13 13 4685573.70043082
 871 10 7 5 16 12 4686265.916731603
 872 11 6 6 15 12 4686963.985708216
 873 9 8 5 15 13 4688552.843312609
 874 9 7 5 16 13 4690787.8384327525
 875 11 6 5 13 15 4691999.088378371
 876 9 7 6 16 12 4693312.015146947
 877 10 7 5 15 13 4694698.292547505
 878 10 6 6 16 12 4695515.368224686
 879 9 7 5 15 14 4697014.036799275
 880 9 8 6 15 12 4698460.2542131655
 881 10 6 5 16 13 4700078.575642945
 882 10 6 6 16 12 4701991.926025275
 883 9 7 5 16 13 4703510.195356458
 884 9 7 6 14 14 4704982.675974132
 885 10 6 5 16 13 4706813.303398813
 886 10 7 6 16 11 4707925.327624542
 887 11 6 5 16 12 4709182.564791683
 888 10 7 6 16 11 4710523.826992202
 889 9 8 5 14 14 4712181.113739926
 890 9 7 6 16 12 4713636.797107436
 891 9 7 5 16 13 4715177.756563988
 892 10 7 5 16 12 4716562.5077560255
 893 9 7 5 16 13 4717588.195540214
 894 9 7 6 14 14 4719778.527701345
 895 9 7 5 16 13 4720562.991380865
 896 10 6 6 16 12 4722542.854336975
 897 10 6 5 16 13 4723759.580364391
 898 10 7 6 15 12 4725438.087895846
 899 10 7 5 15 13 4727158.561182398
 900 10 6 7 16 11 4728693.629906009
 901 10 6 6 16 12 4730213.428632033
 902 9 7 6 15 13 4732184.220868633
 903 10 6 7 14 13 4734275.441380155
 904 10 6 5 15 14 4735402.850138346
 905 10 6 6 16 12 4736735.434676552
 906 10 6 5 16 13 4738122.011357816
 907 9 7 6 16 12 4738892.967802951
 908 10 6 5 15 14 4740193.872519275
 909 10 6 6 15 13 4741746.3013414405
 910 9 7 6 16 12 4742627.367543066
 911 9 7 5 16 13 4743430.707668122
 912 10 6 6 15 13 4744756.6009649
 913 9 7 5 16 13 4746998.861544075
 914 10 6 6 15 13 4747949.084120918
 915 9 7 5 16 13 4749027.452094683
 916 9 7 6 16 12 4750188.250249509
 917 9 7 5 15 14 4751891.553399499
 918 9 7 6 16 12 4753148.938511475
 919 9 7 5 15 14 4754203.161783015
 920 9 7 6 16 12 4755607.42314465
 921 9 7 5 16 13 4756912.799148455
 922 9 7 6 15 13 4757677.608339378
 923 10 6 5 16 13 4758708.558827661
 924 10 6 6 15 13 4759816.823372874
 925 10 6 6 16 12 4761383.653548339
 926 10 7 6 15 12 4763096.529489241
 927 10 7 5 16 12 4764972.498682044
 928 10 6 6 15 13 4766500.709467702
 929 11 5 5 16 13 4767549.889234459
 930 9 7 6 16 12 4769096.236363216
 931 9 7 5 15 14 4770854.923461532
 932 10 7 6 16 11 4773255.450417799
 933 9 7 7 15 12 4774864.909968533
 934 8 8 6 16 12 4776101.467967337
 935 10 6 8 15 11 4778051.987332496
 936 10 6 8 14 12 4779281.54129511
 937 10 6 6 16 12 4781960.159041895
 938 9 7 6 15 13 4783298.377200607
 939 9 7 6 16 12 4785226.560178148
 940 9 7 6 16 12 4787047.769191713
 941 10 6 5 15 14 4788378.817880478
 942 10 6 6 16 12 4789224.183382716
 943 10 7 5 15 13 4791455.204993343
 944 11 6 6 15 12 4792365.116888112
 945 10 6 5 15 14 4794173.793960674
 946 9 7 6 16 12 4795286.684081837
 947 8 8 6 16 12 4796170.0290634595
 948 8 8 6 15 13 4798563.825167629
 949 9 7 6 16 12 4800017.831795892
 950 10 6 6 15 13 4802128.259151952
 951 11 5 6 16 12 4803236.351694039
 952 10 6 6 16 12 4805028.576192186
 953 10 6 5 15 14 4806554.789619376
 954 10 6 6 15 13 4808137.24616774
 955 10 6 7 15 12 4809339.18408243
 956 10 6 7 15 12 4810846.324148905
 957 9 7 7 14 13 4813177.79610724
 958 10 6 6 16 12 4815291.805186827
 959 11 5 6 15 13 4817030.390875315
 960 9 7 5 16 13 4818443.647153526
 961 9 7 6 16 12 4821096.194700348
 962 11 5 5 15 14 4822578.147780952
 963 9 7 6 16 12 4824638.018839828
 964 10 6 6 15 13 4826345.992445291
 965 10 6 6 16 12 4827644.17313191
 966 8 8 5 16 13 4829527.466900444
 967 9 7 5 15 14 4831228.001656813
 968 9 7 5 16 13 4833434.454144496
 969 9 7 6 15 13 4834767.220663596
 970 9 7 5 16 13 4836590.40211541
 971 10 6 5 15 14 4838243.556000638
 972 10 6 6 16 12 4839550.888395613
 973 10 6 6 16 12 4841459.632440299
 974 8 8 5 15 14 4843129.718728631
 975 9 7 6 16 12 4844448.9761136845
 976 8 8 6 15 13 4846426.07964406
 977 8 8 7 15 12 4847925.66372715
 978 9 7 6 14 14 4850408.044141688
 979 8 8 7 16 11 4852722.64298988
 980 9 7 5 15 14 4854179.983288641
 981 9 7 8 15 11 4855705.929457391
 982 9 7 6 16 12 4857729.770524326
 983 8 8 5 15 14 4859289.0711696595
 984 9 7 6 16 12 4860503.094057885
 985 9 7 6 15 13 4862065.674195199
 986 9 7 7 16 11 4863923.431598305
 987 10 6 5 16 13 4865975.96639467
 988 9 7 6 15 13 4866782.023891803
 989 10 6 5 16 13 4868883.242319769
 990 10 6 6 15 13 4869536.216867728
 991 11 6 6 15 12 4870924.597754105
 992 9 7 6 15 13 4872333.097945795
 993 9 7 6 16 12 4874504.265126127
 994 9 7 6 15 13 4876262.970801197
 995 9 7 6 16 12 4878043.162715446
 996 9 7 6 16 12 4880419.755644881
 997 10 6 6 15 13 4881646.651946204
 998 10 6 6 16 12 4883476.806116499
 999 9 7 6 15 13 4884595.809339688
 1000 10 6 6 16 12 4886444.6630992
 1001 10 6 6 16 12 4887302.607578862
 1002 9 7 6 15 13 4889117.359894048
 1003 8 8 5 15 14 4891093.091947889
 1004 10 7 6 16 11 4893134.367654646
 1005 10 7 7 15 11 4894391.554955088
 1006 9 8 6 15 12 4895257.874952568
 1007 10 7 7 14 12 4896778.333114427
 1008 9 7 5 15 14 4899766.481657691
 1009 10 6 6 15 13 4901471.968105508
 1010 10 7 5 15 13 4903728.967995464
 1011 10 6 6 15 13 4905856.335293345
 1012 10 6 6 15 13 4907938.804126659
 1013 10 6 6 16 12 4910330.490640025
 1014 10 6 6 16 12 4912281.5160189755
 1015 10 6 5 16 13 4914240.132976974
 1016 10 6 6 15 13 4916501.8975692475
 1017 10 6 6 15 13 4917858.597008654
 1018 10 6 6 16 12 4919827.625495731
 1019 10 6 6 16 12 4922506.672608864
 1020 10 6 6 15 13 4924418.539602661
 1021 10 6 6 16 12 4925690.491410357
 1022 10 6 5 15 14 4927555.137895981
 1023 9 7 6 16 12 4929269.642257065
 1024 9 7 5 16 13 4931124.258505697
 1025 9 7 6 15 13 4933031.863314941
 1026 9 7 5 15 14 4934879.722456166
 1027 9 7 6 16 12 4936250.843041138
 1028 10 6 6 15 13 4937885.64075818
 1029 10 6 7 14 13 4939622.711044772
 1030 10 6 6 15 13 4942022.388407976
 1031 10 6 7 14 13 4943995.24915031
 1032 8 8 6 16 12 4945974.407506997
 1033 10 6 6 16 12 4948257.646228716
 1034 9 7 6 15 13 4950060.411825879
 1035 9 7 5 15 14 4951888.376565721
 1036 8 8 6 16 12 4953446.643837363
 1037 9 7 6 15 13 4955144.785115699
 1038 9 7 6 15 13 4957110.307143266
 1039 10 6 5 16 13 4958606.414110762
 1040 9 7 6 15 13 4960451.572284792
 1041 9 7 6 16 12 4962310.451508353
 1042 10 6 6 16 12 4963842.078004262
 1043 8 8 5 15 14 4965656.267885628
 1044 9 7 6 15 13 4966872.737899999
 1045 8 8 6 16 12 4968513.991796706
 1046 9 7 6 16 12 4970102.324880083
 1047 9 7 6 16 12 4971528.108421356
 1048 9 7 6 15 13 4973490.037887092
 1049 10 6 5 15 14 4974871.206622918
 1050 9 7 6 16 12 4976589.297927175
 1051 9 7 5 16 13 4977986.347031331
 1052 9 7 6 15 13 4979637.522167144
 1053 9 7 6 16 12 4981598.566048663
 1054 11 6 6 15 12 4982748.167584903
 1055 11 6 6 15 12 4984236.230512144
 1056 11 6 7 15 11 4985626.235883314
 1057 11 6 5 15 13 4986854.093507016
 1058 11 6 7 14 12 4988153.350969072
 1059 10 6 5 16 13 4989280.8802756695
 1060 11 5 6 16 12 4990694.156393189
 1061 9 8 5 15 13 4991931.769964679
 1062 8 8 7 16 11 4993760.689173621
 1063 9 7 7 15 12 4994945.984678139
 1064 10 6 6 16 12 4996076.049709656
 1065 9 7 7 16 11 4997448.687286244
 1066 10 6 7 15 12 4999338.129806571
 1067 9 7 6 15 13 5000946.5968732415
 1068 11 6 6 16 11 5002829.085981242
 1069 10 6 6 16 12 5004226.457622331
 1070 10 6 5 15 14 5005554.330163454
 1071 11 5 6 16 12 5006917.831846534
 1072 14 9 8 11 8 5013304.302248328
 1073 13 8 7 12 10 5019402.042045455
 1074 13 8 7 11 11 5027227.415555522
 1075 13 6 9 13 9 5033020.469802578
 1076 12 8 7 13 10 5039465.600911624
 1077 12 7 6 15 10 5046118.466395599
 1078 10 8 7 15 10 5053258.658247885
 1079 11 6 7 16 10 5059008.970848723
 1080 10 7 7 14 12 5065520.815624019
 1081 10 7 8 15 10 5071793.249378378
 1082 10 7 7 16 10 5078385.576766122
 1083 12 6 7 15 10 5083231.52259781
 1084 10 8 7 15 10 5089656.6154037425
 1085 10 8 6 14 12 5096162.031919445
 1086 10 7 7 16 10 5102806.922345555
 1087 11 7 6 16 10 5108922.847784316
 1088 10 7 7 15 11 5115216.034137582
 1089 9 8 6 15 12 5121286.712162242
 1090 9 7 8 16 10 5127988.2060451135
 1091 10 7 6 15 12 5133937.709610456
 1092 10 7 7 16 10 5139884.491630171
 1093 10 7 7 16 10 5145565.340990574
 1094 9 8 7 15 11 5150681.826614133
 1095 10 8 7 15 10 5156529.018378024
 1096 10 7 7 15 11 5163154.20071718
 1097 10 8 7 15 10 5169727.974467974
 1098 10 7 7 16 10 5176086.768838364
 1099 10 7 8 15 10 5182903.378508372
 1100 10 8 7 15 10 5189893.0144166425
 1101 11 7 7 16 9 5197573.806061748
 1102 11 7 7 16 9 5203793.979224643
 1103 11 7 7 16 9 5209976.044643199
 1104 11 7 6 16 10 5217250.801016319
 1105 11 8 7 16 8 5224026.767539794
 1106 11 7 7 16 9 5229906.783635506
 1107 11 7 7 15 10 5235609.597427601
 1108 10 7 6 16 11 5241415.926884974
 1109 11 7 7 16 9 5248119.32568249
 1110 10 7 7 16 10 5254452.270420277
 1111 9 8 7 14 12 5260426.051589577
 1112 11 7 6 15 11 5266897.967552078
 1113 10 7 7 16 10 5273278.258051661
 1114 10 6 8 15 11 5279959.517048502
 1115 9 7 8 15 11 5286083.972949156
 1116 9 7 8 15 11 5291235.060230545
 1117 8 8 8 15 11 5297549.991426636
 1118 10 7 7 15 11 5303432.097504806
 1119 10 7 8 14 11 5311565.5198844345
 1120 11 7 7 15 10 5318799.652803326
 1121 12 6 7 15 10 5325947.64581757
 1122 11 7 7 15 10 5332690.544802124
 1123 10 7 7 14 12 5339645.7117532855
 1124 10 7 7 15 11 5346585.5191070475
 1125 11 6 7 15 11 5352683.646529249
 1126 9 8 8 14 11 5358301.528361166
 1127 9 8 7 14 12 5364499.321685517
 1128 10 7 7 15 11 5371214.3248496745
 1129 10 7 7 15 11 5377616.303045971
 1130 10 7 7 15 11 5385022.914688166
 1131 12 6 7 14 11 5391463.108103114
 1132 10 7 7 15 11 5398703.9827768
 1133 12 6 7 15 10 5405261.93017854
 1134 11 6 7 14 12 5411516.930488208
 1135 11 6 7 15 11 5418571.597449337
 1136 10 7 7 15 11 5425670.632477628
 1137 11 7 7 15 10 5432636.344748117
 1138 10 7 7 14 12 5439581.878106112
 1139 10 7 7 15 11 5445865.662876805
 1140 10 8 7 15 10 5452989.667991292
 1141 10 8 7 15 10 5459143.204741512
 1142 10 8 7 14 11 5465218.992684998
 1143 12 7 5 15 11 5471162.884071921
 1144 11 8 6 15 10 5478102.922281443
 1145 11 7 7 14 11 5484203.89538762
 1146 11 7 7 15 10 5490440.146289652
 1147 11 7 7 15 10 5496873.097064291
 1148 12 6 7 16 9 5502802.241877457
 1149 11 6 7 16 10 5509724.557711244
 1150 10 8 6 15 11 5516715.763743761
 1151 10 7 7 16 10 5523363.109026868
 1152 10 7 7 16 10 5530187.477898899
 1153 10 8 6 16 10 5536480.951559874
 1154 10 8 7 14 11 5542961.259576771
 1155 10 9 7 14 10 5549873.856069659
 1156 10 8 6 15 11 5556693.9053257955
 1157 10 8 6 15 11 5563593.2441893015
 1158 11 8 6 15 10 5571197.753394466
 1159 12 7 6 15 10 5577693.797950873
 1160 12 7 6 15 10 5584956.684872592
 1161 12 7 6 15 10 5590970.174802537
 1162 11 8 6 15 10 5598502.5154339615
 1163 10 8 6 16 10 5604999.501184369
 1164 9 8 7 16 10 5611559.787468745
 1165 10 7 7 16 10 5618425.973656036
 1166 10 7 7 16 10 5625135.798854711
 1167 11 6 7 16 10 5631329.624688219
 1168 11 6 7 16 10 5637166.198393162
 1169 10 7 7 16 10 5643525.427861895
 1170 9 7 8 15 11 5650071.773122388
 1171 10 7 7 16 10 5656656.018675573
 1172 10 7 7 16 10 5663265.357074952
 1173 11 6 7 16 10 5669609.521003262
 1174 11 6 6 15 12 5675668.640643208
 1175 11 6 7 16 10 5681605.769764256
 1176 10 7 7 16 10 5688168.017334295
 1177 10 7 7 16 10 5695272.420290243
 1178 10 7 7 15 11 5701792.852907679
 1179 9 7 7 15 12 5709103.724053786
 1180 10 7 7 16 10 5715951.3649564395
 1181 11 6 7 15 11 5722988.500350148
 1182 11 6 7 16 10 5729377.241464248
 1183 10 7 7 15 11 5735539.265806003
 1184 10 7 7 16 10 5742177.797052065
 1185 10 7 7 15 11 5749148.411700738
 1186 10 7 7 16 10 5755915.887760822
 1187 11 7 7 14 11 5761834.128160667
 1188 10 8 7 16 9 5768304.119017606
 1189 11 7 7 15 10 5774241.401943987
 1190 10 8 7 16 9 5781057.972066224
 1191 11 7 7 15 10 5786905.549049294
 1192 10 7 8 16 9 5794537.851222518
 1193 11 6 8 15 10 5801040.044013902
 1194 11 6 7 16 10 5807817.402069484
 1195 10 7 7 15 11 5814631.561608532
 1196 9 8 7 15 11 5820870.682712146
 1197 10 7 7 16 10 5827110.7204513885
 1198 11 7 6 16 10 5833332.833161057
 1199 10 7 7 16 10 5839135.752572212
 1200 9 8 7 14 12 5845502.09627297
 1201 9 8 7 16 10 5851902.401798088
 1202 9 8 7 16 10 5858344.084374827
 1203 10 7 7 16 10 5865173.250704135
 1204 10 7 7 14 12 5872409.520855372
 1205 10 7 7 16 10 5878701.580725361
 1206 10 7 7 16 10 5885224.755931423
 1207 10 7 7 16 10 5892539.456073229
 1208 10 7 7 14 12 5899661.028987434
 1209 10 7 7 16 10 5907092.84455003
 1210 10 7 7 16 10 5914944.062484444
 1211 10 7 7 16 10 5922453.492717768
 1212 11 7 7 14 11 5929404.125331186
 1213 11 7 7 16 9 5936518.30716384
 1214 11 7 7 16 9 5943671.7727469625
 1215 11 7 8 15 9 5951299.2526808
 1216 11 7 8 14 10 5958019.451118921
 1217 10 7 7 15 11 5965645.959054769
 1218 11 7 7 16 9 5973023.900256228
 1219 11 7 7 16 9 5979581.048834232
 1220 11 7 7 15 10 5987243.860708759
 1221 11 7 7 15 10 5994823.617759056
 1222 11 7 7 16 9 6002154.865412937
 1223 10 7 7 16 10 6009123.470141232
 1224 10 7 7 16 10 6016791.831688705
 1225 10 7 7 14 12 6024846.967678814
 1226 10 7 7 16 10 6032490.784598671
 1227 10 7 7 16 10 6040363.534840975
 1228 10 7 7 16 10 6047666.0171393445
 1229 10 7 7 14 12 6053850.83138147
 1230 10 7 7 16 10 6061487.633812558
 1231 10 7 7 16 10 6069185.626686325
 1232 10 7 7 16 10 6076819.511777886
 1233 10 7 7 14 12 6083970.3976975735
 1234 10 7 7 16 10 6090546.9831700865
 1235 10 7 7 16 10 6098150.433813594
 1236 11 7 6 16 10 6104899.771792192
 1237 10 7 7 15 11 6112103.9057681635
 1238 10 7 8 14 11 6118848.72794148
 1239 11 6 6 16 11 6125814.821954178
 1240 10 7 7 16 10 6132087.738674535
 1241 11 7 6 15 11 6138858.654516982
 1242 10 7 7 15 11 6145375.355821019
 1243 12 6 5 16 11 6152026.47378217
 1244 11 6 6 15 12 6158975.305902107
 1245 11 7 6 16 10 6165297.994439649
 1246 10 7 6 15 12 6171881.84451798
 1247 11 7 6 16 10 6178338.690720613
 1248 9 7 7 15 12 6184607.588421208
 1249 10 7 7 16 10 6191448.258951264
 1250 10 7 7 14 12 6199362.598318964
 1251 11 7 7 16 9 6205609.87660243
 1252 10 8 7 15 10 6213057.089024481
 1253 12 6 6 16 10 6219451.685398433
 1254 10 8 7 16 9 6225890.68185971
 1255 9 8 7 15 11 6232549.594051656
 1256 9 8 7 16 10 6239087.983185625
 1257 9 8 7 15 11 6247253.395336967
 1258 10 7 7 16 10 6254621.815730322
 1259 9 8 7 15 11 6261530.5940695405
 1260 10 7 6 16 11 6269441.383893717
 1261 10 7 7 15 11 6277510.549733438
 1262 10 7 7 16 10 6285450.014212561
 1263 10 7 7 15 11 6293181.302641677
 1264 10 7 7 16 10 6301954.55414341
 1265 10 7 7 16 10 6310177.787532454
 1266 10 7 7 15 11 6317798.446356906
 1267 10 7 7 16 10 6325255.187152969
 1268 10 7 7 16 10 6332932.326952137
 1269 10 7 7 15 11 6339022.612392226
 1270 9 8 7 16 10 6346834.992985058
 1271 10 7 7 15 11 6354192.827796851
 1272 10 7 7 16 10 6361216.143726944
 1273 11 6 7 15 11 6368505.648037885
 1274 10 7 7 16 10 6375760.160207595
 1275 11 6 7 16 10 6382541.745582986
 1276 10 7 7 15 11 6389923.369450604
 1277 11 6 7 16 10 6397787.625139363
 1278 10 7 6 15 12 6405028.1542081535
 1279 9 7 8 16 10 6411841.615046409
 1280 10 8 7 15 10 6419851.910487747
 1281 9 7 8 16 10 6427288.055253523
 1282 9 7 8 16 10 6434695.437512351
 1283 10 7 7 15 11 6442401.927365826
 1284 10 7 6 16 11 6449607.063854757
 1285 10 7 6 15 12 6457245.640935046
 1286 9 7 8 16 10 6464441.658714129
 1287 10 7 7 15 11 6471936.529345555
 1288 11 6 7 16 10 6479596.872861178
 1289 10 7 7 16 10 6486765.076933436
 1290 11 6 7 15 11 6493477.673137256
 1291 12 6 6 16 10 6500909.5672918
 1292 11 6 8 14 11 6508472.815463595
 1293 12 6 6 16 10 6515464.625048715
 1294 10 7 7 15 11 6522047.587734276
 1295 10 7 7 16 10 6529497.238881214
 1296 11 6 7 16 10 6537346.393866028
 1297 11 6 7 15 11 6544451.169759073
 1298 11 6 7 16 10 6552217.5287644705
 1299 10 7 6 15 12 6559472.158716371
 1300 11 6 7 16 10 6567276.532027284
 1301 10 7 6 16 11 6575607.461391143
 1302 11 6 7 15 11 6583041.618681165
 1303 10 7 6 15 12 6591605.221552416
 1304 10 7 7 16 10 6598672.390080235
 1305 10 7 7 16 10 6606116.181460094
 1306 11 6 7 15 11 6613492.161424727
 1307 12 6 6 16 10 6620653.331665838
 1308 10 7 7 16 10 6627853.971796629
 1309 11 7 5 15 12 6635519.443421733
 1310 11 6 7 16 10 6643218.779571598
 1311 11 6 7 15 11 6651187.5400879
 1312 11 6 7 16 10 6658297.751148723
 1313 11 6 7 16 10 6666312.683580593
 1314 10 7 7 15 11 6674161.49986112
 1315 10 7 7 15 11 6682189.65224826
 1316 10 7 6 16 11 6689542.617478873
 1317 9 8 7 16 10 6696730.789154288
 1318 10 7 6 15 12 6704600.274967929
 1319 10 7 7 16 10 6712339.442549053
 1320 10 7 7 15 11 6720626.128705233
 1321 10 7 7 16 10 6729152.025667301
 1322 10 7 7 15 11 6736421.78505943
 1323 10 7 8 15 10 6744623.035553141
 1324 11 6 7 16 10 6752898.46273922
 1325 11 6 7 15 11 6760057.684751554
 1326 10 7 7 15 11 6767553.443735911
 1327 11 6 7 16 10 6775453.839896304
 1328 10 7 7 16 10 6782818.087751015
 1329 11 6 7 15 11 6790092.600075015
 1330 11 6 7 16 10 6798427.308572122
 1331 10 7 7 15 11 6806341.155931001
 1332 11 6 8 16 9 6813553.027013539
 1333 11 7 7 15 10 6820448.381891359
 1334 10 7 7 16 10 6827349.302795377
 1335 10 7 7 16 10 6835111.239138687
 1336 9 8 8 15 10 6843331.677002085
 1337 9 7 8 16 10 6850252.724369759
 1338 10 7 7 15 11 6858350.669848139
 1339 9 7 8 16 10 6866399.444532887
 1340 9 7 8 16 10 6873023.287279249
 1341 9 7 8 15 11 6880755.119758579
 1342 8 8 8 16 10 6888368.183933802
 1343 9 7 8 15 11 6896091.020898486
 1344 10 7 7 16 10 6903220.668074924
 1345 9 7 7 15 12 6910022.2122098915
 1346 9 7 7 16 11 6916351.436382111
 1347 8 8 8 15 11 6924357.027461059
 1348 9 7 8 16 10 6931996.944862203
 1349 9 7 8 16 10 6939405.852723901
 1350 10 7 7 16 10 6946699.444943267
 1351 10 7 7 15 11 6953632.646322223
 1352 10 8 7 15 10 6960980.1063946895
 1353 9 8 6 16 11 6968086.877787502
 1354 11 6 7 16 10 6975298.784287841
 1355 10 7 7 15 11 6982551.855016077
 1356 10 7 6 16 11 6990062.220850239
 1357 10 7 8 15 10 6998393.9597296985
 1358 10 7 8 16 9 7005951.456635157
 1359 10 7 8 15 10 7014560.352931406
 1360 10 7 9 15 9 7022343.061364881
 1361 11 6 8 16 9 7029547.556462437
 1362 9 8 8 15 10 7037107.941577116
 1363 11 7 7 16 9 7043830.839023641
 1364 12 6 6 15 11 7051119.382206836
 1365 10 6 9 16 9 7057510.985730553
 1366 9 7 8 15 11 7065354.727058739
 1367 10 7 7 16 10 7073144.325677068
 1368 10 6 8 15 11 7079854.468879247
 1369 11 6 7 16 10 7087482.943903982
 1370 10 7 8 16 9 7094921.393365455
 1371 11 6 7 15 11 7101831.8654367635
 1372 11 6 8 15 10 7108452.264896376
 1373 12 6 7 16 9 7114399.862061138
 1374 11 6 7 16 10 7122066.924318858
 1375 11 6 6 16 11 7128903.787407147
 1376 11 6 7 15 11 7137003.195591608
 1377 11 6 9 15 9 7143122.600243904
 1378 11 6 8 16 9 7151033.2263952205
 1379 11 6 8 16 9 7158557.067720954
 1380 11 6 8 15 10 7165768.460615613
 1381 11 6 7 16 10 7173168.745437282
 1382 10 7 7 15 11 7180605.360104757
 1383 10 7 7 16 10 7187589.145057688
 1384 10 7 7 16 10 7195191.300133497
 1385 11 7 7 15 10 7202604.602775883
 1386 11 7 7 15 10 7209588.723562679
 1387 11 7 7 16 9 7217583.181199661
 1388 9 8 8 16 9 7224579.669887007
 1389 10 7 7 16 10 7231490.910529744
 1390 9 7 8 14 12 7238859.647294078
 1391 10 7 7 16 10 7245060.403263174
 1392 9 7 8 16 10 7252089.033986568
 1393 10 7 8 16 9 7258328.527196057
 1394 9 7 8 15 11 7265241.845419719
 1395 9 7 8 15 11 7272011.615590972
 1396 10 7 7 16 10 7280025.630600136
 1397 11 6 7 16 10 7286504.1738770995
 1398 10 7 7 16 10 7293339.922421504
 1399 10 7 7 14 12 7300120.035107119
 1400 10 7 7 16 10 7307377.824649607
 1401 11 7 7 16 9 7314906.505947039
 1402 12 7 7 15 9 7323189.972259633
 1403 10 7 7 15 11 7330843.776409414
 1404 10 7 7 15 11 7339162.373991498
 1405 11 7 7 16 9 7346800.813755027
 1406 11 7 7 16 9 7355016.850402391
 1407 11 7 7 16 9 7362392.374762896
 1408 11 7 8 15 9 7370687.16760253
 1409 12 7 7 15 9 7378198.55603252
 1410 11 8 7 16 8 7386802.020919724
 1411 10 8 8 16 8 7394538.913608188
 1412 9 8 8 16 9 7401705.362425017
 1413 10 7 8 15 10 7409239.270124575
 1414 10 7 9 15 9 7417948.859321314
 1415 10 7 9 16 8 7424967.051914747
 1416 10 7 9 16 8 7432222.113225294
 1417 11 6 8 16 9 7440365.634180944
 1418 10 7 8 14 11 7447343.382000327
 1419 11 7 7 16 9 7455894.104239726
 1420 10 7 7 16 10 7464281.65152123
 1421 11 7 7 16 9 7471150.687603015
 1422 10 7 8 14 11 7478583.495679141
 1423 10 7 7 16 10 7485805.768903749
 1424 11 8 7 15 9 7492232.143308255
 1425 10 7 8 16 9 7499101.986556175
 1426 10 7 8 16 9 7506062.770972607
 1427 11 6 8 14 11 7513088.494525551
 1428 11 6 8 16 9 7519492.479332658
 1429 11 6 7 16 10 7526072.570598463
 1430 10 7 7 15 11 7533017.2811429715
 1431 10 7 7 15 11 7540011.240980699
 1432 10 7 8 15 10 7547231.852685443
 1433 10 7 7 15 11 7553715.258925933
 1434 10 7 7 15 11 7560373.531255722
 1435 10 7 7 16 10 7567189.550413323
 1436 9 8 7 15 11 7573176.332182042
 1437 11 6 7 15 11 7580489.564112841
 1438 11 6 7 16 10 7587234.546362421
 1439 11 6 7 15 11 7592689.891021119
 1440 11 6 7 16 10 7598605.253287821
 1441 10 6 8 15 11 7605246.495530993
 1442 10 7 7 15 11 7611653.32985875
 1443 11 6 7 15 11 7619529.790586393
 1444 11 6 7 16 10 7626907.701757353
 1445 11 6 7 14 12 7634125.970215367
 1446 10 7 7 16 10 7640750.122550747
 1447 10 7 6 16 11 7648841.462588268
 1448 10 7 7 14 12 7655746.400069327
 1449 10 7 7 16 10 7662549.484965589
 1450 11 6 7 16 10 7669921.793087496
 1451 10 6 8 14 12 7676605.739351014
 1452 9 7 8 16 10 7683438.576224252
 1453 9 7 8 16 10 7690823.606656236
 1454 10 7 7 15 11 7697883.691405339
 1455 11 6 7 15 11 7704699.392221811
 1456 10 7 7 15 11 7711642.786790861
 1457 12 6 7 16 9 7718561.317647746
 1458 12 6 7 14 11 7724519.62226759
 1459 11 7 7 15 10 7729966.095485731
 1460 10 7 7 14 12 7736506.884473003
 1461 10 7 8 14 11 7743131.046681043
 1462 11 6 8 14 11 7750011.208755284
 1463 11 6 9 13 11 7757159.432214076
 1464 9 7 9 15 10 7764066.421277963
 1465 10 7 8 14 11 7771560.159742518
 1466 10 7 7 14 12 7778475.776995219
 1467 10 7 7 14 12 7785355.079929905
 1468 10 7 7 15 11 7792801.710468512
 1469 10 7 7 14 12 7799841.288933826
 1470 10 7 7 14 12 7807281.918577964
 1471 10 7 7 15 11 7813905.72576015
 1472 10 7 7 15 11 7819859.967939359
 1473 10 7 7 14 12 7826939.489032129
 1474 10 7 7 14 12 7833539.303332305
 1475 12 6 6 14 12 7840362.276231646
 1476 11 6 7 15 11 7847733.608332514
 1477 10 7 7 15 11 7854995.142254702
 1478 11 7 6 14 12 7862465.884000438
 1479 10 6 8 15 11 7868612.671593062
 1480 10 7 7 16 10 7875456.121258472
 1481 10 7 7 14 12 7882157.595433763
 1482 11 6 7 14 12 7887896.970503134
 1483 10 7 8 15 10 7894928.815030036
 1484 10 7 8 14 11 7902153.5144555895
 1485 10 6 9 15 10 7908654.102131776
 1486 11 6 7 14 12 7916263.356804877
 1487 11 7 6 15 11 7923793.073145716
 1488 11 7 6 15 11 7930234.174391437
 1489 11 6 7 14 12 7937848.322864461
 1490 11 6 7 14 12 7944891.306492362
 1491 11 6 7 15 11 7951779.958982046
 1492 11 7 6 15 11 7958930.120201731
 1493 11 7 6 14 12 7965612.961296627
 1494 10 7 6 15 12 7972554.9543224145
 1495 10 7 6 14 13 7979434.140207551
 1496 11 7 6 15 11 7987406.754479588
 1497 11 6 7 14 12 7994315.515275044
 1498 11 6 6 14 13 8001428.365703509
 1499 10 7 6 14 13 8008462.836889535
 1500 11 6 6 14 13 8015829.320397365
 1501 10 6 8 14 12 8022927.375005539
 1502 10 6 8 16 10 8031063.671131163
 1503 9 7 9 14 11 8038129.371761399
 1504 11 7 8 14 10 8046060.811390247
 1505 11 6 8 14 11 8052788.558310207
 1506 9 7 9 15 10 8060260.178536323
 1507 10 6 9 14 11 8067501.826947344
 1508 10 7 7 14 12 8073884.692407702
 1509 11 7 6 15 11 8081342.570002001
 1510 9 7 8 14 12 8088187.926775612
 1511 9 7 8 14 12 8095687.3543315185
 1512 10 7 7 14 12 8103259.054644269
 1513 10 7 7 15 11 8111290.183647973
 1514 10 7 8 14 11 8118452.693431309
 1515 9 8 9 14 10 8126721.378360123
 1516 10 8 8 14 10 8134313.922051643
 1517 10 7 9 15 9 8141801.350437623
 1518 10 8 8 14 10 8149570.618155457
 1519 10 7 9 15 9 8157424.7537639495
 1520 10 7 8 14 11 8164511.598065368
 1521 12 7 6 15 10 8172478.271466361
 1522 10 7 7 15 11 8179395.514127813
 1523 10 7 7 15 11 8185942.315647304
 1524 10 7 6 16 11 8192599.101116358
 1525 10 7 6 15 12 8199008.926990546
 1526 10 7 6 15 12 8205550.019430791
 1527 10 7 6 16 11 8211481.783340983
 1528 10 7 6 15 12 8218105.0428160345
 1529 9 7 7 16 11 8224870.245880686
 1530 10 7 6 15 12 8231170.739719597
 1531 9 7 7 15 12 8238285.9430243075
 1532 10 7 6 15 12 8244733.628223303
 1533 10 7 6 16 11 8251483.438730492
 1534 10 7 6 15 12 8258898.226912317
 1535 10 7 6 15 12 8265410.661429945
 1536 9 7 7 16 11 8272425.349259571
 1537 10 7 6 14 13 8278721.173203664
 1538 9 7 8 14 12 8285777.001339771
 1539 10 7 6 14 13 8292541.442213711
 1540 10 7 6 14 13 8299680.768124703
 1541 11 7 6 14 12 8307019.489735161
 1542 11 7 6 14 12 8313834.451048327
 1543 11 7 7 13 12 8320618.708710212
 1544 10 7 7 15 11 8327354.171866373
 1545 10 7 8 14 11 8333817.159342642
 1546 11 7 6 16 10 8341002.846453092
 1547 10 7 7 15 11 8347861.426019628
 1548 9 7 8 15 11 8355277.054671263
 1549 9 7 8 15 11 8361995.535381346
 1550 10 7 7 15 11 8369558.756594038
 1551 10 7 7 15 11 8377015.264182265
 1552 10 8 7 15 10 8383111.859089792
 1553 10 7 8 15 10 8390602.362539401
 1554 10 8 7 15 10 8397636.45396504
 1555 10 8 7 15 10 8405211.879090792
 1556 10 8 7 15 10 8412653.797579857
 1557 10 8 7 15 10 8419988.802779915
 1558 11 7 7 15 10 8426447.894672113
 1559 10 7 7 15 11 8433320.37002905
 1560 10 7 7 15 11 8441072.040262353
 1561 10 7 7 15 11 8448398.677643271
 1562 11 6 7 15 11 8455673.199302135
 1563 11 6 7 14 12 8463404.171266256
 1564 11 6 7 14 12 8469790.10410628
 1565 11 7 6 14 12 8476758.59812086
 1566 10 7 7 14 12 8483413.351498645
 1567 10 7 7 15 11 8490716.406864546
 1568 11 8 6 14 11 8497734.500064382
 1569 11 7 7 15 10 8504567.619786123
 1570 11 7 8 13 11 8511139.086437063
 1571 12 6 7 15 10 8517103.647933291
 1572 10 8 7 14 11 8523557.78527119
 1573 10 7 8 15 10 8530418.079948537
 1574 10 7 8 15 10 8536602.798917517
 1575 10 7 7 14 12 8543143.183122806
 1576 10 7 7 15 11 8550030.466783218
 1577 11 6 7 14 12 8556573.093768774
 1578 10 7 7 14 12 8563437.872176422
 1579 10 7 7 15 11 8569518.899948055
 1580 10 7 7 14 12 8575042.661123136
 1581 10 6 7 15 12 8580717.072047064
 1582 10 6 7 14 13 8587397.416332208
 1583 10 6 7 14 13 8594580.332390329
 1584 10 6 7 14 13 8600725.533070821
 1585 10 6 7 15 12 8608163.413118076
 1586 12 5 6 14 13 8615470.495001683
 1587 12 5 6 14 13 8621712.571899805
 1588 11 5 7 16 11 8628358.401370479
 1589 10 6 7 15 12 8635498.468211489
 1590 10 6 7 15 12 8641742.96090237
 1591 11 6 6 15 12 8648918.239445016
 1592 10 6 7 14 13 8655393.862342237
 1593 12 5 6 16 11 8661388.040846387
 1594 10 6 7 14 13 8667805.350061141
 1595 10 6 7 15 12 8673862.550613826
 1596 10 6 7 15 12 8680686.293662675
 1597 10 7 7 14 12 8687084.414238745
 1598 10 6 8 16 10 8694236.513218196
 1599 10 6 8 14 12 8701711.642107723
 1600 10 6 8 15 11 8708309.246931477
 1601 10 6 8 15 11 8715731.407192491
 1602 10 6 8 15 11 8723055.29002023
 1603 11 5 8 15 11 8729788.341845948
 1604 11 6 7 14 12 8737156.863076383
 1605 10 6 7 16 11 8744057.646309778
 1606 10 6 6 14 14 8751626.8624926
 1607 11 5 7 15 12 8758403.106954237
 1608 10 6 6 15 13 8765564.504516473
 1609 12 5 6 14 13 8772527.131588858
 1610 10 6 7 15 12 8779166.892145768
 1611 10 6 7 15 12 8786375.923742931
 1612 11 5 7 14 13 8792293.857135063
 1613 10 5 8 15 12 8799381.539873866
 1614 11 5 7 15 12 8805739.013625035
 1615 10 6 7 15 12 8812285.432924073
 1616 10 6 7 15 12 8819704.380560689
 1617 11 5 7 14 13 8827400.175023215
 1618 11 6 7 15 11 8834495.006766563
 1619 11 6 8 13 12 8842277.402347332
 1620 11 6 7 15 11 8848852.732555622
 1621 10 7 7 16 10 8856020.48099466
 1622 11 6 7 16 10 8863491.629512064
 1623 11 6 7 14 12 8870278.285957802
 1624 11 6 7 15 11 8877720.653736709
 1625 11 6 8 14 11 8885786.070845198
 1626 11 6 8 15 10 8892513.056238424
 1627 10 7 8 14 11 8899937.310800478
 1628 11 6 7 15 11 8906156.790403428
 1629 10 7 7 14 12 8913632.174436865
 1630 11 6 7 16 10 8921620.94665039
 1631 11 6 7 15 11 8928430.041552708
 1632 10 7 7 14 12 8935625.085619364
 1633 10 7 7 16 10 8942680.702592175
 1634 10 7 7 14 12 8948997.431448786
 1635 10 7 7 16 10 8955959.36035247
 1636 10 7 7 14 12 8963439.522280034
 1637 10 7 7 15 11 8970484.44920362
 1638 10 7 7 15 11 8978472.810989855
 1639 10 7 7 15 11 8986097.682954181
 1640 10 7 7 15 11 8993619.077279499
 1641 10 7 7 14 12 9000649.352272177
 1642 10 6 8 15 11 9008124.335819727
 1643 9 7 8 14 12 9014906.63440623
 1644 10 7 7 15 11 9022580.126338739
 1645 10 7 7 15 11 9028823.025136733
 1646 10 7 7 14 12 9036337.937260656
 1647 11 6 7 15 11 9042315.35449858
 1648 11 6 7 15 11 9049448.724946242
 1649 11 7 6 14 12 9055948.746000193
 1650 10 7 7 15 11 9062169.289862903
 1651 11 6 7 15 11 9069371.716697836
 1652 10 7 8 14 11 9075536.518707603
 1653 10 7 7 15 11 9082005.459903328
 1654 10 7 7 15 11 9088853.347771335
 1655 10 6 8 15 11 9095855.537984522
 1656 10 7 7 14 12 9102673.538178505
 1657 10 7 7 15 11 9109905.295173135
 1658 10 8 6 15 11 9116781.631118068
 1659 10 7 7 15 11 9124816.246034816
 1660 10 7 7 15 11 9131313.451549899
 1661 10 7 7 14 12 9138338.778910683
 1662 11 6 7 16 10 9144375.830281414
 1663 11 6 7 14 12 9151116.165913418
 1664 11 6 7 16 10 9157622.005288966
 1665 11 6 7 14 12 9164413.83342288
 1666 11 6 7 16 10 9171573.257191656
 1667 9 7 9 14 11 9179017.605251895
 1668 10 7 7 15 11 9186928.750450898
 1669 10 7 7 15 11 9194403.08743685
 1670 11 6 7 14 12 9202013.2797621
 1671 11 6 7 15 11 9208554.434473215
 1672 11 6 7 15 11 9216606.030678399
 1673 11 6 7 15 11 9224621.643241433
 1674 11 6 7 16 10 9231555.199375944
 1675 11 6 7 14 12 9239272.100821728
 1676 11 6 7 16 10 9246288.344562413
 1677 11 6 7 14 12 9253566.4855968
 1678 11 6 7 14 12 9261091.412756817
 1679 11 6 7 16 10 9269040.064384587
 1680 11 6 7 14 12 9275726.770730775
 1681 11 6 7 16 10 9283471.032614237
 1682 11 6 7 14 12 9290561.054727169
 1683 10 6 7 15 12 9298171.150557153
 1684 11 6 7 14 12 9304699.19902344
 1685 10 6 8 15 11 9311961.337998966
 1686 11 6 7 15 11 9318326.765077928
 1687 10 6 8 15 11 9325939.965134483
 1688 10 7 7 15 11 9332559.878441548
 1689 10 7 7 15 11 9339625.517111072
 1690 11 7 7 14 11 9347072.79998953
 1691 12 6 7 15 10 9353724.301259354
 1692 11 7 7 14 11 9360510.154795924
 1693 11 7 7 14 11 9366620.74918221
 1694 12 5 7 15 11 9373730.062217446
 1695 15 14 9 4 8 30812.74092429291
 1696 15 10 9 6 10 33523.041841842445
 1697 14 13 8 6 9 36961.05727802018
 1698 11 15 9 6 9 40538.3831555936
 1699 11 15 10 6 8 43538.27505765831
 1700 13 13 9 6 9 47000.17885998676
 1701 12 12 10 7 9 50597.10822949404
 1702 12 14 9 6 9 53180.02136486019
 1703 12 15 8 7 8 55925.99130813293
 1704 12 13 9 7 9 57996.0676707379
 1705 9 17 8 7 9 61350.2176750802
 1706 12 14 8 6 10 64418.2585446446
 1707 8 16 9 7 10 68451.80459293255
 1708 11 15 9 7 8 71370.04165733977
 1709 11 16 8 6 9 74457.26045171898
 1710 13 13 10 6 8 77307.28150478478
 1711 12 14 10 6 8 80841.41399978529
 1712 8 16 11 9 6 90504.96650466308
 1713 16 9 9 10 6 96698.90752989134
 1714 15 9 10 11 5 104286.35318573346
 1715 12 13 9 11 5 112144.6799842119
 1716 14 12 8 11 5 119616.71189818931
 1717 15 11 8 10 6 128203.3147080934
 1718 12 12 10 11 5 135776.37006266112
 1719 13 12 9 11 5 144543.70756325216
 1720 11 14 10 10 5 152407.66121142008
 1721 13 11 10 10 6 160919.41868973296
 1722 11 13 10 11 5 169669.61434702214
 1723 14 11 9 11 5 178869.77487107742
 1724 12 11 10 12 5 187644.38222063336
 1725 13 11 9 11 6 195089.90347728063
 1726 11 13 9 12 5 204648.89996359046
 1727 9 14 9 12 6 213281.88787991152
 1728 12 11 9 12 6 222749.72357835594
 1729 8 15 9 11 7 231983.118808385
 1730 12 9 11 12 6 240526.59937991176
 1731 11 10 11 12 6 248907.5836303406
 1732 12 10 10 12 6 257161.8349015045
 1733 12 10 9 11 8 265174.839228342
 1734 12 10 9 12 7 273484.19184007635
 1735 10 12 9 12 7 281394.6716107866
 1736 11 11 9 10 9 289932.15496754175
 1737 14 8 10 11 7 297940.743137938
 1738 14 8 9 12 7 306180.6457015828
 1739 12 10 9 12 7 314651.74727543676
 1740 14 8 9 11 8 323245.8403345949
 1741 13 9 9 12 7 332012.2995156635
 1742 16 6 9 12 7 340384.5426085715
 1743 13 9 8 12 8 349495.1844862191
 1744 14 8 8 11 9 357541.01650194096
 1745 13 10 8 12 7 365991.78279232664