 "ticks" "state 0" "state 1" "state 2" "state 3" "state 4" "bioenergy success"
 0 14 10 9 8 9 25175.097
 1 15 8 8 9 10 24325.52281576066
 2 14 10 7 9 10 23623.599081655637
 3 11 10 8 9 12 23145.424954454626
 4 14 8 7 9 12 22486.445768464255
 5 12 9 8 9 12 21825.620399526855
 6 13 8 7 9 13 21220.627203386975
 7 11 9 8 9 13 20735.77253171712
 8 11 9 8 9 13 20394.7526359504
 9 13 8 7 9 13 20030.91774105794
 10 12 8 7 10 13 19460.209002419386
 11 11 9 7 10 13 19038.821643458134
 12 11 8 8 10 13 18603.556736235674
 13 11 8 8 10 13 18067.8095160347
 14 12 8 7 10 13 17506.17388872361
 15 11 9 7 10 13 17109.64334312451
 16 9 10 8 10 13 16887.20097090123
 17 12 8 7 10 13 16434.29547206103
 18 11 8 8 10 13 15860.914268642895
 19 10 10 7 10 13 15612.01199476061
 20 11 8 8 10 13 15016.82786736728
 21 11 8 8 10 13 14499.403156375163
 22 12 8 7 10 13 13825.553826153095
 23 11 8 8 10 13 13326.498459691624
 24 11 8 8 10 13 12753.901413490437
 25 12 8 7 10 13 12285.148910045673
 26 11 8 8 10 13 11715.879940256908
 27 11 9 7 10 13 11366.598264383756
 28 11 8 8 10 13 10938.01616916566
 29 13 8 6 10 13 10593.260757791853
 30 12 8 7 10 13 10166.948619287234
 31 13 8 7 10 12 9623.805283078165
 32 13 8 7 10 12 9157.267500934895
 33 13 8 6 10 13 8810.42138147679
 34 12 8 8 10 12 8350.496546651333
 35 12 8 7 11 12 7779.683694821786
 36 12 8 7 10 13 7403.876246300008
 37 12 8 7 11 12 7012.332411853846
 38 11 8 8 10 13 6682.796233319213
 39 11 8 8 11 12 6321.098005666297
 40 10 9 8 10 13 5950.124944146453
 41 11 9 7 10 13 5730.639040042921
 42 12 9 6 10 13 5484.150433642803
 43 11 9 7 10 13 5307.020067848481
 44 12 9 6 10 13 5052.06405026828
 45 13 8 6 10 13 4735.823829791621
 46 12 8 7 10 13 4354.627774107864
 47 12 9 6 10 13 4175.25469266574
 48 12 9 6 11 12 3868.541412379445
 49 12 9 6 10 13 3647.7690715785006
 50 14 8 6 11 11 3141.3416628642335
 51 12 8 8 10 12 2576.212887731753
 52 12 8 7 11 12 1927.2869087884815
 53 10 9 8 10 13 1559.5699433923367
 54 10 10 7 11 12 1200.166497706597
 55 11 9 7 10 13 888.3379129918109
 56 10 9 8 11 12 400.64877621756284
 57 10 9 8 11 12 82.15189329315908
 58 12 8 7 11 12 -343.9677309198803
 59 11 8 8 10 13 -748.9435319197469
 60 11 8 8 11 12 -1162.6072421754827
 61 11 8 8 10 13 -1596.7239914271452
 62 11 8 8 10 13 -2044.1693648930836
 63 12 8 7 11 12 -2424.739226051531
 64 11 9 7 10 13 -2825.366956789597
 65 10 9 8 11 12 -3182.4574787965057
 66 11 9 7 10 13 -3519.6512538480038
 67 10 9 8 10 13 -3753.172589798381
 68 12 8 7 11 12 -4311.309432600757
 69 12 8 7 10 13 -4648.220293835262
 70 12 8 7 11 12 -5147.089042601771
 71 10 9 8 10 13 -5499.226729356544
 72 12 8 7 10 13 -5845.545552358131
 73 11 9 7 11 12 -6130.32280687016
 74 11 9 7 10 13 -6520.0650106251915
 75 11 8 8 11 12 -6918.212631204655
 76 11 9 7 10 13 -7266.67023001593
 77 11 8 8 10 13 -7619.767068690087
 78 11 8 8 11 12 -8089.522062011997
 79 10 9 8 10 13 -8491.892787206962
 80 10 9 8 11 12 -8842.851332456872
 81 12 8 7 10 13 -9305.729934137687
 82 11 8 8 10 13 -9825.935553945226
 83 10 9 8 11 12 -10129.467635014067
 84 12 8 7 10 13 -10479.566767856877
 85 11 9 7 11 12 -10826.391485730353
 86 10 9 8 10 13 -11247.700178065794
 87 11 8 8 11 12 -11643.371580982948
 88 11 8 8 11 12 -12247.668320569275
 89 12 8 7 11 12 -12810.921372877801
 90 12 8 7 10 13 -13195.116756394786
 91 11 9 7 11 12 -13518.270862086758
 92 12 8 7 11 12 -13898.755863551534
 93 12 8 7 11 12 -14416.05438020073
 94 12 8 7 10 13 -14836.879259165304
 95 11 9 7 11 12 -15149.974877290317
 96 11 8 8 11 12 -15630.172173692963
 97 11 9 7 11 12 -15932.895651338999
 98 12 8 7 11 12 -16333.484269265226
 99 11 8 8 10 13 -16754.947992374935
 100 11 9 7 10 13 -17072.555633130363
 101 12 8 7 11 12 -17434.09345023583
 102 11 9 7 10 13 -17774.04536455055
 103 12 8 7 11 12 -18160.874624279615
 104 12 8 7 10 13 -18546.97242476542
 105 12 8 7 10 13 -18919.167293188813
 106 12 8 7 11 12 -19429.261001334955
 107 12 8 7 10 13 -19839.876401663838
 108 12 8 7 11 12 -20300.439744053943
 109 12 8 7 10 13 -20707.92101981248
 110 12 8 7 10 13 -21127.406741101375
 111 11 8 8 11 12 -21635.359473212757
 112 12 8 7 10 13 -22112.121829102547
 113 12 8 7 11 12 -22635.30702744775
 114 11 8 8 10 13 -23018.91758107864
 115 11 8 8 10 13 -23545.44213541166
 116 11 8 8 11 12 -23942.098215574082
 117 10 9 8 10 13 -24245.997785825984
 118 10 9 8 11 12 -24553.07147678582
 119 12 8 7 10 13 -24995.952742261117
 120 11 9 7 10 13 -25315.52139827311
 121 12 8 7 11 12 -25732.083327104923
 122 11 8 8 10 13 -26153.946242022466
 123 12 8 7 11 12 -26546.49185050711
 124 11 8 8 10 13 -26967.491206608996
 125 12 8 7 10 13 -27335.134138958292
 126 12 8 7 11 12 -27718.245517793515
 127 12 8 7 10 13 -28173.857435978534
 128 11 9 7 11 12 -28522.286937259585
 129 12 8 7 10 13 -28874.796062128313
 130 10 9 8 10 13 -29148.000529609402
 131 11 8 8 11 12 -29668.58953003762
 132 11 8 8 10 13 -30001.377259338653
 133 11 8 8 11 12 -30455.527536075107
 134 12 8 7 10 13 -30911.60932462296
 135 11 8 8 10 13 -31301.462078056615
 136 11 9 7 11 12 -31558.885030966358
 137 10 9 8 10 13 -31818.91520736703
 138 12 8 7 11 12 -32149.867194615843
 139 11 8 8 10 13 -32617.34187625382
 140 11 8 8 10 13 -33075.03891683652
 141 11 8 8 11 12 -33512.0478258977
 142 11 7 8 11 13 -33944.10485824295
 143 11 7 8 12 12 -34285.38894427148
 144 12 7 8 12 11 -34450.256759394564
 145 12 7 8 12 11 -34562.64604380785
 146 11 7 8 12 12 -34663.62830243272
 147 12 7 7 12 12 -34775.68664798838
 148 11 7 8 12 12 -34933.01708657976
 149 11 8 7 12 12 -34857.07478105668
 150 11 8 7 12 12 -34781.768007869345
 151 10 8 8 12 12 -34758.157606967914
 152 12 8 6 12 12 -34790.6248942169
 153 10 8 8 12 12 -34702.49306034723
 154 11 8 7 12 12 -34765.52602430224
 155 11 8 7 12 12 -34595.722372321805
 156 10 8 8 12 12 -34657.60453451092
 157 11 8 7 12 12 -34665.360626966096
 158 11 8 7 12 12 -34783.273663245716
 159 9 9 8 12 12 -34722.114865692456
 160 11 8 7 12 12 -34853.66430725353
 161 11 8 7 12 12 -34920.03094795293
 162 10 8 8 12 12 -34846.27317569363
 163 11 8 7 12 12 -34829.9124113272
 164 10 8 9 12 11 -34883.27913040649
 165 11 8 7 12 12 -34912.25291754875
 166 11 8 8 11 12 -35047.32673562398
 167 10 9 9 12 10 -35140.68375982205
 168 10 9 8 12 11 -35099.38538916522
 169 10 9 8 12 11 -35170.45657262378
 170 10 9 8 11 12 -35135.581092238055
 171 11 8 8 12 11 -35061.756728276225
 172 11 8 8 12 11 -35080.232570274806
 173 10 9 8 12 11 -35155.69371278421
 174 10 9 8 11 12 -35072.70219752586
 175 10 8 8 12 12 -35012.29734834924
 176 10 8 8 12 12 -34948.76668618178
 177 10 8 8 12 12 -34949.140628304776
 178 10 8 8 11 13 -34907.122850612366
 179 9 9 8 12 12 -34789.86849591663
 180 10 8 8 12 12 -34874.90523461597
 181 10 8 8 12 12 -34743.461948125216
 182 10 8 8 11 13 -34707.06573598125
 183 10 8 8 12 12 -34709.51839327992
 184 10 8 8 12 12 -34692.674563386994
 185 10 8 8 12 12 -34745.64211932243
 186 9 9 8 11 13 -34580.78231943687
 187 10 8 8 12 12 -34585.343669732596
 188 10 8 8 12 12 -34542.11236548262
 189 10 8 8 11 13 -34459.63403951688
 190 10 8 8 12 12 -34515.98275517291
 191 10 8 8 12 12 -34536.479168600956
 192 10 8 8 12 12 -34560.40015942531
 193 10 8 8 12 12 -34687.29200990852
 194 9 9 8 12 12 -34639.82554687599
 195 10 8 8 12 12 -34603.62855480004
 196 10 8 8 12 12 -34609.41115924347
 197 10 8 8 11 13 -34706.066412394066
 198 10 8 8 12 12 -34803.45918448813
 199 10 8 8 12 12 -34949.32850654543
 200 10 8 8 12 12 -35030.2063317605
 201 10 8 8 11 13 -34987.90406791586
 202 10 8 8 12 12 -34990.32868613204
 203 10 8 8 12 12 -34944.43513777802
 204 9 9 8 12 12 -34912.72138801839
 205 10 8 8 11 13 -34781.14798711476
 206 10 8 8 12 12 -34856.490090928506
 207 10 8 8 12 12 -34812.29063958432
 208 10 8 8 12 12 -34969.083773428036
 209 10 8 8 11 13 -35067.82403716638
 210 9 9 8 12 12 -35007.26877019363
 211 10 8 8 12 12 -35027.0547651271
 212 10 8 8 12 12 -34986.31724674344