 "ticks" "state 0" "state 1" "state 2" "state 3" "state 4" "bioenergy success"
 0 6 15 7 14 8 26068.741500000004
 1 7 14 8 11 10 32858.94858650449
 2 3 14 10 14 9 39357.52616092958
 3 2 14 10 14 10 45986.11580562053
 4 3 13 10 14 10 52861.13105217475
 5 2 14 10 14 10 59226.494985146244
 6 2 14 10 14 10 65903.34718903393
 7 2 14 10 14 10 72196.98456831265
 8 2 14 10 14 10 79168.74420158465
 9 3 15 7 15 10 86092.81540255024
 10 3 14 9 14 10 92204.06446064371
 11 3 14 9 14 10 98950.24103995068
 12 3 14 9 14 10 105861.44359182152
 13 2 14 10 14 10 112704.67895774875
 14 3 14 9 13 11 119763.43288365552
 15 3 13 10 14 10 125820.87285123966
 16 3 14 9 14 10 132621.92752946343
 17 2 14 10 14 10 138555.05037772135
 18 3 14 9 14 10 144783.1065051415
 19 2 15 9 14 10 151514.30933208053
 20 3 15 8 14 10 157999.73896599706
 21 3 15 8 14 10 165160.7449562275
 22 2 14 9 15 10 172090.09570729855
 23 3 14 9 14 10 178754.61084911297
 24 2 14 10 14 10 185064.4695709385
 25 3 14 9 14 10 191515.55116861005
 26 3 15 9 13 10 197855.24292581316
 27 4 14 9 12 11 205054.6188613235
 28 3 14 8 15 10 211484.42769888678
 29 3 16 6 15 10 217488.3344199346
 30 3 16 6 15 10 223654.4071337179
 31 3 17 6 14 10 230096.42059514567
 32 2 15 8 15 10 236528.32879365666
 33 2 15 8 15 10 242753.71694986426
 34 4 16 7 13 10 249680.851935329
 35 3 14 9 14 10 256459.1292375898
 36 3 14 9 14 10 263535.2565985767
 37 3 14 9 14 10 269517.52433679963
 38 4 14 8 14 10 275533.9239607288
 39 4 15 7 14 10 281603.5398420726
 40 4 14 8 13 11 287992.64827065234
 41 3 15 8 14 10 293678.05012172466
 42 4 15 7 14 10 299699.2548750662
 43 3 15 8 14 10 306010.13055568957
 44 4 16 6 14 10 312342.1111465129
 45 3 16 7 14 10 318664.0460020769
 46 2 15 8 15 10 325010.0580457043
 47 2 15 8 15 10 331017.6131405291
 48 2 15 8 15 10 337440.36104235647
 49 2 15 8 15 10 343570.388203431
 50 3 14 8 15 10 349819.0230468443
 51 3 16 6 15 10 356349.2587351285
 52 2 14 9 15 10 362820.60838510486
 53 2 14 9 14 11 369842.1749202904
 54 2 15 9 14 10 376026.09014649095
 55 2 15 8 15 10 381908.6383487457
 56 3 15 8 14 10 388709.46755834535
 57 2 14 10 14 10 394853.1174212851
 58 3 15 8 14 10 400938.9464592144
 59 3 16 7 14 10 407802.22996411205
 60 2 15 9 14 10 415053.5686723378
 61 2 16 7 15 10 421555.4023306549
 62 2 16 7 15 10 428355.53853971907
 63 3 14 8 15 10 434248.9537515939
 64 3 15 7 15 10 440991.0903498274
 65 2 14 9 15 10 446590.09713996423
 66 2 15 8 14 11 453435.776270749
 67 3 15 7 15 10 459759.97428983473
 68 2 14 9 15 10 465612.81681767834
 69 3 14 8 15 10 471344.5730590229
 70 3 15 6 15 11 477624.0245207939
 71 2 16 7 14 11 484234.04104859364
 72 3 15 6 15 11 490754.2482055768
 73 3 14 7 15 11 497418.42448468535
 74 2 14 8 15 11 503761.9016332515
 75 2 15 8 14 11 509957.0806580888
 76 2 15 7 15 11 516271.7397468643
 77 2 15 7 15 11 522854.39778391266
 78 2 14 8 15 11 528796.6474002923
 79 2 14 8 15 11 535674.1034186156
 80 2 14 8 14 12 542511.892401391
 81 2 14 8 15 11 548903.1636346834
 82 2 14 8 15 11 555260.3124378338
 83 2 14 8 15 11 560874.9832952139
 84 2 14 8 15 11 567230.8673914955
 85 2 14 8 15 11 574124.7065977344
 86 2 14 8 15 11 580637.0075071546
 87 2 14 8 15 11 587632.2785098713
 88 2 15 8 15 10 594028.9480820966
 89 3 14 9 14 10 601229.1890730176
 90 2 15 9 13 11 608360.9865138191
 91 3 13 9 14 11 615172.2284006204
 92 2 14 9 14 11 621969.1558366847
 93 2 15 8 14 11 628931.7366531063
 94 2 14 9 13 12 636424.7285412078
 95 2 14 9 14 11 643629.7874654247
 96 2 14 9 14 11 650557.3591114565
 97 2 14 8 15 11 656530.6381590631
 98 3 15 7 14 11 662815.9524887208
 99 2 15 8 14 11 669329.5291589556
 100 2 14 8 15 11 676228.0690836046
 101 3 14 8 14 11 682398.8043463085
 102 2 14 9 14 11 689457.5701970101
 103 3 16 7 13 11 696838.3776612001
 104 2 15 8 14 11 703732.0729846437
 105 3 15 7 14 11 710280.8405026974
 106 4 15 6 14 11 717004.2570744632
 107 3 15 7 13 12 723607.2079897232
 108 3 14 8 14 11 730942.1069375713
 109 3 14 8 14 11 737161.3916138236
 110 2 15 8 14 11 744156.011564625
 111 2 14 9 14 11 750580.463170125
 112 2 14 8 15 11 757525.0338265322
 113 2 14 8 15 11 764368.6880158591
 114 3 14 8 14 11 770939.0417558838
 115 3 14 8 14 11 777402.6971064514
 116 3 14 9 14 10 784478.536962781
 117 2 14 10 14 10 791851.1150116802
 118 2 14 10 14 10 798877.4642167039
 119 2 14 9 14 11 804981.8641663466
 120 3 15 8 12 12 811970.9381658909
 121 2 14 9 14 11 819060.1338245855
 122 3 14 8 14 11 826505.1515962251
 123 2 14 9 14 11 833555.246189005
 124 3 14 8 14 11 840920.3008485597
 125 2 14 9 14 11 847259.414957949
 126 2 14 9 14 11 853728.4837363237
 127 2 14 8 15 11 860360.753643561
 128 2 14 8 15 11 867129.009257
 129 2 14 8 15 11 873290.7010082375
 130 2 14 8 15 11 879805.574810235
 131 3 14 7 15 11 886296.0581255242
 132 2 14 8 15 11 892633.0262865096
 133 2 15 8 13 12 899765.651396264
 134 2 14 8 15 11 906272.8121877781
 135 3 14 8 14 11 913275.6357644476
 136 4 13 8 14 11 920258.3003850597
 137 2 15 9 13 11 927627.9111114121
 138 2 14 9 14 11 934423.272133401
 139 3 14 8 14 11 940901.8717803647
 140 2 14 8 15 11 947446.5611477112
 141 2 14 8 15 11 954170.140279397
 142 2 14 8 15 11 960885.6262250568
 143 2 15 7 15 11 967480.9675797619
 144 2 15 7 15 11 975630.817397208
 145 2 15 7 15 11 984288.3686609193
 146 2 15 7 15 11 993159.4125735456
 147 2 14 8 14 12 1002403.0082962476
 148 2 14 8 15 11 1010888.6580098287
 149 2 14 8 15 11 1019669.0399465583
 150 2 15 8 14 11 1028776.4467922326
 151 3 13 8 15 11 1037729.2134419197
 152 2 15 7 15 11 1046382.9390501458
 153 2 14 8 15 11 1054693.1055832575
 154 2 14 8 15 11 1062152.2196383316
 155 2 14 8 15 11 1071107.0183434915
 156 2 14 8 15 11 1080186.9096080777
 157 2 14 8 15 11 1088915.6941680654
 158 2 14 8 15 11 1097331.7212179904
 159 2 15 7 15 11 1106160.7206319983
 160 2 14 8 14 12 1115429.4986378287
 161 2 14 8 15 11 1123015.742704499
 162 3 15 6 15 11 1130903.3440525716
 163 2 15 7 15 11 1139479.0354293524
 164 3 14 7 15 11 1148060.5091407914
 165 2 14 8 15 11 1157349.0354039546
 166 3 14 8 14 11 1166189.09847069
 167 2 14 9 14 11 1175107.6239579213
 168 2 14 9 14 11 1183548.0330836654
 169 3 14 8 14 11 1192240.4047106574
 170 2 14 9 14 11 1200279.8439569015
 171 3 15 7 14 11 1208405.454489792
 172 3 16 7 13 11 1217801.1501620344
 173 2 15 8 14 11 1226866.6502369372
 174 2 15 8 13 12 1236525.2319921807
 175 2 15 8 14 11 1245396.8348799432
 176 2 14 9 14 11 1254809.0167053414
 177 2 14 9 14 11 1263926.631517393
 178 2 16 8 13 11 1272935.081075556
 179 2 15 7 15 11 1281431.5701654567
 180 2 13 8 16 11 1289218.7911454802
 181 3 13 8 15 11 1297583.3460643499
 182 2 14 8 15 11 1305791.797312577
 183 2 14 8 15 11 1314112.9134362023
 184 2 14 8 15 11 1322572.9173793052
 185 2 14 8 15 11 1331480.3794896407
 186 2 14 8 15 11 1340192.5963523276
 187 2 14 8 15 11 1348295.053741194
 188 2 14 8 14 12 1357723.5610261816
 189 2 14 8 15 11 1366589.0897378207
 190 2 14 8 15 11 1374617.3304835537
 191 3 13 8 15 11 1383168.1936006462
 192 2 14 8 15 11 1391185.202281953
 193 2 15 8 14 11 1400102.105085119
 194 2 14 8 15 11 1408159.6621296473
 195 2 14 8 15 11 1416234.0062835845
 196 2 15 7 15 11 1423481.6885618768
 197 2 15 7 15 11 1431925.091275131
 198 2 14 8 15 11 1440859.8781563886
 199 2 14 8 15 11 1449430.9733879357
 200 3 13 8 15 11 1457454.4486456777
 201 2 14 8 14 12 1465653.4296303478
 202 2 14 8 15 11 1474751.9953049468
 203 2 14 8 15 11 1483499.187477059
 204 2 14 8 15 11 1491884.1802433631
 205 2 14 8 15 11 1500809.4403400326
 206 2 14 8 15 11 1510026.3613612496
 207 2 14 8 15 11 1518607.4736455388
 208 2 14 8 15 11 1527841.9715400743
 209 2 15 8 14 11 1537023.8117217233
 210 3 14 8 14 11 1545895.8822144931
 211 2 15 8 14 11 1554152.5453787663
 212 2 14 9 14 11 1563351.455075972
 213 2 14 9 14 11 1572199.3785477874
 214 3 14 8 14 11 1581223.666683712
 215 2 16 8 12 12 1591008.7218799866
 216 2 14 9 14 11 1600750.4942358963
 217 2 15 8 14 11 1610332.5804679077
 218 2 14 8 15 11 1619405.5449464796
 219 2 15 7 15 11 1628230.506132373
 220 2 15 7 15 11 1637258.7527446041
 221 2 14 9 14 11 1645684.899271733
 222 2 15 8 14 11 1654572.4826346945
 223 3 13 9 14 11 1663523.3832392306
 224 3 14 8 14 11 1671653.3620736536
 225 3 14 8 14 11 1680290.5682472626
 226 3 14 9 13 11 1688554.3296986427
 227 3 13 9 14 11 1697766.3616003057
 228 3 14 8 14 11 1706086.7894251999
 229 3 14 8 13 12 1715402.1022262464
 230 2 14 9 14 11 1724560.8202699164
 231 2 14 9 14 11 1733809.6841079239
 232 2 14 9 14 11 1742895.6257237985
 233 2 14 9 14 11 1751441.3067366127
 234 2 14 9 14 11 1760501.104762013
 235 2 15 8 14 11 1770199.4801699622
 236 2 15 8 14 11 1779459.5553981012
 237 3 13 9 14 11 1788683.4857438465
 238 2 14 9 14 11 1797933.2647096652
 239 2 15 8 14 11 1807590.929637717
 240 2 15 8 14 11 1816858.7619397647
 241 2 15 8 14 11 1825747.8556101841
 242 2 15 8 14 11 1833989.2271850065
 243 2 15 8 13 12 1841491.8330024513
 244 2 15 8 14 11 1850800.8966089818
 245 3 13 9 14 11 1859181.3472985209
 246 2 15 8 14 11 1868251.5100537552
 247 2 15 9 13 11 1876807.270299588
 248 2 16 8 13 11 1885974.0206081294
 249 2 14 9 14 11 1895231.9084488929
 250 2 14 9 14 11 1903890.6574944719
 251 2 14 9 14 11 1912837.2942426025
 252 2 15 8 14 11 1921245.9468499809
 253 2 15 8 14 11 1929672.2543706957
 254 2 15 8 14 11 1938237.8070803122
 255 2 14 9 14 11 1946876.0610823482
 256 3 13 9 14 11 1955513.3247781682
 257 2 14 9 13 12 1964025.2132267219
 258 2 15 7 15 11 1972692.3475240907
 259 2 14 8 15 11 1981353.5703068443
 260 3 14 8 14 11 1989168.1817222405
 261 2 15 8 14 11 1997702.920761925
 262 2 14 9 14 11 2005896.6214527874
 263 2 15 8 14 11 2014477.147570526
 264 2 15 8 14 11 2022641.1436587644
 265 2 14 9 14 11 2031398.24412285
 266 2 15 8 14 11 2039376.8734109742
 267 2 15 8 14 11 2047324.0203909962
 268 3 15 8 13 11 2055802.4750883006
 269 2 14 9 14 11 2063591.5933640217
 270 2 14 9 14 11 2071720.3620297548
 271 2 14 9 14 11 2080523.2828413416
 272 2 14 8 14 12 2088939.0362776304
 273 2 14 8 15 11 2097260.155519188
 274 2 14 8 15 11 2105449.5459220447
 275 2 15 7 15 11 2113299.811999901
 276 2 14 8 15 11 2121668.083150775
 277 2 14 8 15 11 2129819.686648065
 278 2 14 8 15 11 2137900.3980110814
 279 2 14 8 15 11 2145364.4257351407
 280 2 15 7 15 11 2154105.953125743
 281 2 15 7 15 11 2163113.303015974
 282 2 14 8 15 11 2171558.7121230634
 283 2 14 8 15 11 2180026.660976007
 284 2 14 8 15 11 2188383.0915318485
 285 2 15 8 14 11 2197724.3296833
 286 2 16 6 15 11 2205865.3923899163
 287 2 16 6 14 12 2214565.3267570124
 288 2 15 7 15 11 2223232.2196365674
 289 2 15 7 15 11 2231816.4060990144
 290 2 15 7 15 11 2240698.8787427424
 291 2 15 7 15 11 2249768.870945467
 292 2 15 8 14 11 2259097.6498931064
 293 2 14 8 15 11 2267929.2089486658
 294 2 14 8 15 11 2276307.9487764803
 295 3 14 7 15 11 2285206.6954833595
 296 2 14 8 15 11 2293275.8018558766
 297 2 15 7 15 11 2302133.200087749
 298 2 15 7 15 11 2311069.616683099
 299 2 16 6 15 11 2320507.448980769
 300 3 16 6 14 11 2330236.5627712244
 301 2 14 9 14 11 2339546.334219076
 302 2 14 9 13 12 2348465.8455943624
 303 2 14 8 15 11 2357798.9107643636
 304 2 14 9 14 11 2367342.357579814
 305 2 14 8 15 11 2376453.3811520343
 306 3 14 7 15 11 2385247.3118430674
 307 2 14 8 15 11 2394295.259699799
 308 2 14 8 15 11 2402703.769700401
 309 2 15 8 14 11 2412675.925052782
 310 2 14 8 15 11 2422134.3710670364
 311 2 14 8 15 11 2431918.703432834
 312 2 14 8 15 11 2441396.9238749132
 313 2 14 8 15 11 2449967.890828509
 314 3 15 7 14 11 2459397.938020872
 315 2 15 8 14 11 2468145.0369540136
 316 2 15 8 13 12 2477427.389899835
 317 2 15 8 14 11 2486594.6122777886
 318 2 15 8 14 11 2496045.41237268
 319 2 15 8 14 11 2505681.79571082
 320 2 14 9 14 11 2514796.6726973704
 321 2 14 8 15 11 2524372.184106871
 322 2 14 8 15 11 2533585.768913804
 323 2 14 8 15 11 2542764.9894053494
 324 2 14 8 15 11 2552008.389421326
 325 2 15 7 15 11 2560861.827336955
 326 2 17 7 13 11 2570571.1377109406
 327 2 15 7 15 11 2580034.507837286
 328 3 14 8 14 11 2588771.1017154874
 329 3 14 8 14 11 2598755.334613162
 330 2 14 9 13 12 2609319.6919928333
 331 2 14 8 15 11 2618657.8435851256
 332 2 14 8 15 11 2628517.019819101
 333 2 14 9 15 10 2637667.381374909
 334 2 14 8 15 11 2646731.5195516665
 335 2 15 7 15 11 2655948.466608435
 336 2 14 8 16 10 2665427.4062925633
 337 2 15 8 15 10 2673929.063924746
 338 3 14 7 16 10 2682712.9067929364
 339 2 14 8 16 10 2691725.2953666938
 340 2 14 8 16 10 2700376.777598875
 341 2 15 7 16 10 2709362.011560865
 342 2 14 8 16 10 2718196.8195952056
 343 2 15 7 16 10 2727263.078701614
 344 2 15 7 15 11 2737129.7847399972
 345 2 15 7 16 10 2745184.9520498556
 346 2 15 7 16 10 2754636.8347156104
 347 2 14 8 16 10 2763509.3381379624
 348 2 16 6 16 10 2772828.3966567107
 349 2 15 7 16 10 2782400.7505681217
 350 2 14 8 16 10 2791735.9971028715
 351 2 14 8 16 10 2800893.939694935
 352 2 14 8 16 10 2810256.025144554
 353 2 16 7 15 10 2819943.2267917716
 354 2 15 7 16 10 2828885.8739048745
 355 2 15 7 16 10 2838050.6874461533
 356 3 13 8 16 10 2846405.9636228066
 357 2 15 7 16 10 2856172.2883467274
 358 3 14 8 14 11 2865888.2331271083
 359 2 14 10 14 10 2875625.2718966547
 360 2 14 8 16 10 2884976.2639488485
 361 3 13 8 16 10 2893672.6460426096
 362 3 15 6 16 10 2902837.951969226
 363 2 14 8 16 10 2912504.413854565
 364 2 14 8 16 10 2921417.0539292465
 365 2 14 8 16 10 2930875.549539478
 366 2 14 8 16 10 2940402.8976636063
 367 2 15 8 15 10 2949725.5375169795
 368 2 14 8 16 10 2959271.689810889
 369 2 16 7 15 10 2969373.6849241634
 370 2 14 8 16 10 2977691.5747064096
 371 2 14 8 16 10 2986671.990441555
 372 2 15 7 16 10 2995454.2599468096
 373 2 15 7 15 11 3005146.554020767
 374 2 14 8 16 10 3013678.5928081404
 375 2 15 7 16 10 3022877.450352858
 376 2 14 8 16 10 3032435.3938912703
 377 2 14 8 16 10 3042039.8430349506
 378 2 14 8 16 10 3051537.7761696614
 379 2 15 8 15 10 3061246.294180527
 380 2 14 8 16 10 3070309.866086253
 381 3 14 7 16 10 3078848.0589373386
 382 2 14 8 16 10 3088044.7252595914
 383 2 15 7 16 10 3097395.567326175
 384 2 14 7 17 10 3106353.42711466
 385 2 14 7 17 10 3115390.868374963
 386 2 14 7 17 10 3124633.7588142003
 387 3 16 6 15 10 3133493.9534087176
 388 2 16 7 14 11 3143449.291317635
 389 2 16 7 15 10 3152938.754423652
 390 3 15 8 15 9 3162220.6819278975
 391 3 14 8 16 9 3170993.504882232
 392 2 15 9 15 9 3179828.600455885
 393 3 15 7 15 10 3189461.0509871687
 394 2 14 9 15 10 3198458.321106834
 395 2 14 9 15 10 3207724.7846119036
 396 2 14 9 15 10 3215868.055414856
 397 2 16 8 14 10 3224925.153259073
 398 2 15 8 15 10 3234380.5852543754
 399 2 14 9 15 10 3243601.857203008
 400 2 15 7 16 10 3252530.8884920306
 401 2 15 9 14 10 3262547.8497431893
 402 2 16 7 15 10 3271198.512278819
 403 2 14 9 14 11 3280281.245002048
 404 3 14 8 15 10 3288741.837486767
 405 3 14 8 15 10 3297887.440690743
 406 2 15 9 14 10 3307965.7253715293
 407 3 13 8 16 10 3317258.866843786
 408 2 14 8 16 10 3326467.676137358
 409 2 14 8 16 10 3335528.267172745
 410 2 15 8 15 10 3344897.67139861
 411 2 14 9 15 10 3353702.638866459
 412 3 14 8 15 10 3362281.592999407
 413 4 15 6 15 10 3370982.853813463
 414 3 15 7 15 10 3379558.7466519224
 415 2 14 9 15 10 3388365.7026753896
 416 3 13 9 15 10 3397261.6885517305
 417 3 14 7 16 10 3406267.175591563
 418 2 14 8 15 11 3415704.756061373
 419 2 15 7 16 10 3424232.6144592827
 420 4 13 7 16 10 3433230.0726763527
 421 2 14 8 16 10 3441918.4058744404
 422 3 14 7 16 10 3449570.1305768467
 423 3 13 8 16 10 3458547.704036044
 424 2 14 8 16 10 3466884.6824626313
 425 2 14 8 16 10 3476224.1143736755
 426 2 15 7 16 10 3485841.351384526
 427 2 14 8 16 10 3495129.3704603547
 428 2 15 7 16 10 3503587.8814000096
 429 3 15 6 16 10 3511829.5480095088
 430 2 15 7 16 10 3521176.593149609
 431 2 15 8 15 10 3529867.4799513645
 432 3 15 6 16 10 3539249.1338589387
 433 2 14 8 15 11 3548583.314589794
 434 3 15 6 16 10 3557789.5073738797
 435 2 15 7 16 10 3566996.1352356877
 436 2 15 8 16 9 3575642.9538691114
 437 3 14 7 16 10 3584996.7778799147
 438 2 14 8 16 10 3594524.833979508
 439 2 14 8 16 10 3604148.3424061877
 440 2 14 8 16 10 3612114.8059404436
 441 3 14 7 16 10 3621163.6178161497
 442 2 15 8 15 10 3631112.8848284464
 443 2 14 8 16 10 3640177.3125528293
 444 2 14 8 16 10 3648540.9507684265
 445 2 15 7 16 10 3657960.3953213287
 446 2 14 8 16 10 3667149.302717254
 447 2 14 8 16 10 3676615.6558655463
 448 3 14 8 14 11 3686038.2363784127
 449 2 14 9 15 10 3695107.024222067
 450 3 14 7 16 10 3704461.814445645
 451 2 14 8 16 10 3713281.56716842
 452 2 15 7 16 10 3722696.030509834
 453 2 14 8 16 10 3731072.423350558
 454 3 15 6 16 10 3740827.529402161
 455 2 14 8 16 10 3748663.103206189
 456 3 14 7 16 10 3758133.5629554456
 457 3 13 8 16 10 3767712.437728311
 458 3 13 8 16 10 3777238.770246371
 459 2 14 8 16 10 3786440.1176817063
 460 2 15 7 16 10 3796594.41363525
 461 2 14 8 16 10 3805947.548571695
 462 2 14 8 15 11 3814674.207294563
 463 3 14 9 14 10 3824541.776475724
 464 2 15 9 13 11 3834021.5442986847
 465 2 14 9 15 10 3843130.5726684975
 466 2 14 9 15 10 3852633.2101051454
 467 2 14 9 15 10 3862462.697054484
 468 3 13 9 14 11 3872219.13749208
 469 3 13 9 15 10 3881510.6209170497
 470 3 14 8 15 10 3890720.1231546663
 471 2 15 8 14 11 3900454.8925083
 472 2 15 8 14 11 3910515.5278997784
 473 2 14 9 14 11 3920357.225744152
 474 2 14 9 15 10 3929477.2358076125
 475 2 14 9 15 10 3938760.4383830796
 476 2 14 9 14 11 3947491.949163134
 477 3 14 8 14 11 3957259.4170669834
 478 2 15 8 15 10 3966608.902272521
 479 2 14 9 14 11 3975985.4443193823
 480 3 15 8 12 12 3982021.5763825094
 481 3 15 8 12 12 3988442.293080385
 482 3 14 7 14 12 3993687.239505148
 483 3 14 7 14 12 4000153.7805657415
 484 3 14 7 14 12 4005479.0554135875
 485 3 15 6 14 12 4011624.267813702
 486 3 14 7 14 12 4018137.710148816
 487 3 14 7 14 12 4025160.682925761
 488 4 15 6 12 13 4032193.7355459956
 489 4 13 7 14 12 4038132.828916117
 490 4 14 6 14 12 4042939.250005798
 491 4 14 6 14 12 4047888.3951808144
 492 4 14 6 14 12 4052682.1909677195
 493 4 14 6 14 12 4058201.3113592984
 494 5 14 6 13 12 4063906.434335321
 495 3 13 8 14 12 4068752.565920226
 496 3 14 8 13 12 4075599.9955603494
 497 3 13 8 14 12 4081196.1395991915
 498 3 13 9 14 11 4088151.0656563453
 499 2 13 10 14 11 4093307.2182768267
 500 4 13 9 13 11 4098133.659426015
 501 5 13 8 13 11 4103183.691627482
 502 4 14 7 14 11 4109809.56906623
 503 3 14 7 15 11 4115243.0759174014
 504 4 13 8 13 12 4120659.8275320316
 505 3 13 8 14 12 4127074.1266858364
 506 3 13 8 14 12 4132084.9237572025
 507 4 12 8 14 12 4138092.5479466747
 508 3 13 8 14 12 4144970.252088346
 509 3 15 6 14 12 4151439.0159316086
 510 3 14 7 14 12 4157678.63591168
 511 3 15 8 13 11 4163849.5980442204
 512 3 15 8 13 11 4170006.3892083615
 513 3 14 8 13 12 4175436.8603970422
 514 4 13 8 13 12 4181880.8078150563
 515 3 14 8 13 12 4187822.3253832962
 516 3 14 8 13 12 4194906.0986980675
 517 3 14 8 14 11 4201593.955876277
 518 3 14 8 14 11 4207180.825828785
 519 3 15 7 14 11 4213700.911272409
 520 4 14 7 14 11 4219099.564040246
 521 4 15 7 13 11 4225419.336237814
 522 4 13 8 14 11 4231926.9428316215
 523 4 13 8 14 11 4239115.666867166
 524 3 14 8 13 12 4245913.88837698
 525 3 14 8 14 11 4252908.334299832
 526 3 15 8 13 11 4259696.102006009
 527 3 14 8 14 11 4266440.9940725295
 528 3 14 7 15 11 4272460.4095145315
 529 3 14 7 15 11 4278563.95248608
 530 3 14 7 15 11 4284859.770510364
 531 3 14 7 15 11 4290573.671331326
 532 3 14 8 14 11 4296347.5209726505
 533 3 14 8 15 10 4302902.207750371
 534 3 15 8 14 10 4309125.34760965
 535 3 14 8 15 10 4315522.527622416
 536 3 14 8 15 10 4321826.394867307
 537 3 15 7 15 10 4327120.1987730935
 538 3 15 7 15 10 4333757.5087398365
 539 4 14 7 15 10 4340070.70316921
 540 4 14 7 14 11 4345887.246730661
 541 3 15 6 15 11 4351287.034172724
 542 3 16 6 14 11 4357978.828002505
 543 3 14 7 15 11 4364087.634663524
 544 3 14 7 15 11 4370477.642324818
 545 3 14 7 15 11 4376342.630822841
 546 3 14 7 15 11 4381750.135659841
 547 3 14 7 15 11 4387815.595765574
 548 3 14 7 14 12 4394403.892675207
 549 3 14 7 15 11 4399768.222830625
 550 3 15 8 14 10 4405963.174276285
 551 3 14 7 15 11 4411904.108221602
 552 3 14 8 15 10 4418582.995063361
 553 3 14 8 15 10 4424503.919182553
 554 3 14 8 15 10 4430338.894584116
 555 3 14 8 15 10 4436724.854920367
 556 3 14 8 14 11 4442553.063923941
 557 4 14 8 14 10 4448716.963395505
 558 2 14 10 14 10 4455139.937414418
 559 2 15 10 13 10 4462093.279873119
 560 3 14 9 14 10 4468950.822812346
 561 2 14 9 15 10 4475196.717641004
 562 4 14 8 14 10 4482167.109879338
 563 3 14 9 14 10 4487748.776446169
 564 2 15 9 13 11 4494316.493877346
 565 4 14 8 14 10 4499634.775357858
 566 4 13 9 14 10 4506030.464336563
 567 3 14 9 14 10 4511641.234757404
 568 4 13 9 14 10 4517812.572827461
 569 4 14 8 14 10 4524724.565094034
 570 3 14 9 14 10 4530676.359749118
 571 3 14 9 14 10 4536907.789842384
 572 2 15 9 13 11 4542545.187528552
 573 3 14 7 15 11 4548143.339029675
 574 4 14 7 14 11 4553188.406136996
 575 4 14 8 14 10 4559843.608347321
 576 3 15 8 14 10 4565558.066835107
 577 3 16 7 14 10 4572061.90077453
 578 3 14 8 14 11 4578348.07451325
 579 3 14 8 14 11 4583990.320775834
 580 4 15 6 13 12 4589473.08840355
 581 3 15 7 14 11 4595779.731869776
 582 4 13 8 14 11 4602095.371463673
 583 3 14 8 14 11 4608561.010715703
 584 3 14 8 14 11 4615476.76767097
 585 2 15 9 13 11 4622205.774978688
 586 3 15 8 13 11 4629008.080888943
 587 2 15 9 13 11 4635403.702065227
 588 3 14 7 14 12 4642736.328978654
 589 3 14 8 14 11 4649096.481525607
 590 2 14 8 15 11 4655879.906323733
 591 3 13 8 15 11 4662343.590659398
 592 2 15 8 14 11 4668540.945302358
 593 2 15 8 14 11 4675466.091028657
 594 2 14 8 15 11 4680902.609838555
 595 2 14 8 15 11 4687088.430461204
 596 3 15 6 14 12 4694954.191096352
 597 3 14 7 15 11 4701921.434733098
 598 4 14 7 14 11 4709233.550825996
 599 2 14 9 14 11 4715439.083714347
 600 4 15 7 13 11 4722407.172249207
 601 4 16 6 13 11 4728101.760537225
 602 2 15 9 14 10 4734462.576286671
 603 4 14 7 14 11 4740626.729699883
 604 4 14 7 13 12 4746372.637531824
 605 3 13 8 16 10 4751801.917086004
 606 2 14 8 15 11 4757174.9045675965
 607 4 14 7 14 11 4762727.933981206
 608 4 14 7 14 11 4769582.104492786
 609 3 15 9 13 10 4776490.169412358
 610 3 14 9 14 10 4782382.933730269
 611 4 14 8 14 10 4788605.49578058
 612 3 14 9 13 11 4795313.396723108
 613 3 14 9 14 10 4802268.7903708555
 614 3 14 7 15 11 4807785.7467684485
 615 3 14 7 15 11 4813311.205578098
 616 3 16 5 15 11 4819397.089682207
 617 2 15 8 14 11 4825828.911918462
 618 3 15 6 15 11 4831132.907000192
 619 3 16 5 15 11 4837479.120157317
 620 3 14 7 14 12 4844140.848514067
 621 3 14 7 15 11 4850506.146150365
 622 3 14 7 15 11 4856321.844374072
 623 3 14 7 15 11 4861638.357273526
 624 3 15 7 14 11 4867045.4398239795
 625 4 15 7 13 11 4873026.084372258
 626 4 14 7 14 11 4878779.741989166
 627 5 14 6 14 11 4885080.293095043
 628 3 15 7 13 12 4891768.644856291
 629 3 15 7 14 11 4897777.557472066
 630 3 15 7 14 11 4905000.689612942
 631 2 14 9 14 11 4911796.38117657
 632 3 14 8 14 11 4917760.942671692
 633 3 15 8 13 11 4924261.37383268
 634 2 14 9 14 11 4930482.04720625
 635 3 14 8 14 11 4935940.852815549
 636 3 14 9 13 11 4942490.70651362
 637 3 14 9 14 10 4948841.190168779
 638 3 15 9 13 10 4955270.385271925
 639 3 14 9 14 10 4962477.92502036
 640 3 14 9 14 10 4969107.5229633665
 641 3 15 9 13 10 4975902.86379491
 642 3 14 9 14 10 4982731.586281635
 643 3 15 7 14 11 4990083.443250238
 644 3 14 9 13 11 4997087.54692909
 645 4 14 7 14 11 5003169.362334894
 646 2 14 9 14 11 5008512.625378689
 647 4 14 7 14 11 5013964.6567132
 648 4 13 8 14 11 5020008.967645183
 649 5 14 7 13 11 5026556.206681604
 650 5 13 7 14 11 5032508.271107313
 651 5 13 7 14 11 5038457.931207903
 652 4 14 8 13 11 5044542.969884045
 653 4 14 8 14 10 5050275.697089851
 654 4 14 7 14 11 5057479.9826536765
 655 4 13 8 14 11 5064047.609291286
 656 5 13 8 14 10 5070288.754628891
 657 4 15 8 13 10 5075987.556317174
 658 3 14 9 14 10 5081905.660088174
 659 3 14 9 14 10 5089044.822502393
 660 3 14 9 13 11 5096368.807205029
 661 3 14 9 14 10 5102316.333795878
 662 3 14 9 14 10 5109103.75764876
 663 3 14 9 14 10 5114982.459172765
 664 4 13 7 15 11 5122259.596735093
 665 3 15 8 14 10 5128938.272001118
 666 3 14 8 15 10 5135208.206989132
 667 4 13 8 15 10 5141595.226200691
 668 4 13 8 14 11 5147357.246422471
 669 4 14 7 14 11 5153082.776273281
 670 3 15 7 14 11 5159436.84512857
 671 3 14 7 15 11 5166080.921918736
 672 2 15 7 15 11 5172812.921770064
 673 3 15 6 15 11 5179243.292483572
 674 3 14 7 15 11 5186379.2263718825
 675 3 14 7 15 11 5191980.540221543
 676 4 14 7 13 12 5197993.307894252
 677 3 14 8 14 11 5204179.850095324
 678 3 15 8 13 11 5210928.434349503
 679 3 14 7 15 11 5217272.087451676
 680 2 15 7 15 11 5223582.761679274
 681 3 15 6 15 11 5229841.575859127
 682 2 15 7 15 11 5236281.847636216
 683 3 14 7 15 11 5242264.381690096
 684 3 15 6 14 12 5247563.251337078
 685 3 15 6 15 11 5254488.340812117
 686 2 14 8 15 11 5260170.84645934
 687 3 15 6 15 11 5266557.514408294
 688 4 14 7 14 11 5272244.297735777
 689 3 14 8 14 11 5278805.886010172
 690 2 14 9 14 11 5285526.766561631
 691 2 14 8 15 11 5291612.074810695
 692 2 14 8 14 12 5298661.391695109
 693 2 14 8 15 11 5304684.3586285915
 694 3 14 7 15 11 5311360.222920991
 695 3 14 7 15 11 5317488.2139948765
 696 3 14 7 15 11 5323453.620590226
 697 3 14 7 15 11 5329965.465143004
 698 3 14 7 15 11 5335793.028551829
 699 3 14 7 15 11 5341769.342670229
 700 3 14 7 14 12 5348459.820040343
 701 3 14 8 15 10 5355195.696457098
 702 3 14 8 15 10 5360831.948694941
 703 3 16 6 14 11 5368034.789234872
 704 3 14 9 14 10 5373902.209562085
 705 4 14 7 14 11 5379318.41036275
 706 4 15 6 14 11 5385916.012115823
 707 4 14 7 14 11 5392225.034991345
 708 3 14 8 13 12 5398734.029436427
 709 3 15 8 13 11 5405922.523386812
 710 2 14 10 14 10 5411596.425793606
 711 3 15 8 14 10 5418559.256493854
 712 2 14 9 15 10 5424829.7613133965
 713 3 15 7 15 10 5431934.437956338
 714 3 15 7 15 10 5438436.476366171
 715 3 15 7 15 10 5445435.400427759
 716 2 14 9 14 11 5451675.590933541
 717 3 14 8 15 10 5458071.312124622
 718 3 14 8 15 10 5464608.504675353
 719 4 15 8 13 10 5470722.774691336
 720 5 14 9 11 11 5472420.5903635165
 721 4 14 8 13 11 5475017.441195138
 722 4 14 6 14 12 5476618.615136827
 723 4 14 6 14 12 5479132.562782778
 724 3 14 7 14 12 5481236.835718121
 725 3 16 5 14 12 5483622.499682591
 726 4 15 6 13 12 5486322.431482884
 727 4 15 6 13 12 5488911.829028033
 728 3 14 8 13 12 5491258.092427598
 729 4 14 7 13 12 5493270.82158777
 730 4 15 6 13 12 5495752.598393977
 731 4 16 6 12 12 5498663.199659057
 732 4 15 6 13 12 5501586.111833272
 733 3 15 7 13 12 5504494.710083063
 734 3 15 7 13 12 5508385.516138132
 735 5 13 7 13 12 5511156.230681715
 736 4 13 7 14 12 5514172.915100222
 737 4 14 6 14 12 5515977.194822696
 738 4 13 7 14 12 5519058.054637842
 739 4 15 5 14 12 5521900.518284697
 740 5 13 7 13 12 5525377.689802038
 741 4 13 8 13 12 5528500.891647231
 742 4 13 8 12 13 5531552.684509159
 743 4 14 7 13 12 5534769.111167759
 744 3 14 8 13 12 5538209.048727001
 745 4 14 7 13 12 5541643.541176967
 746 4 14 7 12 13 5544884.937796962
 747 3 14 8 13 12 5548099.5126740625
 748 4 14 8 12 12 5551557.184674838
 749 3 15 8 11 13 5555223.291139804
 750 3 15 7 12 13 5559426.134710428
 751 4 14 8 11 13 5562878.864881778
 752 4 13 8 12 13 5565553.572590443
 753 4 13 8 12 13 5567881.890105244
 754 5 13 7 12 13 5570381.020491809
 755 4 14 7 12 13 5573244.080486246
 756 4 14 7 12 13 5576518.6059996905
 757 4 14 7 12 13 5579639.996267757
 758 5 14 6 12 13 5583237.288473216
 759 4 14 7 12 13 5587687.621371603
 760 3 14 8 12 13 5591219.085869516
 761 5 13 7 12 13 5594255.925349759
 762 4 13 9 11 13 5597495.722161118
 763 4 14 8 11 13 5601496.913656397
 764 5 13 7 12 13 5605545.014600812
 765 4 14 7 12 13 5609188.900840785
 766 4 13 7 13 13 5613507.64721196
 767 4 13 7 13 13 5616785.538815718
 768 4 13 7 13 13 5619932.390597811
 769 4 14 6 13 13 5623898.7681373
 770 4 14 7 13 12 5628241.411302665
 771 5 14 7 12 12 5630935.673710947
 772 4 13 9 12 12 5634804.090543581
 773 5 14 8 11 12 5637087.097109183
 774 5 13 8 12 12 5639322.051227218
 775 5 14 6 12 13 5642864.115526551
 776 4 14 8 11 13 5645690.438572547
 777 4 15 6 12 13 5649100.743140897
 778 4 14 7 12 13 5652315.816394044
 779 5 13 7 12 13 5656793.507501201
 780 5 13 7 12 13 5660786.929136923
 781 4 16 5 12 13 5665309.561232877
 782 5 15 5 12 13 5668048.039553822
 783 4 14 7 12 13 5671318.794437051
 784 4 15 6 12 13 5674870.736059003
 785 4 14 7 12 13 5678298.1710450305
 786 5 13 7 12 13 5681396.558059826
 787 4 15 7 11 13 5685890.748702125
 788 4 15 7 11 13 5689590.768560564
 789 3 16 6 12 13 5694414.899842012
 790 3 15 7 13 12 5698297.125292923
 791 3 15 7 13 12 5702168.794324141
 792 3 15 7 13 12 5705585.027807932
 793 3 16 6 13 12 5709333.877105037
 794 3 14 8 13 12 5713083.241293306
 795 3 14 8 13 12 5716537.906414258
 796 4 16 5 13 12 5719998.811136808
 797 3 15 7 13 12 5723586.408136281
 798 4 14 8 13 11 5728053.323451766
 799 3 15 7 13 12 5731771.360867446
 800 4 14 7 13 12 5735502.286251749
 801 3 14 8 13 12 5739850.981529376
 802 3 14 8 13 12 5743536.264290947
 803 3 14 8 13 12 5747442.538628892
 804 4 14 7 13 12 5750238.03086635
 805 4 14 7 13 12 5754140.354893134
 806 2 15 7 14 12 5758146.402337299
 807 2 14 9 13 12 5762261.758625008
 808 3 16 6 13 12 5766408.272149434
 809 2 16 7 13 12 5770732.297168832
 810 4 15 7 12 12 5773879.734393188
 811 4 15 6 13 12 5777652.015677059
 812 4 15 6 13 12 5782068.841729808
 813 4 15 6 13 12 5786278.553620283
 814 4 14 7 13 12 5789226.367775073
 815 5 13 7 13 12 5791999.676656081
 816 4 14 7 13 12 5796384.15980678
 817 4 13 7 14 12 5799769.459632396
 818 3 14 7 14 12 5803169.19886375
 819 3 15 6 14 12 5807403.408481714
 820 3 14 7 14 12 5810397.513393184
 821 3 14 7 14 12 5813660.488159288
 822 3 14 8 13 12 5816965.214925071
 823 3 14 7 14 12 5820276.394148371
 824 3 14 7 14 12 5823845.6402255185
 825 2 14 8 14 12 5827723.12982733
 826 3 16 7 13 11 5831294.854604653
 827 3 14 7 15 11 5834830.247874847
 828 3 14 7 14 12 5837584.788346057
 829 3 14 7 14 12 5841141.0714954855
 830 3 14 7 14 12 5844870.387040407
 831 2 14 7 15 12 5848416.334270954
 832 2 14 7 15 12 5851483.878080609
 833 2 14 8 14 12 5854042.661353717
 834 3 15 7 13 12 5857254.714449519
 835 3 16 6 13 12 5860803.595226888
 836 3 14 7 14 12 5863899.315612719
 837 3 14 7 14 12 5866595.309381693
 838 3 14 7 14 12 5869664.820632786
 839 3 14 7 14 12 5873062.864880142
 840 5 14 6 13 12 5876608.48549933
 841 4 14 7 13 12 5880416.465739178
 842 3 15 6 14 12 5884668.205443948
 843 3 14 8 13 12 5888732.26925295
 844 3 14 8 13 12 5891880.737510546
 845 4 14 7 13 12 5895484.754157912
 846 5 14 7 12 12 5898530.791867951
 847 4 14 7 13 12 5900985.367293572
 848 4 14 7 13 12 5904794.896894961
 849 4 14 7 13 12 5908009.174754274
 850 4 13 8 13 12 5911314.256508564
 851 4 13 8 13 12 5915157.640884894
 852 4 14 7 13 12 5918201.783810351
 853 4 14 7 13 12 5922214.003307867
 854 5 13 7 13 12 5926147.577167826
 855 3 14 8 13 12 5929639.69177359
 856 4 13 8 13 12 5933502.125131949
 857 4 14 7 13 12 5937005.873978606
 858 4 14 7 13 12 5940923.6063502645
 859 6 14 5 13 12 5945745.156786217
 860 4 13 8 13 12 5949407.147728839
 861 5 14 6 13 12 5953280.900824159
 862 4 14 8 12 12 5957520.248593732
 863 4 13 7 14 12 5961568.82139146
 864 4 13 8 13 12 5965057.293368692
 865 3 14 7 14 12 5969378.535236911
 866 4 14 7 13 12 5973070.110038548
 867 3 13 9 13 12 5976029.872961402
 868 4 13 8 13 12 5979244.160388747
 869 5 14 6 13 12 5982314.596519679
 870 4 13 8 13 12 5985632.944944638
 871 4 14 7 13 12 5989302.229498914
 872 5 13 7 13 12 5993053.060877301
 873 3 13 9 13 12 5995745.883636372
 874 3 13 9 13 12 5999553.607081422
 875 4 15 6 13 12 6002845.7811575625
 876 4 14 7 13 12 6006490.2759799715
 877 4 15 6 13 12 6009445.914017372
 878 4 14 7 13 12 6013831.246656163
 879 3 14 8 13 12 6018239.048833799
 880 4 13 8 13 12 6021122.36238488
 881 4 14 7 13 12 6024588.182269113
 882 4 14 7 13 12 6027748.964041812
 883 5 14 6 13 12 6031461.038529253
 884 4 13 8 13 12 6034786.063046549
 885 3 14 8 13 12 6038565.656448257
 886 3 15 7 13 12 6042200.97478478
 887 5 14 6 13 12 6045456.957679787
 888 3 14 8 13 12 6049121.196915834
 889 5 15 5 13 12 6052286.840825068
 890 4 15 6 13 12 6056090.592714
 891 5 14 6 13 12 6059749.28706658
 892 3 14 8 13 12 6062875.564540544
 893 3 15 7 13 12 6066851.53506387
 894 4 15 6 13 12 6070361.685017364
 895 3 15 7 13 12 6073524.773305305
 896 3 14 8 13 12 6077374.188775658
 897 3 14 8 13 12 6080851.985642647
 898 3 14 8 13 12 6084060.853380226
 899 4 15 7 12 12 6087428.003676642
 900 4 14 7 13 12 6091329.817577554
 901 3 14 8 13 12 6094397.3334296765
 902 3 14 8 13 12 6097380.276223291
 903 4 14 7 13 12 6100398.434825537
 904 4 14 7 13 12 6103476.051028695
 905 4 14 7 13 12 6106754.204968295
 906 3 15 7 13 12 6109369.2503315965
 907 4 15 6 13 12 6113005.751824536
 908 4 14 7 13 12 6115824.623999952
 909 4 15 6 13 12 6118435.644338771
 910 3 15 7 13 12 6121578.381614762
 911 4 14 7 13 12 6125242.178237012
 912 3 14 8 13 12 6128821.083424776
 913 4 15 6 13 12 6132882.422581308
 914 3 14 8 13 12 6135726.036627105
 915 4 14 7 13 12 6138436.31568592
 916 4 14 7 13 12 6142373.016530983
 917 4 14 7 13 12 6145391.855627425
 918 3 14 8 13 12 6148040.274980601
 919 4 15 6 13 12 6151205.313764613
 920 3 14 8 13 12 6154987.392131138
 921 3 15 7 13 12 6158242.374818016
 922 4 16 5 13 12 6162349.059831526
 923 4 15 6 13 12 6165395.833030139
 924 4 16 5 13 12 6168392.1430894565
 925 4 16 5 13 12 6171254.456158671
 926 4 15 6 13 12 6173837.547387996
 927 4 15 6 13 12 6177714.457085907
 928 4 15 6 13 12 6181191.881178552
 929 4 15 6 13 12 6183890.923726529
 930 4 16 5 13 12 6187531.870476331
 931 4 15 6 13 12 6190693.247735574
 932 4 17 5 13 11 6194396.840850716
 933 4 16 5 13 12 6198197.501507083
 934 4 16 5 13 12 6201959.777077935
 935 4 14 7 13 12 6204923.8298299555
 936 4 15 6 13 12 6208828.540752101
 937 4 16 6 12 12 6211994.208634053
 938 5 13 7 13 12 6216713.923653514
 939 4 14 7 13 12 6219928.076498733
 940 4 14 7 13 12 6223212.023120481
 941 5 13 7 13 12 6226180.981771796
 942 4 14 7 13 12 6230143.269419782
 943 3 14 8 13 12 6234013.3314462
 944 5 15 5 14 11 6237337.508517295
 945 4 15 6 14 11 6240528.641123135
 946 3 14 8 14 11 6243844.552297192
 947 3 15 7 14 11 6247539.950437706
 948 2 14 8 15 11 6251305.321789456
 949 3 15 6 15 11 6255203.914126273
 950 2 15 7 15 11 6258099.434083882
 951 3 15 6 15 11 6261700.189066202
 952 4 14 7 14 11 6265321.563726982
 953 2 15 8 14 11 6269200.449831779
 954 3 14 8 14 11 6273992.119621683
 955 2 14 9 14 11 6277884.470922722
 956 2 14 8 15 11 6281304.988656657
 957 3 14 7 15 11 6284936.891738418
 958 2 14 8 15 11 6288524.484824355
 959 2 14 8 15 11 6292409.78548527
 960 2 14 8 14 12 6296345.555857393
 961 2 15 8 14 11 6299933.447098889
 962 3 14 7 14 12 6304025.85660502
 963 3 14 7 14 12 6308642.608919535
 964 4 15 6 13 12 6311828.289994394
 965 4 15 6 13 12 6315750.165046686
 966 3 14 7 14 12 6319322.49994475
 967 4 13 7 14 12 6323023.905313513
 968 3 15 6 14 12 6326049.949526026
 969 4 14 6 14 12 6328837.861222279
 970 3 15 6 14 12 6332307.995200353
 971 4 14 6 14 12 6336089.740794752
 972 3 14 7 14 12 6339495.9099936355
 973 2 14 8 14 12 6342976.88761612
 974 3 15 6 14 12 6346175.032533168
 975 2 15 7 14 12 6350275.08550693
 976 2 15 8 14 11 6353341.074737209
 977 3 17 6 13 11 6356123.444865315
 978 4 15 6 14 11 6359748.577059803
 979 2 14 8 14 12 6362648.893684791
 980 2 14 8 14 12 6366117.103950885
 981 3 15 6 14 12 6369981.1495774975
 982 2 15 7 14 12 6372863.058813942
 983 3 15 6 14 12 6375996.896672993
 984 3 15 6 14 12 6378836.7805684
 985 3 15 6 14 12 6383184.9833014235
 986 3 15 6 14 12 6386558.619040557
 987 2 15 7 14 12 6390730.564071908
 988 3 15 6 14 12 6394365.912389723
 989 3 14 7 14 12 6398191.939930589
 990 2 14 8 14 12 6401510.549573514
 991 2 14 8 14 12 6405083.228126527
 992 2 14 8 14 12 6408678.888930857
 993 2 14 8 14 12 6411075.956449778
 994 3 14 7 14 12 6413435.227920805
 995 2 14 8 14 12 6416777.313157164
 996 3 14 7 14 12 6420539.315331765
 997 2 14 8 14 12 6423552.8028551005
 998 2 14 8 14 12 6426800.973669104
 999 3 16 5 14 12 6429782.987464636
 1000 3 13 8 14 12 6432492.687681974
 1001 3 14 7 14 12 6437013.833083254
 1002 4 14 8 13 11 6440073.078985035
 1003 3 15 8 13 11 6443832.29955965
 1004 4 14 7 14 11 6447686.5967309205
 1005 2 14 9 14 11 6450274.811253228
 1006 4 14 7 14 11 6453779.9989162125
 1007 2 14 9 14 11 6456642.676772884
 1008 3 15 7 14 11 6459471.438690063
 1009 3 15 7 14 11 6462159.412750737
 1010 3 15 7 14 11 6465228.935514003
 1011 3 15 7 14 11 6468892.720315808
 1012 2 16 8 13 11 6472253.172969434
 1013 2 14 9 14 11 6475859.997824943
 1014 2 15 8 14 11 6479584.667561927
 1015 3 14 8 14 11 6482463.726148746
 1016 4 15 6 14 11 6486045.888748217
 1017 3 14 8 14 11 6489672.240376133
 1018 2 15 8 14 11 6493344.727393947
 1019 2 14 9 14 11 6496913.709133063
 1020 3 14 8 14 11 6500627.902005677
 1021 3 15 7 14 11 6503572.962922806
 1022 4 15 6 14 11 6507167.852853488
 1023 4 15 6 14 11 6510691.789613694
 1024 3 14 8 14 11 6514114.255758205
 1025 3 15 6 15 11 6518334.432602452
 1026 2 14 8 15 11 6522274.09837126
 1027 3 14 7 15 11 6526061.273865913
 1028 2 14 8 15 11 6529708.514333409
 1029 2 14 8 15 11 6533194.046022385
 1030 2 14 8 15 11 6536880.307985165
 1031 3 14 7 15 11 6540603.963537765
 1032 3 15 7 14 11 6544044.22250313
 1033 2 16 8 13 11 6548911.317658368
 1034 2 14 9 14 11 6551722.677798403
 1035 4 15 7 13 11 6555459.563297192
 1036 2 15 8 14 11 6558521.525825982
 1037 4 16 5 14 11 6562653.992225278
 1038 2 15 8 14 11 6565927.604280468
 1039 4 15 6 14 11 6569484.232474987
 1040 3 14 8 14 11 6572749.662046329
 1041 4 15 6 14 11 6576523.322495315
 1042 2 15 8 14 11 6579993.759440053
 1043 3 14 7 15 11 6584078.738581454
 1044 2 14 8 15 11 6587605.582181197
 1045 3 14 7 15 11 6591554.736489994
 1046 2 14 8 15 11 6595967.965086213
 1047 3 15 6 15 11 6599286.304346982
 1048 3 14 7 15 11 6603019.735436579
 1049 3 16 6 14 11 6605979.8606678555
 1050 3 14 7 15 11 6609757.9992549885
 1051 3 15 6 15 11 6612028.999927296
 1052 3 15 6 15 11 6615186.223616662
 1053 3 15 6 15 11 6618346.86783521
 1054 2 14 8 15 11 6621593.289479204
 1055 3 14 7 15 11 6624513.495910019
 1056 2 15 7 15 11 6628055.243976907
 1057 4 15 6 14 11 6631344.214661738
 1058 2 14 9 14 11 6635136.424212041
 1059 3 15 7 14 11 6638305.995687973
 1060 3 14 7 15 11 6640997.017470126
 1061 3 14 7 15 11 6643760.8940369915
 1062 3 15 6 15 11 6647534.647518328
 1063 3 16 5 15 11 6650738.0018559145
 1064 3 15 6 15 11 6654167.144091095
 1065 3 14 7 15 11 6657263.162421418
 1066 4 15 5 15 11 6660022.156830702
 1067 2 16 6 15 11 6663769.877793088
 1068 2 15 7 15 11 6667979.847356456
 1069 2 14 7 16 11 6671047.852389512
 1070 3 13 7 16 11 6674342.221137179
 1071 2 13 8 16 11 6677072.83101634
 1072 2 14 8 14 12 6684733.148181834
 1073 3 14 8 13 12 6693785.834667338
 1074 2 13 10 14 11 6701187.255509418
 1075 3 14 8 14 11 6709121.625455367
 1076 2 14 8 14 12 6717355.632848445
 1077 3 14 8 14 11 6724982.341516476
 1078 2 14 9 14 11 6733309.585105825
 1079 2 14 8 14 12 6742245.471469692
 1080 2 14 8 14 12 6750175.616087002
 1081 3 14 7 14 12 6758071.254929522
 1082 3 14 7 14 12 6765697.583031969
 1083 3 15 7 13 12 6773089.965672669
 1084 3 14 7 14 12 6781065.688905687
 1085 2 14 8 14 12 6789488.464542501
 1086 3 14 7 14 12 6797313.083947126
 1087 2 14 8 14 12 6805123.623783076
 1088 2 14 8 14 12 6813138.197926509
 1089 4 15 7 12 12 6821377.318269956
 1090 3 14 8 13 12 6829648.164647434
 1091 2 14 9 13 12 6837495.289856365
 1092 3 14 8 13 12 6845959.545462354
 1093 2 14 9 13 12 6852950.23055703
 1094 4 14 7 13 12 6862017.019327062
 1095 3 14 8 13 12 6869951.990774359
 1096 2 14 9 13 12 6877916.956183876
 1097 2 14 8 14 12 6886446.4158379175
 1098 2 15 8 13 12 6895413.686463809
 1099 2 14 8 14 12 6903880.006587208
 1100 3 14 7 14 12 6912437.970688731
 1101 3 14 7 14 12 6920308.260425347
 1102 3 14 7 14 12 6929316.642764074
 1103 2 14 9 15 10 6937920.96863002
 1104 3 14 7 15 11 6946110.200027101
 1105 3 14 8 14 11 6954773.300952706
 1106 2 14 9 14 11 6962563.723918046
 1107 2 14 8 15 11 6970707.814906962
 1108 2 14 9 14 11 6978813.197387037
 1109 3 14 8 14 11 6987434.7973458
 1110 2 14 9 14 11 6995438.618513232
 1111 2 15 7 15 11 7003174.22862505
 1112 3 15 6 15 11 7011393.839221919
 1113 3 14 7 15 11 7019690.772973373
 1114 3 15 6 15 11 7028096.99216555
 1115 2 14 8 15 11 7035855.501774235
 1116 3 16 6 13 12 7044590.509136316
 1117 3 15 6 15 11 7053140.795239765
 1118 3 14 8 15 10 7061272.558034449
 1119 2 14 9 15 10 7069376.443195829
 1120 3 14 8 15 10 7077865.374927334
 1121 3 14 8 15 10 7085760.637595292
 1122 3 14 8 15 10 7094337.155682678
 1123 2 15 9 14 10 7102348.871276323
 1124 3 14 8 15 10 7110450.861532572
 1125 2 14 9 15 10 7117946.807903852
 1126 3 14 8 15 10 7126108.92521108
 1127 2 14 9 15 10 7134246.751339158
 1128 3 14 8 15 10 7142134.153808076
 1129 3 14 8 15 10 7149993.3148880275
 1130 3 14 8 14 11 7158617.605586841
 1131 2 14 8 15 11 7166878.073500323
 1132 3 14 7 15 11 7175762.700751117
 1133 3 15 7 14 11 7183360.715551398
 1134 3 14 8 15 10 7191848.514257213
 1135 3 14 7 15 11 7199373.512530707
 1136 4 14 7 15 10 7207284.619527043
 1137 4 14 8 14 10 7216155.321172314
 1138 2 14 9 14 11 7223691.0926275775
 1139 3 14 8 14 11 7232282.942113784
 1140 2 14 9 14 11 7241143.600889376
 1141 3 14 8 14 11 7249524.640089452
 1142 2 14 9 14 11 7258568.832195896
 1143 3 14 8 14 11 7266433.887016949
 1144 3 15 7 13 12 7276357.311341613
 1145 2 14 8 15 11 7284378.803940779
 1146 3 14 8 14 11 7292676.3462851485
 1147 3 16 6 14 11 7300709.812699247
 1148 4 13 8 14 11 7308106.846590417
 1149 3 15 7 14 11 7315714.353470217
 1150 3 14 8 14 11 7323988.322410941
 1151 3 14 8 14 11 7333225.525936743
 1152 2 15 9 12 12 7342439.64109407
 1153 3 15 7 14 11 7349981.471549452
 1154 3 15 7 14 11 7357732.02543438
 1155 3 15 7 14 11 7364729.581590887
 1156 3 15 7 14 11 7373220.149639598
 1157 3 14 8 14 11 7381424.309865431
 1158 3 16 7 13 11 7390271.820141265
 1159 2 15 8 14 11 7398685.242263807
 1160 3 14 8 14 11 7406370.680043279
 1161 2 15 7 14 12 7415109.635300935
 1162 2 14 8 15 11 7423057.005403313
 1163 2 15 7 15 11 7431132.858290423
 1164 2 15 7 15 11 7439374.165416317
 1165 3 14 7 15 11 7448136.895133802
 1166 3 14 7 15 11 7456439.089350033
 1167 3 14 7 15 11 7465890.124072459
 1168 2 14 9 15 10 7474350.182009189
 1169 3 15 8 14 10 7483616.597653443
 1170 3 14 8 14 11 7492636.499850838
 1171 3 14 8 15 10 7501417.523165001
 1172 3 15 7 15 10 7509388.3994032955
 1173 2 14 8 15 11 7517781.548301966
 1174 2 15 7 15 11 7526045.792089354
 1175 2 14 8 15 11 7533549.286210545
 1176 3 14 7 15 11 7541227.9407530725
 1177 3 14 7 15 11 7549009.075372893
 1178 3 14 7 15 11 7556210.575314727
 1179 3 14 7 15 11 7564825.981295502
 1180 2 14 8 14 12 7573362.713493142
 1181 2 14 8 15 11 7581597.332510519
 1182 3 13 8 15 11 7589616.164346328
 1183 3 13 8 15 11 7597565.446510044
 1184 3 14 7 15 11 7605872.019323251
 1185 3 15 6 15 11 7613672.5174882375
 1186 3 14 7 15 11 7621934.377384624
 1187 2 14 8 15 11 7629387.558846662
 1188 3 15 7 14 11 7637556.757068587
 1189 3 15 7 14 11 7645282.840837855
 1190 3 15 7 13 12 7653729.850269327
 1191 3 15 6 15 11 7661037.650761839
 1192 3 16 5 15 11 7668661.606382116
 1193 3 14 7 15 11 7677799.577903232
 1194 3 13 8 15 11 7685965.474393482
 1195 3 14 8 14 11 7693303.336960274
 1196 4 13 7 15 11 7701283.52974258
 1197 2 14 8 15 11 7709705.271428644
 1198 3 14 7 15 11 7717895.703521632
 1199 2 14 8 15 11 7724852.9878537785
 1200 3 14 8 12 13 7733456.499446514
 1201 3 14 8 13 12 7741274.500519856
 1202 3 14 8 13 12 7750559.186673183
 1203 2 14 9 14 11 7759663.01153875
 1204 2 14 9 13 12 7768083.2545405505
 1205 3 15 8 12 12 7776839.853533656
 1206 3 14 8 13 12 7785433.535536962
 1207 3 14 8 13 12 7793740.4963673735
 1208 3 14 8 13 12 7801733.295441978
 1209 4 14 7 12 13 7810169.890452393
 1210 4 13 8 13 12 7818984.844780522
 1211 4 13 9 13 11 7827521.572840979
 1212 3 13 9 13 12 7836144.7078074645
 1213 4 13 8 13 12 7844700.151381463
 1214 2 14 8 14 12 7852716.741007576
 1215 3 14 8 13 12 7861623.683504734
 1216 3 13 9 14 11 7870508.045734052
 1217 4 14 7 14 11 7879090.667578749
 1218 4 13 8 13 12 7887982.355608863
 1219 3 13 9 14 11 7895678.386483619
 1220 4 14 7 14 11 7903716.25360895
 1221 4 14 7 14 11 7912325.485199316
 1222 3 14 8 14 11 7920820.413451366
 1223 4 13 8 14 11 7929950.623151003
 1224 3 15 8 13 11 7939414.471855329
 1225 3 14 8 14 11 7948719.8362293085
 1226 3 14 9 14 10 7957196.804223277
 1227 4 14 8 13 11 7966517.632048648
 1228 3 14 10 13 10 7975528.99406538
 1229 3 14 8 14 11 7983980.814850977
 1230 3 14 8 14 11 7992216.189229548
 1231 4 13 8 14 11 7999925.461698758
 1232 3 14 8 14 11 8008700.844048221
 1233 2 15 8 14 11 8017208.930448201
 1234 3 14 8 14 11 8026194.3946432
 1235 2 14 9 14 11 8034675.708238561
 1236 3 14 8 13 12 8044716.957736155
 1237 2 14 9 14 11 8053788.675963414
 1238 3 14 8 14 11 8062786.972534943
 1239 3 14 7 15 11 8072130.137405812
 1240 2 14 8 15 11 8080808.654288821
 1241 3 15 7 14 11 8089354.979801614
 1242 3 14 7 15 11 8098434.62596731
 1243 2 14 8 15 11 8107613.779637561
 1244 2 15 8 15 10 8116469.309161156
 1245 3 13 8 14 12 8125365.4135504905
 1246 4 13 7 15 11 8134652.499836131
 1247 2 14 8 15 11 8143598.544463333
 1248 3 14 7 15 11 8152355.253788547
 1249 3 15 6 15 11 8160489.143149135
 1250 3 14 7 15 11 8169541.967623336
 1251 2 14 8 15 11 8177982.236487267
 1252 3 14 7 15 11 8186677.648752829
 1253 3 14 7 15 11 8195531.590248013
 1254 3 14 7 15 11 8203378.574721304
 1255 3 14 7 14 12 8212440.934383975
 1256 2 14 8 15 11 8220924.24107311
 1257 3 14 7 15 11 8229569.539579952
 1258 2 14 8 15 11 8238428.9734808095
 1259 2 14 8 15 11 8247103.913265385
 1260 2 16 8 13 11 8256176.5283129
 1261 2 14 8 15 11 8265328.195550449
 1262 2 14 8 15 11 8274152.691375803
 1263 2 14 8 15 11 8281916.397132622
 1264 2 14 8 15 11 8290732.258488246
 1265 4 14 7 14 11 8299612.912676395
 1266 2 14 9 13 12 8309038.272671926
 1267 3 14 8 14 11 8318282.234911155
 1268 2 14 9 14 11 8327375.274559569
 1269 4 13 8 14 11 8336591.665928376
 1270 3 13 9 14 11 8345629.477183426
 1271 3 14 7 15 11 8355046.636133966
 1272 2 14 8 15 11 8363793.82849296
 1273 4 13 7 15 11 8371899.276292446
 1274 4 13 7 15 11 8381097.707390846
 1275 4 13 8 15 10 8389720.30021893
 1276 2 14 9 15 10 8397750.017369589
 1277 4 14 7 14 11 8407158.636624996
 1278 2 15 8 14 11 8416921.188428216
 1279 3 14 8 15 10 8425669.828017572
 1280 2 14 9 15 10 8435024.368514055
 1281 3 14 8 15 10 8443802.105106305
 1282 2 14 9 15 10 8452491.803346584
 1283 3 14 7 15 11 8460804.87278191
 1284 2 14 8 15 11 8468958.586196458
 1285 3 14 7 15 11 8476962.519623658
 1286 3 15 6 15 11 8485313.756636025
 1287 3 14 7 15 11 8493910.753260901
 1288 4 13 7 15 11 8501492.31752908
 1289 4 14 6 14 12 8510131.567730026
 1290 4 14 6 15 11 8518616.64618811
 1291 4 13 7 15 11 8527303.351990076
 1292 3 15 7 14 11 8536150.285575379
 1293 3 15 6 15 11 8544548.584562058
 1294 3 15 6 15 11 8553075.472964795
 1295 2 15 7 15 11 8561527.033663215
 1296 3 15 7 14 11 8570581.60019002
 1297 2 14 8 15 11 8577708.141328664
 1298 4 14 6 15 11 8585874.205064356
 1299 2 15 7 15 11 8593248.037533633
 1300 3 15 6 14 12 8603192.166809702
 1301 2 14 8 15 11 8612356.177551791
 1302 3 14 8 14 11 8621993.958497759
 1303 2 14 8 15 11 8631017.27511679
 1304 2 15 7 15 11 8640335.87214174
 1305 2 14 8 15 11 8649143.720313497
 1306 3 14 7 15 11 8658135.482099425
 1307 3 15 6 15 11 8666951.983852291
 1308 3 14 7 16 10 8675030.023815257
 1309 3 14 7 16 10 8683584.60289677
 1310 2 14 8 16 10 8691667.348532269
 1311 3 14 7 15 11 8700780.28972818
 1312 2 15 7 16 10 8709994.930610701
 1313 3 17 5 15 10 8718776.034676054
 1314 2 14 8 16 10 8727982.695943365
 1315 3 14 7 16 10 8737135.776840853
 1316 3 14 7 16 10 8746386.268766448
 1317 2 14 8 16 10 8755737.878989846
 1318 3 14 7 16 10 8764036.425973997
 1319 3 14 7 16 10 8773163.938765747
 1320 3 14 7 16 10 8781789.27690833
 1321 3 14 7 16 10 8790390.161896417
 1322 2 14 8 16 10 8798699.367572714
 1323 3 15 7 14 11 8806887.225195138
 1324 2 14 8 16 10 8815198.145053638
 1325 2 15 7 16 10 8823855.480982117
 1326 3 14 7 16 10 8832524.499571782
 1327 3 14 7 16 10 8840574.13911382
 1328 3 14 7 16 10 8849532.538889006
 1329 3 14 7 16 10 8859111.730248207
 1330 2 14 8 16 10 8868288.770563114
 1331 4 14 7 15 10 8877412.175013868
 1332 2 15 9 14 10 8886798.79707283
 1333 2 15 7 16 10 8895774.965624215
 1334 2 15 7 16 10 8905096.047977637
 1335 3 15 6 15 11 8913875.24987384
 1336 2 16 6 16 10 8923051.693186222
 1337 3 14 7 16 10 8931560.75792586
 1338 3 15 6 16 10 8940561.951284792
 1339 4 13 7 16 10 8949008.945664229
 1340 4 13 8 16 9 8958034.547651948
 1341 3 13 8 16 10 8966770.277294543
 1342 2 14 8 16 10 8976211.068792269
 1343 4 13 7 16 10 8984366.90712087
 1344 3 13 8 16 10 8992019.80694213
 1345 4 14 6 16 10 9000190.326437213
 1346 3 15 6 15 11 9009755.940549552
 1347 3 13 8 16 10 9018597.674139043
 1348 4 13 7 16 10 9027253.79756258
 1349 4 14 7 15 10 9036344.23793119
 1350 3 13 8 16 10 9044906.454211025
 1351 4 13 7 16 10 9053028.976218801
 1352 3 14 7 16 10 9060830.296600338
 1353 4 14 6 16 10 9068999.614267886
 1354 3 14 7 16 10 9076399.367426308
 1355 4 13 7 16 10 9084392.76868441
 1356 3 14 7 16 10 9092980.650103968
 1357 3 14 8 14 11 9102703.346889319
 1358 4 15 5 16 10 9110968.752873667
 1359 4 14 6 16 10 9119576.106030513
 1360 3 14 7 16 10 9128290.382965803
 1361 4 13 8 15 10 9137015.032089785
 1362 3 13 9 15 10 9147305.923194919
 1363 2 14 9 15 10 9155736.314863915
 1364 2 14 9 15 10 9164282.98044787
 1365 4 14 7 15 10 9172606.009539483
 1366 3 14 8 15 10 9181545.211219665
 1367 4 13 8 15 10 9190221.992916858
 1368 4 14 8 13 11 9199509.101924067
 1369 3 14 8 15 10 9207619.618979366
 1370 4 13 8 15 10 9216818.801763538
 1371 2 15 8 15 10 9226701.790326258
 1372 2 14 9 15 10 9236045.849943308
 1373 2 14 9 15 10 9245438.522947093
 1374 2 14 9 15 10 9254732.88565116
 1375 3 15 7 15 10 9263534.712627754
 1376 3 15 6 16 10 9272102.045794958
 1377 3 14 7 16 10 9281076.862418674
 1378 3 15 6 16 10 9290240.536433026
 1379 2 14 8 16 10 9298193.180783002
 1380 3 15 6 15 11 9308038.531265875
 1381 2 14 8 16 10 9316804.976711009
 1382 2 15 7 16 10 9325915.876522793
 1383 2 15 7 16 10 9333943.110922884
 1384 3 15 6 16 10 9342875.82349237
 1385 2 15 8 15 10 9351445.499137647
 1386 2 15 7 16 10 9360158.141363328
 1387 2 15 8 15 10 9370022.245650472
 1388 2 14 8 16 10 9378376.94797364
 1389 2 14 8 16 10 9387589.65978256
 1390 3 14 7 16 10 9396617.39834093
 1391 2 15 7 15 11 9405236.540500406
 1392 3 14 7 16 10 9414480.871176278
 1393 2 16 6 16 10 9423715.485509142
 1394 2 16 6 16 10 9432570.585834919
 1395 3 15 6 16 10 9441100.65413357
 1396 2 16 7 15 10 9449907.87810956
 1397 3 15 6 16 10 9457807.397237651
 1398 3 15 6 16 10 9467283.095897103
 1399 2 14 8 16 10 9476296.147964556
 1400 3 15 6 16 10 9485821.22434004
 1401 2 15 7 16 10 9494227.097710976
 1402 2 15 7 15 11 9502941.083478611
 1403 2 14 8 16 10 9512190.414413664
 1404 2 14 8 16 10 9521019.466928136
 1405 2 15 7 16 10 9530357.878540285
 1406 3 15 6 16 10 9539530.704333993
 1407 3 15 7 15 10 9549210.750887834
 1408 2 14 9 15 10 9559469.943170106
 1409 2 14 9 15 10 9568668.865447408
 1410 3 15 7 15 10 9577838.82248687
 1411 2 15 9 14 10 9587839.062245596
 1412 3 14 7 16 10 9597348.28020463
 1413 2 15 7 16 10 9606244.03132662
 1414 2 14 8 15 11 9615789.081738262
 1415 2 15 7 16 10 9625601.79143624
 1416 2 14 9 16 9 9633614.415189281
 1417 3 14 7 16 10 9642485.412387105
 1418 2 16 7 16 9 9651622.846845318
 1419 2 15 7 16 10 9660507.531549774
 1420 3 14 7 16 10 9669652.804547273
 1421 2 14 8 16 10 9678309.315700907
 1422 2 15 8 15 10 9687297.879390614
 1423 2 14 8 16 10 9694954.388087448
 1424 2 15 7 16 10 9703921.089156788
 1425 2 14 8 16 10 9712769.900169652
 1426 2 15 7 15 11 9721862.97152115
 1427 2 15 8 16 9 9729487.854834933
 1428 2 15 7 16 10 9737521.555847034
 1429 2 17 6 15 10 9745809.717336934
 1430 2 15 7 16 10 9753118.289979432
 1431 3 16 5 16 10 9761491.257241791
 1432 2 16 6 16 10 9769072.816166727
 1433 3 16 5 16 10 9776672.79488357
 1434 4 14 6 16 10 9784243.317914829
 1435 3 15 6 16 10 9791960.972317336
 1436 2 15 7 16 10 9800557.774095044
 1437 3 15 6 16 10 9808211.327847673
 1438 2 15 7 15 11 9816564.350724183
 1439 4 13 7 16 10 9824944.493232956
 1440 4 13 7 16 10 9833304.110052425
 1441 3 14 8 15 10 9841530.52411614
 1442 4 14 7 15 10 9850757.325895507
 1443 3 14 7 16 10 9859045.503073152
 1444 2 14 8 16 10 9867992.419117458
 1445 2 14 8 16 10 9875546.671002127
 1446 3 16 6 15 10 9884590.363957016
 1447 2 15 7 16 10 9892938.637105193
 1448 2 14 8 16 10 9901122.146810137
 1449 2 14 8 15 11 9909133.656143805
 1450 3 14 8 16 9 9917367.219852407
 1451 2 14 8 16 10 9926360.15616965
 1452 3 14 8 16 9 9934774.107036512
 1453 3 14 7 16 10 9942101.080877174
 1454 3 14 7 16 10 9949851.162463702
 1455 4 14 6 16 10 9957068.13766179
 1456 3 14 8 15 10 9964693.303705499
 1457 3 15 7 15 10 9973308.667885685
 1458 2 17 7 14 10 9982173.419791669
 1459 3 15 7 15 10 9990511.583623037
 1460 2 15 8 14 11 9998120.026793472
 1461 3 15 7 15 10 1.0006351217905411E7
 1462 3 15 7 15 10 1.0014284176618913E7
 1463 2 15 8 15 10 1.0023178678968446E7
 1464 2 16 8 15 9 1.0031541620452022E7
 1465 2 16 8 14 10 1.0040865895635897E7
 1466 2 15 8 15 10 1.0049496724910652E7
 1467 3 14 8 15 10 1.0057558981235446E7
 1468 3 14 8 15 10 1.0066057362231508E7
 1469 3 15 7 15 10 1.0074148271979667E7
 1470 3 14 8 15 10 1.0082742831582442E7
 1471 3 13 9 15 10 1.0089102225204172E7
 1472 4 14 7 15 10 1.0097100694842823E7
 1473 3 15 7 15 10 1.0105161518957967E7
 1474 2 15 7 16 10 1.0112950130418258E7
 1475 3 16 5 16 10 1.0121493797748206E7
 1476 3 15 6 16 10 1.0130200192023994E7
 1477 3 14 8 15 10 1.0138488341964245E7
 1478 3 14 8 15 10 1.0147960160936859E7
 1479 2 14 9 15 10 1.015661537256734E7
 1480 2 14 9 15 10 1.0165290794382967E7
 1481 2 14 8 16 10 1.0172387290212924E7
 1482 3 14 8 15 10 1.0180359676228471E7
 1483 3 15 7 15 10 1.0188503773736887E7
 1484 3 14 8 15 10 1.0196935952942211E7
 1485 2 14 9 15 10 1.0204848591436904E7
 1486 3 14 8 15 10 1.0213542852664327E7
 1487 2 14 8 16 10 1.0221930171932038E7
 1488 3 14 7 16 10 1.0229990202314517E7
 1489 2 14 8 16 10 1.02377498590229E7
 1490 3 14 7 16 10 1.0246286866793495E7
 1491 2 14 8 16 10 1.0255345661674242E7
 1492 3 14 7 16 10 1.0263426924334407E7
 1493 2 15 8 15 10 1.0272480600032972E7
 1494 3 15 7 14 11 1.0281251149432464E7
 1495 2 14 8 16 10 1.0289869972286444E7
 1496 2 15 7 16 10 1.0298995673639918E7
 1497 2 16 7 15 10 1.030779977542297E7
 1498 2 14 8 16 10 1.0316237535973387E7
 1499 3 14 7 16 10 1.0324323564673346E7
 1500 2 14 8 16 10 1.033230062039749E7
 1501 2 15 7 16 10 1.0339711030221958E7
 1502 3 16 5 16 10 1.0347226457660392E7
 1503 2 15 7 16 10 1.035550691637392E7
 1504 3 14 7 16 10 1.0362870970487274E7
 1505 3 14 7 16 10 1.037119327446759E7
 1506 2 14 8 16 10 1.0379626019852433E7
 1507 3 14 7 16 10 1.0388337392438078E7
 1508 2 14 8 15 11 1.039724389948941E7
 1509 2 14 8 16 10 1.0405505879640644E7
 1510 2 14 8 16 10 1.0414199093500951E7
 1511 2 14 8 16 10 1.0421871877101377E7
 1512 3 15 7 15 10 1.0429686838082697E7
 1513 4 15 6 15 10 1.0437028207895072E7
 1514 3 15 7 15 10 1.0445495063460773E7
 1515 3 15 6 16 10 1.0454668732144967E7
 1516 2 14 8 16 10 1.0463117945935044E7
 1517 3 13 8 16 10 1.047188913734082E7
 1518 3 13 8 16 10 1.0480109424230594E7
 1519 4 13 7 15 11 1.048902838492594E7
 1520 3 13 8 16 10 1.049692291426737E7
 1521 3 13 8 16 10 1.0505194523697237E7
 1522 3 14 7 16 10 1.0513300952516545E7
 1523 3 13 8 16 10 1.0520926410118556E7
 1524 2 14 8 16 10 1.0528401656634599E7
 1525 2 15 7 16 10 1.0535919822289234E7
 1526 2 15 7 16 10 1.0544566940735959E7
 1527 3 14 7 16 10 1.055277850462689E7
 1528 2 14 8 16 10 1.056024343447238E7
 1529 3 14 7 16 10 1.0568260744893938E7
 1530 2 15 7 15 11 1.0577295602830412E7
 1531 3 14 7 16 10 1.0585555771634644E7
 1532 2 15 8 15 10 1.059471133787327E7
 1533 2 14 8 16 10 1.0602901455700334E7
 1534 2 15 7 16 10 1.0611924083158977E7
 1535 2 15 7 16 10 1.062030678385343E7
 1536 2 14 8 16 10 1.0628647243337803E7
 1537 2 16 6 16 10 1.0637109790961353E7
 1538 2 15 7 16 10 1.0645581095304487E7
 1539 2 15 7 16 10 1.0653488043780081E7
 1540 2 15 7 16 10 1.0661796488000263E7
 1541 4 15 6 14 11 1.0669704504995296E7
 1542 2 14 9 15 10 1.0678558662549304E7
 1543 2 15 7 16 10 1.0686980187762825E7
 1544 2 15 7 16 10 1.0694915455804836E7
 1545 3 14 7 16 10 1.0703585391889831E7
 1546 2 15 8 15 10 1.0712380949781481E7
 1547 2 15 8 15 10 1.072089105755444E7
 1548 2 14 8 16 10 1.0730013300603962E7
 1549 2 14 8 16 10 1.0738158496332966E7
 1550 3 14 7 16 10 1.0746780410448745E7
 1551 2 14 8 16 10 1.0755457336765002E7
 1552 2 14 8 15 11 1.0764295450463217E7
 1553 2 14 8 16 10 1.077252708699606E7
 1554 3 13 8 16 10 1.0781473661981268E7
 1555 2 14 8 16 10 1.0790132897988573E7
 1556 3 14 7 16 10 1.0799166799530957E7
 1557 2 14 8 16 10 1.0807708855096614E7
 1558 3 14 7 16 10 1.0816917736455712E7
 1559 2 14 8 16 10 1.0825107031345438E7
 1560 3 15 6 16 10 1.0832924309382802E7
 1561 4 14 6 16 10 1.0841722552965004E7
 1562 3 14 7 16 10 1.084916814487975E7
 1563 4 15 6 14 11 1.085851814810839E7
 1564 2 14 8 16 10 1.086627568690403E7
 1565 4 13 7 16 10 1.0874578731249517E7
 1566 2 14 8 16 10 1.088200072405405E7
 1567 4 13 7 16 10 1.0890117388696795E7
 1568 2 15 7 16 10 1.0897105381333522E7
 1569 4 15 6 15 10 1.0905118766093858E7
 1570 4 13 8 15 10 1.0913309412055269E7
 1571 4 13 8 15 10 1.0921491468242623E7
 1572 4 13 8 15 10 1.0929368568247883E7
 1573 3 13 9 15 10 1.0937020764959887E7
 1574 4 13 8 14 11 1.0945306198579982E7
 1575 2 14 9 15 10 1.0953478653641546E7
 1576 3 14 8 15 10 1.0962041626245862E7
 1577 2 14 9 15 10 1.0970639986035077E7
 1578 2 14 9 15 10 1.0978516056151558E7
 1579 2 15 7 16 10 1.0987216401027925E7
 1580 2 14 8 16 10 1.0995943130419886E7
 1581 2 14 8 16 10 1.1003798518752253E7
 1582 3 14 7 16 10 1.1011993075890156E7
 1583 3 15 6 16 10 1.1020378039256752E7
 1584 2 15 7 16 10 1.102865068355937E7
 1585 2 15 7 16 10 1.1036906898985064E7
 1586 3 15 6 15 11 1.1045171260296334E7
 1587 3 14 7 16 10 1.1052753205382697E7
 1588 3 15 7 15 10 1.1060966713144738E7
 1589 3 14 7 16 10 1.1069231515487289E7
 1590 3 14 7 16 10 1.1076711058572758E7
 1591 3 14 7 16 10 1.1084391565475501E7
 1592 3 15 6 16 10 1.1093200193008596E7
 1593 3 15 6 16 10 1.1101526426881157E7
 1594 3 14 7 16 10 1.1110341331320606E7
 1595 3 14 7 16 10 1.1119374494877491E7
 1596 2 15 7 16 10 1.11273945865029E7
 1597 3 14 7 15 11 1.1136965256334294E7
 1598 2 14 8 16 10 1.1144876252541699E7
 1599 3 14 7 16 10 1.1154014808986284E7
 1600 2 15 7 16 10 1.116261342953395E7
 1601 3 14 7 16 10 1.117093982630619E7
 1602 3 14 7 16 10 1.1178679328615677E7
 1603 3 14 7 16 10 1.1186106111638919E7
 1604 3 14 7 16 10 1.1194787642690469E7
 1605 3 14 7 16 10 1.1202911317351544E7
 1606 3 15 6 16 10 1.121213597750852E7
 1607 3 14 7 16 10 1.1220155867334053E7
 1608 3 14 7 15 11 1.1228719845742788E7
 1609 4 14 7 15 10 1.1236962813676085E7
 1610 3 14 8 15 10 1.1245602235693794E7
 1611 3 14 8 15 10 1.1254006465693023E7
 1612 4 13 8 15 10 1.1262436015830977E7
 1613 4 13 8 15 10 1.1270567743022537E7
 1614 4 14 8 14 10 1.127878900434762E7
 1615 3 14 8 15 10 1.1287936468426146E7
 1616 3 14 8 15 10 1.1296985664743502E7
 1617 2 14 10 15 9 1.1305728168983258E7
 1618 3 14 8 15 10 1.1313982971522987E7
 1619 3 15 7 15 10 1.132287024173959E7
 1620 3 14 8 14 11 1.1332443495344674E7
 1621 3 14 8 15 10 1.1341288362583525E7
 1622 3 14 8 15 10 1.135039878192987E7
 1623 2 14 9 15 10 1.135879827495161E7
 1624 3 15 7 15 10 1.1367190057003688E7
 1625 3 14 8 15 10 1.1375683109784551E7
 1626 3 15 7 15 10 1.1384201408278415E7
 1627 3 15 7 15 10 1.1392656425996363E7
 1628 3 14 7 16 10 1.1400351665459907E7
 1629 3 14 8 15 10 1.1407077903175218E7
 1630 4 15 6 15 10 1.1414338883510768E7
 1631 3 15 6 16 10 1.1422708982448254E7
 1632 2 14 8 15 11 1.1430742837933378E7
 1633 3 14 7 16 10 1.1438872475695565E7
 1634 2 14 7 17 10 1.1445628548531607E7
 1635 3 14 7 16 10 1.1452864020637447E7
 1636 3 16 5 16 10 1.1460445945314834E7
 1637 2 15 6 17 10 1.1467443491954098E7
 1638 3 15 6 16 10 1.1475406507565508E7
 1639 3 13 8 16 10 1.1483658696187425E7
 1640 3 14 7 16 10 1.1490629196669485E7
 1641 3 14 7 16 10 1.1497169511859654E7
 1642 4 16 6 15 9 1.1505432558707844E7
 1643 2 14 8 16 10 1.1512592794235026E7
 1644 2 14 8 15 11 1.1520568883031018E7
 1645 3 14 7 16 10 1.1528160874589646E7
 1646 2 15 7 16 10 1.1536059185982132E7
 1647 3 14 7 16 10 1.1543895184601529E7
 1648 3 14 7 16 10 1.1550268613244988E7
 1649 3 15 6 16 10 1.1558385623333627E7
 1650 2 14 8 16 10 1.156664884523079E7
 1651 3 15 6 16 10 1.1575105784936626E7
 1652 2 15 7 16 10 1.1583589216914477E7
 1653 3 15 6 16 10 1.1592185948967375E7
 1654 2 15 7 16 10 1.1600588224215003E7
 1655 2 14 8 16 10 1.1607565051089352E7
 1656 4 14 6 15 11 1.1615425872667205E7
 1657 4 13 7 16 10 1.1623336876165664E7
 1658 3 14 7 16 10 1.1631181865873879E7
 1659 2 15 7 16 10 1.1638124074710868E7
 1660 3 15 6 16 10 1.1645631023090841E7
 1661 4 15 6 15 10 1.1653807427550247E7
 1662 2 15 8 15 10 1.1661112171988482E7
 1663 4 15 6 15 10 1.1668759167926295E7
 1664 3 15 7 15 10 1.1676633250405539E7
 1665 3 14 8 15 10 1.1684759536661744E7
 1666 3 14 8 15 10 1.1692553585509725E7
 1667 3 15 7 15 10 1.1700899656764237E7
 1668 3 14 8 14 11 1.1709185385396725E7
 1669 3 15 6 16 10 1.171683428059679E7
 1670 3 15 6 16 10 1.1724947205421522E7
 1671 2 14 8 16 10 1.1732773743785674E7
 1672 3 14 7 16 10 1.174018169009087E7
 1673 2 15 8 15 10 1.1747400898763487E7
 1674 2 15 7 16 10 1.1755110623115253E7
 1675 3 15 6 16 10 1.1762867302166494E7
 1676 2 15 7 16 10 1.1770063400532983E7
 1677 3 15 6 16 10 1.1778196800075028E7
 1678 3 15 6 16 10 1.1785455876727834E7
 1679 3 15 6 16 10 1.179354776159466E7
 1680 2 15 7 15 11 1.1802014961149449E7
 1681 2 14 8 16 10 1.1809627023415405E7
 1682 3 14 7 16 10 1.1818017843109887E7
 1683 2 14 8 16 10 1.182681971786482E7
 1684 2 14 8 16 10 1.183569451307389E7
 1685 2 14 8 16 10 1.184387970725707E7
 1686 2 15 7 16 10 1.1852795762973608E7
 1687 2 14 8 16 10 1.1861550032280536E7
 1688 2 14 8 16 10 1.186952633483781E7
 1689 2 15 7 16 10 1.187787231746275E7
 1690 3 14 7 16 10 1.18867576208914E7
 1691 3 14 7 15 11 1.1895299906099422E7
 1692 3 15 6 16 10 1.190331597658614E7
 1693 3 16 5 16 10 1.1912178487718409E7
 1694 2 15 8 16 9 1.1920757772794295E7