 "ticks" "state 0" "state 1" "state 2" "state 3" "state 4" "bioenergy success"
 0 0 0 0 0 50 27497.180000000004
 1 0 0 0 0 50 31656.65052546646
 2 0 0 0 0 50 35774.502903633795
 3 0 0 0 0 50 39831.064311073205
 4 0 0 0 0 50 44078.21060512125
 5 0 0 0 0 50 48185.42279256534
 6 0 0 0 0 50 52336.1030646696
 7 0 0 0 0 50 56377.23479754163
 8 0 0 0 0 50 60289.772610413616
 9 0 0 0 0 50 64273.28661817288
 10 0 0 0 0 50 68391.29266314536
 11 0 0 0 0 50 72677.63289568765
 12 0 0 0 0 50 76851.91639135194
 13 0 0 0 0 50 80898.1439161217
 14 0 0 0 0 50 84873.18552089151
 15 0 0 0 0 50 88818.00112855215
 16 0 0 0 0 50 92762.81673621282
 17 0 0 0 0 50 96562.63911204162
 18 0 0 0 50 0 96561.5301644356
 19 0 0 0 50 0 96560.42121682962
 20 0 0 0 50 0 96559.31226922366
 21 0 0 0 50 0 96558.20332161768
 22 0 0 0 50 0 96557.09437401168
 23 0 0 0 50 0 96555.9854264057
 24 0 0 0 50 0 96554.87647879969
 25 0 0 0 50 0 96553.76753119372
 26 0 0 50 0 0 102994.2074590418
 27 0 50 0 0 0 109494.13074094703
 28 0 50 0 0 0 116098.4447077197
 29 0 0 0 0 50 122089.4952522414
 30 0 0 0 0 50 126471.26638834637
 31 0 0 0 0 50 130855.5967195898
 32 0 0 0 0 50 135128.5000918712
 33 0 0 0 0 50 139583.1414230127
 34 0 0 0 50 0 139582.03247540674
 35 0 0 0 50 0 139580.92352780077
 36 0 0 0 50 0 139579.81458019483
 37 0 0 0 50 0 139578.70563258883
 38 0 0 0 50 0 139577.59668498288
 39 0 0 0 50 0 139576.48773737682
 40 0 0 0 50 0 139575.37878977085
 41 0 0 0 50 0 139574.26984216494
 42 0 0 50 0 0 145749.31473729157
 43 0 50 0 0 0 152027.58000431504
 44 0 50 0 0 0 158582.59933373684
 45 0 0 0 0 50 164796.36051055227
 46 0 0 0 0 50 169268.45693385575
 47 0 0 0 0 50 173662.89222532313
 48 0 0 0 0 50 177914.95567679044
 49 0 0 0 0 50 182079.75896825778
 50 0 0 0 50 0 182078.65002065187
 51 0 0 0 50 0 182077.54107304587
 52 0 0 0 50 0 182076.43212543987
 53 0 0 0 50 0 182075.32317783393
 54 0 0 0 50 0 182074.21423022795
 55 0 0 0 50 0 182073.105282622
 56 0 0 0 50 0 182071.99633501598
 57 0 0 0 50 0 182070.88738740998
 58 0 0 50 0 0 188668.15069685955
 59 0 50 0 0 0 195346.2073709137
 60 0 50 0 0 0 201842.07191000078
 61 0 0 0 0 50 207795.15555740896
 62 0 0 0 0 50 212167.5178902181
 63 0 0 0 0 50 216526.10230302715
 64 0 0 0 0 50 220896.61381721075
 65 0 0 0 0 50 225269.32412823438
 66 0 0 0 50 0 225268.21518062838
 67 0 0 0 50 0 225267.10623302247
 68 0 0 0 50 0 225265.99728541647
 69 0 0 0 50 0 225264.88833781052
 70 0 0 0 50 0 225263.77939020447
 71 0 0 0 50 0 225262.67044259846
 72 0 0 0 50 0 225261.56149499255
 73 0 0 0 50 0 225260.45254738646
 74 0 0 50 0 0 230879.3935926795
 75 0 50 0 0 0 237465.56665153746
 76 0 50 0 0 0 243837.5356520924
 77 0 0 0 0 50 249384.4282575432
 78 0 0 0 0 50 253363.2053201305
 79 0 0 0 0 50 257545.7295103208
 80 0 0 0 0 50 261583.80768306754
 81 0 0 0 0 50 265708.9238732579
 82 0 0 0 50 0 265707.81492565206
 83 0 0 0 50 0 265706.70597804594
 84 0 0 0 50 0 265705.59703044
 85 0 0 0 50 0 265704.48808283405
 86 0 0 0 50 0 265703.37913522805
 87 0 0 0 50 0 265702.27018762205
 88 0 0 0 50 0 265701.161240016
 89 0 0 0 50 0 265700.0522924101
 90 0 0 50 0 0 271769.9436581276
 91 0 50 0 0 0 278569.3442064346
 92 0 50 0 0 0 284556.6535949251
 93 0 0 0 0 50 289953.44015865686
 94 0 0 0 0 50 294101.0510595626
 95 0 0 0 0 50 298234.8905221341
 96 0 0 0 0 50 302284.5647105565
 97 0 0 0 0 50 306450.7499585865
 98 0 0 0 50 0 306449.64101098035
 99 0 0 0 50 0 306448.53206337435
 100 0 0 0 50 0 306447.4231157684
 101 0 0 0 50 0 306446.3141681624
 102 0 0 0 50 0 306445.2052205564
 103 0 0 0 50 0 306444.0962729503
 104 0 0 0 50 0 306442.98732534435
 105 0 0 0 50 0 306441.8783777384
 106 0 0 50 0 0 312735.922728033
 107 0 50 0 0 0 319339.57592610526
 108 0 50 0 0 0 325548.0245129218
 109 0 0 0 0 50 331348.10753010993
 110 0 0 0 0 50 335795.01301021606
 111 0 0 0 0 50 340087.2569382342
 112 0 0 0 0 50 344483.48748301767
 113 0 0 0 0 50 348764.9020278014
 114 0 0 0 50 0 348763.7930801953
 115 0 0 0 50 0 348762.6841325893
 116 0 0 0 50 0 348761.5751849834
 117 0 0 0 50 0 348760.4662373773
 118 0 0 0 50 0 348759.35728977143
 119 0 0 0 50 0 348758.24834216543
 120 0 0 0 50 0 348757.13939455943
 121 0 0 0 50 0 348756.0304469534
 122 0 0 50 0 0 354611.3711871234
 123 0 50 0 0 0 361291.8050611647
 124 0 50 0 0 0 367565.27856504935
 125 0 0 0 0 50 373042.80944182485
 126 0 0 0 0 50 377143.262275409
 127 0 0 0 0 50 381351.5260014119
 128 0 0 0 0 50 385634.3653578176
 129 0 0 0 0 50 389933.90443766525
 130 0 0 0 50 0 389932.79549005924
 131 0 0 0 50 0 389931.68654245324
 132 0 0 0 50 0 389930.57759484724
 133 0 0 0 50 0 389929.46864724136
 134 0 0 0 50 0 389928.3596996352
 135 0 0 0 50 0 389927.25075202936
 136 0 0 0 50 0 389926.1418044234
 137 0 0 0 50 0 389925.03285681724
 138 0 0 50 0 0 396540.051280925
 139 0 50 0 0 0 403674.0460905664
 140 0 50 0 0 0 410441.25581414776
 141 0 0 0 0 50 416591.26815623144
 142 0 0 0 0 50 421114.75146665267
 143 0 0 0 0 50 425664.9663085799
 144 0 0 0 0 50 430147.6923093703
 145 0 0 0 0 50 434691.2712185234
 146 0 0 0 50 0 434690.1622709172
 147 0 0 0 50 0 434689.0533233112
 148 0 0 0 50 0 434687.94437570544
 149 0 0 0 50 0 434686.8354280993
 150 0 0 0 50 0 434685.7264804935
 151 0 0 0 50 0 434684.6175328873
 152 0 0 0 50 0 434683.50858528144
 153 0 0 0 50 0 434682.3996376754
 154 0 0 50 0 0 441103.12971410376
 155 0 50 0 0 0 447887.36736235174
 156 0 50 0 0 0 454060.53533263825
 157 0 0 0 0 50 459390.5589098517
 158 0 0 0 0 50 463632.9967867322
 159 0 0 0 0 50 467910.6403727589
 160 0 0 0 0 50 472267.19234657375
 161 0 0 0 0 50 476451.5203203891
 162 0 0 0 50 0 476450.4113727832
 163 0 0 0 50 0 476449.30242517695
 164 0 0 0 50 0 476448.193477571
 165 0 0 0 50 0 476447.08452996524
 166 0 0 0 50 0 476445.9755823592
 167 0 0 0 50 0 476444.86663475307
 168 0 0 0 50 0 476443.75768714724
 169 0 0 0 50 0 476442.6487395412
 170 0 0 50 0 0 483095.9613317544
 171 0 50 0 0 0 490162.8886585461
 172 0 50 0 0 0 496627.8709312603
 173 0 0 0 0 50 502218.1583395239
 174 0 0 0 0 50 507031.7982067388
 175 0 0 0 0 50 511771.96214042656
 176 0 0 0 0 50 516383.7809818469
 177 0 0 0 0 50 520938.19182326715
 178 0 0 0 50 0 520937.08287566126
 179 0 0 0 50 0 520935.9739280553
 180 0 0 0 50 0 520934.8649804493
 181 0 0 0 50 0 520933.75603284314
 182 0 0 0 50 0 520932.64708523726
 183 0 0 0 50 0 520931.53813763155
 184 0 0 0 50 0 520930.42919002526
 185 0 0 0 50 0 520929.32024241926
 186 0 0 50 0 0 527435.3449665634
 187 0 50 0 0 0 533747.4183876072
 188 0 50 0 0 0 540232.086216007
 189 0 0 0 0 50 546217.97760269
 190 0 0 0 0 50 550685.8903465394
 191 0 0 0 0 50 555082.6171703893
 192 0 0 0 0 50 559723.3476465035
 193 0 0 0 0 50 564592.2994111222
 194 0 0 0 50 0 564591.1904635164
 195 0 0 0 50 0 564590.0815159105
 196 0 0 0 50 0 564588.9725683045
 197 0 0 0 50 0 564587.8636206985
 198 0 0 0 50 0 564586.7546730927
 199 0 0 0 50 0 564585.6457254867
 200 0 0 0 50 0 564584.5367778806
 201 0 0 0 50 0 564583.4278302747
 202 0 0 50 0 0 571163.0666898953
 203 0 50 0 0 0 578395.4004856613
 204 0 50 0 0 0 584557.9452374419
 205 0 0 0 0 50 590232.3549178796
 206 0 0 0 0 50 594938.6280847664
 207 0 0 0 0 50 599363.7483938484
 208 0 0 0 0 50 603708.404268267
 209 0 0 0 0 50 608081.2337447768
 210 0 0 0 50 0 608080.1247971709
 211 0 0 0 50 0 608079.0158495653
 212 0 0 0 50 0 608077.9069019592
 213 0 0 0 50 0 608076.7979543529
 214 0 0 0 50 0 608075.6890067472
 215 0 0 0 50 0 608074.5800591412
 216 0 0 0 50 0 608073.4711115351
 217 0 0 0 50 0 608072.3621639292
 218 0 0 50 0 0 614357.1282299462
 219 0 50 0 0 0 620844.2797131032
 220 0 50 0 0 0 627587.9634818573
 221 0 0 0 0 50 633793.8495506116
 222 0 0 0 0 50 638509.8075901081
 223 0 0 0 0 50 643283.4605606397
 224 0 0 0 0 50 648035.8972426878
 225 0 0 0 0 50 652787.9525162999
 226 0 0 0 50 0 652786.843568694
 227 0 0 0 50 0 652785.734621088
 228 0 0 0 50 0 652784.6256734825
 229 0 0 0 50 0 652783.5167258761
 230 0 0 0 50 0 652782.4077782702
 231 0 0 0 50 0 652781.2988306643
 232 0 0 0 50 0 652780.1898830583
 233 0 0 0 50 0 652779.0809354522
 234 0 0 50 0 0 658885.8933885042
 235 0 50 0 0 0 665513.1169653824
 236 0 50 0 0 0 671973.7503699978
 237 0 0 0 0 50 677587.8990851428
 238 0 0 0 0 50 681801.844196006
 239 0 0 0 0 50 685971.2411071047
 240 0 0 0 0 50 690185.9574091798
 241 0 0 0 0 50 694299.6356312549
 242 0 0 0 50 0 694298.5266836489
 243 0 0 0 50 0 694297.4177360429
 244 0 0 0 50 0 694296.3087884369
 245 0 0 0 50 0 694295.1998408309
 246 0 0 0 50 0 694294.090893225
 247 0 0 0 50 0 694292.981945619
 248 0 0 0 50 0 694291.8729980132
 249 0 0 0 50 0 694290.7640504071
 250 0 0 50 0 0 700164.9817900066
 251 0 50 0 0 0 706427.8975248102
 252 0 50 0 0 0 711897.2260192656
 253 0 0 0 0 50 716574.2931219004
 254 0 0 0 0 50 720502.2784776397
 255 0 0 0 0 50 724243.691382611
 256 0 0 0 0 50 728003.8199896573
 257 0 0 0 0 50 731830.9182573229
 258 0 0 0 50 0 731829.8093097174
 259 0 0 0 50 0 731828.700362111
 260 0 0 0 50 0 731827.5914145053
 261 0 0 0 50 0 731826.4824668992
 262 0 0 0 50 0 731825.3735192935
 263 0 0 0 50 0 731824.2645716874
 264 0 0 0 50 0 731823.1556240814
 265 0 0 0 50 0 731822.0466764759
 266 0 0 50 0 0 737877.8405712114
 267 0 50 0 0 0 744332.6760285294
 268 0 50 0 0 0 750012.3138558619
 269 0 0 0 0 50 755162.9431682284
 270 0 0 0 0 50 759128.2125281547
 271 0 0 0 0 50 763205.2530464276
 272 0 0 0 0 50 767238.6634847007
 273 0 0 0 0 50 771214.5504367545
 274 0 0 0 50 0 771213.4414891485
 275 0 0 0 50 0 771212.332541543
 276 0 0 0 50 0 771211.2235939368
 277 0 0 0 50 0 771210.114646331
 278 0 0 0 50 0 771209.0056987249
 279 0 0 0 50 0 771207.8967511187
 280 0 0 0 50 0 771206.7878035132
 281 0 0 0 50 0 771205.6788559072
 282 0 0 50 0 0 777325.176720324
 283 0 50 0 0 0 784181.2210950052
 284 0 50 0 0 0 789748.6425079501
 285 0 0 0 0 50 794601.9774231814
 286 0 0 0 0 50 798241.1191842371
 287 0 0 0 0 50 801879.4175919779
 288 0 0 0 0 50 805599.8062998604
 289 0 0 0 0 50 809380.5404052525
 290 0 0 0 50 0 809379.4314576462
 291 0 0 0 50 0 809378.3225100404
 292 0 0 0 50 0 809377.2135624342
 293 0 0 0 50 0 809376.1046148282
 294 0 0 0 50 0 809374.9956672225
 295 0 0 0 50 0 809373.8867196166
 296 0 0 0 50 0 809372.7777720108
 297 0 0 0 50 0 809371.6688244044
 298 0 0 50 0 0 815447.4972741309
 299 0 50 0 0 0 821567.8961883906
 300 0 50 0 0 0 827332.3881678104
 301 0 0 0 0 50 832609.0591061766
 302 0 0 0 0 50 836358.5468462989
 303 0 0 0 0 50 840175.39993757
 304 0 0 0 0 50 843948.3989136721
 305 0 0 0 0 50 847855.0798543585
 306 0 0 0 50 0 847853.9709067524
 307 0 0 0 50 0 847852.8619591465
 308 0 0 0 50 0 847851.7530115406
 309 0 0 0 50 0 847850.6440639343
 310 0 0 0 50 0 847849.5351163287
 311 0 0 0 50 0 847848.4261687229
 312 0 0 0 50 0 847847.317221117
 313 0 0 0 50 0 847846.2082735108
 314 0 0 50 0 0 854448.6147651852
 315 0 50 0 0 0 860317.6478598374
 316 0 50 0 0 0 865718.620558082
 317 0 0 0 0 50 870445.0522000242
 318 0 0 0 0 50 874241.7794887191
 319 0 0 0 0 50 878057.8796373671
 320 0 0 0 0 50 881893.1287877929
 321 0 0 0 0 50 885669.2815230233
 322 0 0 0 50 0 885668.1725754174
 323 0 0 0 50 0 885667.0636278114
 324 0 0 0 50 0 885665.9546802054
 325 0 0 0 50 0 885664.8457325994
 326 0 0 0 50 0 885663.7367849936
 327 0 0 0 50 0 885662.6278373874
 328 0 0 0 50 0 885661.5188897812
 329 0 0 0 50 0 885660.4099421756
 330 0 0 50 0 0 891753.2142523255
 331 0 50 0 0 0 897918.0311687163
 332 0 50 0 0 0 904048.7478259961
 333 0 0 0 0 50 909080.5438784469
 334 0 0 0 0 50 913020.7944942507
 335 0 0 0 0 50 916990.5039777518
 336 0 0 0 0 50 921126.7632517704
 337 0 0 0 0 50 925096.808557042
 338 0 0 0 50 0 925095.6996094364
 339 0 0 0 50 0 925094.5906618302
 340 0 0 0 50 0 925093.481714224
 341 0 0 0 50 0 925092.3727666177
 342 0 0 0 50 0 925091.2638190122
 343 0 0 0 50 0 925090.1548714063
 344 0 0 0 50 0 925089.0459238003
 345 0 0 0 50 0 925087.9369761943
 346 0 0 50 0 0 931272.0643792697
 347 0 50 0 0 0 937158.0130987874
 348 0 50 0 0 0 943529.8292317482
 349 0 0 0 0 50 948800.7265922757
 350 0 0 0 0 50 952990.0684922722
 351 0 0 0 0 50 957069.4662639899
 352 0 0 0 0 50 961123.5641040356
 353 0 0 0 0 50 965106.4760240805
 354 0 0 0 50 0 965105.3670764747
 355 0 0 0 50 0 965104.2581288686
 356 0 0 0 50 0 965103.1491812626
 357 0 0 0 50 0 965102.0402336566
 358 0 0 0 50 0 965100.9312860507
 359 0 0 0 50 0 965099.8223384448
 360 0 0 0 50 0 965098.7133908387
 361 0 0 0 50 0 965097.6044432329
 362 0 0 50 0 0 971027.1879268676
 363 0 50 0 0 0 977492.5662744241
 364 0 50 0 0 0 983207.7384341222
 365 0 0 0 0 50 988447.8932019883
 366 0 0 0 0 50 992519.0932125703
 367 0 0 0 0 50 996508.6847956144
 368 0 0 0 0 50 1000536.6304373612
 369 0 0 0 0 50 1004518.5615037861
 370 0 0 0 50 0 1004517.4525561795
 371 0 0 0 50 0 1004516.3436085735
 372 0 0 0 50 0 1004515.2346609675
 373 0 0 0 50 0 1004514.1257133619
 374 0 0 0 50 0 1004513.0167657561
 375 0 0 0 50 0 1004511.9078181499
 376 0 0 0 50 0 1004510.7988705435
 377 0 0 0 50 0 1004509.689922938
 378 0 0 50 0 0 1011306.421484764
 379 0 50 0 0 0 1017420.0523607788
 380 0 50 0 0 0 1022942.3716224781
 381 0 0 0 0 50 1028209.2005401809
 382 0 0 0 0 50 1032159.267273311
 383 0 0 0 0 50 1035994.0271900076
 384 0 0 0 0 50 1040005.6594344421
 385 0 0 0 0 50 1043866.3079906001
 386 0 0 0 50 0 1043865.199042994
 387 0 0 0 50 0 1043864.0900953881
 388 0 0 0 50 0 1043862.9811477817
 389 0 0 0 50 0 1043861.872200176
 390 0 0 0 50 0 1043860.7632525698
 391 0 0 0 50 0 1043859.654304964
 392 0 0 0 50 0 1043858.5453573581
 393 0 0 0 50 0 1043857.4364097524
 394 0 0 50 0 0 1050137.513849492
 395 0 50 0 0 0 1056763.9541587657
 396 0 50 0 0 0 1062515.5266598791
 397 0 0 0 0 50 1067317.8473726294
 398 0 0 0 0 50 1071160.8924516144
 399 0 0 0 0 50 1075083.2709585612
 400 0 0 0 0 50 1078943.795220964
 401 0 0 0 0 50 1082675.725563366
 402 0 0 0 50 0 1082674.6166157604
 403 0 0 0 50 0 1082673.5076681543
 404 0 0 0 50 0 1082672.3987205483
 405 0 0 0 50 0 1082671.2897729424
 406 0 0 0 50 0 1082670.180825336
 407 0 0 0 50 0 1082669.0718777296
 408 0 0 0 50 0 1082667.962930124
 409 0 0 0 50 0 1082666.853982518
 410 0 0 50 0 0 1089152.2177543996
 411 0 50 0 0 0 1095637.4449974142
 412 0 50 0 0 0 1101446.591361101
 413 0 0 0 0 50 1106482.0603571835
 414 0 0 0 0 50 1110318.805894595
 415 0 0 0 0 50 1114209.3141236147
 416 0 0 0 0 50 1118137.2960995894
 417 0 0 0 0 50 1122051.3775230786
 418 0 0 0 50 0 1122050.2685754723
 419 0 0 0 50 0 1122049.1596278665
 420 0 0 0 50 0 1122048.0506802606
 421 0 0 0 50 0 1122046.9417326543
 422 0 0 0 50 0 1122045.8327850483
 423 0 0 0 50 0 1122044.7238374418
 424 0 0 0 50 0 1122043.614889836
 425 0 0 0 50 0 1122042.5059422299
 426 0 0 50 0 0 1127873.6928107336
 427 0 50 0 0 0 1134031.7345350753
 428 0 50 0 0 0 1139857.8105627995
 429 0 0 0 0 50 1144934.3947675594
 430 0 0 0 0 50 1148850.776774828
 431 0 0 0 0 50 1152705.3479453407
 432 0 0 0 0 50 1156459.084331001
 433 0 0 0 0 50 1160412.7694313892
 434 0 0 0 50 0 1160411.660483783
 435 0 0 0 50 0 1160410.5515361764
 436 0 0 0 50 0 1160409.442588571
 437 0 0 0 50 0 1160408.3336409647
 438 0 0 0 50 0 1160407.2246933586
 439 0 0 0 50 0 1160406.1157457524
 440 0 0 0 50 0 1160405.0067981468
 441 0 0 0 50 0 1160403.8978505407
 442 0 0 50 0 0 1166256.5451181894
 443 0 50 0 0 0 1172401.3491802097
 444 0 50 0 0 0 1178604.74211617
 445 0 0 0 0 50 1184459.8082977822
 446 0 0 0 0 50 1188667.0219073985
 447 0 0 0 0 50 1192816.713646631
 448 0 0 0 0 50 1196903.9728846785
 449 0 0 0 0 50 1200957.5781532498
 450 0 0 0 50 0 1200956.469205643
 451 0 0 0 50 0 1200955.3602580372
 452 0 0 0 50 0 1200954.2513104316
 453 0 0 0 50 0 1200953.1423628258
 454 0 0 0 50 0 1200952.0334152197
 455 0 0 0 50 0 1200950.9244676132
 456 0 0 0 50 0 1200949.8155200074
 457 0 0 0 50 0 1200948.7065724013
 458 0 0 50 0 0 1207151.9425927808
 459 0 50 0 0 0 1213392.2881736066
 460 0 50 0 0 0 1219507.1990077442
 461 0 0 0 0 50 1224927.7110617226
 462 0 0 0 0 50 1228748.7760877365
 463 0 0 0 0 50 1232569.8411137492
 464 0 0 0 0 50 1236507.3997235836
 465 0 0 0 0 50 1240444.9583334185
 466 0 0 0 50 0 1240443.8493858122
 467 0 0 0 50 0 1240442.7404382066
 468 0 0 0 50 0 1240441.6314906
 469 0 0 0 50 0 1240440.5225429942
 470 0 0 0 50 0 1240439.4135953882
 471 0 0 0 50 0 1240438.304647782
 472 0 0 0 50 0 1240437.1957001758
 473 0 0 0 50 0 1240436.08675257
 474 0 0 50 0 0 1246808.5961313553
 475 0 50 0 0 0 1253554.2633355858
 476 0 50 0 0 0 1259145.995294557
 477 0 0 0 0 50 1264037.5346643156
 478 0 0 0 0 50 1265492.223510744
 479 0 0 0 0 50 1267003.1084001835
 480 0 0 0 0 50 1268604.8675975937
 481 0 0 0 0 50 1270029.3173429104
 482 0 0 0 50 0 1270028.2083953046
 483 0 0 0 50 0 1270027.0994476983
 484 0 0 0 50 0 1270025.9905000927
 485 0 0 0 50 0 1270024.8815524864
 486 0 0 0 50 0 1270023.7726048806
 487 0 0 0 50 0 1270022.6636572743
 488 0 0 0 50 0 1270021.5547096685
 489 0 0 0 50 0 1270020.4457620622
 490 0 0 50 0 0 1273585.397317044
 491 0 50 0 0 0 1277541.6480449315
 492 0 50 0 0 0 1281169.7803140942
 493 0 0 0 0 50 1284357.4409976033
 494 0 0 0 0 50 1286577.4015391415
 495 0 0 0 0 50 1288745.4243923486
 496 0 0 0 0 50 1290780.9475490341
 497 0 0 0 0 50 1292945.9934854216
 498 0 0 0 50 0 1292944.884537816
 499 0 0 0 50 0 1292943.7755902102
 500 0 0 0 50 0 1292942.666642604
 501 0 0 0 50 0 1292941.5576949979
 502 0 0 0 50 0 1292940.4487473913
 503 0 0 0 50 0 1292939.3397997858
 504 0 0 0 50 0 1292938.2308521795
 505 0 0 0 50 0 1292937.121904574
 506 0 0 50 0 0 1295911.0582327822
 507 0 50 0 0 0 1299360.6425355005
 508 0 50 0 0 0 1302813.9998250196
 509 0 0 0 0 50 1305991.4222911622
 510 0 0 0 0 50 1307986.826254817
 511 0 0 0 0 50 1310065.1154965416
 512 0 0 0 0 50 1311926.616953955
 513 0 0 0 0 50 1313774.3404913677
 514 0 0 0 50 0 1313773.2315437621
 515 0 0 0 50 0 1313772.1225961559
 516 0 0 0 50 0 1313771.01364855
 517 0 0 0 50 0 1313769.904700944
 518 0 0 0 50 0 1313768.795753338
 519 0 0 0 50 0 1313767.6868057314
 520 0 0 0 50 0 1313766.5778581256
 521 0 0 0 50 0 1313765.4689105195
 522 0 0 50 0 0 1317739.8763710156
 523 0 50 0 0 0 1321706.9068733645
 524 0 50 0 0 0 1325483.952415931
 525 0 0 0 0 50 1328515.5524888807
 526 0 0 0 0 50 1330886.3050398405
 527 0 0 0 0 50 1333288.6745240802
 528 0 0 0 0 50 1335912.0128390044
 529 0 0 0 0 50 1338316.9365094395
 530 0 0 0 50 0 1338315.827561833
 531 0 0 0 50 0 1338314.7186142271
 532 0 0 0 50 0 1338313.609666621
 533 0 0 0 50 0 1338312.500719015
 534 0 0 0 50 0 1338311.3917714092
 535 0 0 0 50 0 1338310.2828238031
 536 0 0 0 50 0 1338309.1738761973
 537 0 0 0 50 0 1338308.0649285913
 538 0 0 50 0 0 1341988.188720337
 539 0 50 0 0 0 1346115.7441250593
 540 0 50 0 0 0 1349761.9698653214
 541 0 0 0 0 50 1352516.0318228677
 542 0 0 0 0 50 1354906.3614250964
 543 0 0 0 0 50 1357273.6778028696
 544 0 0 0 0 50 1359437.4663935462
 545 0 0 0 0 50 1361593.8611155066
 546 0 0 0 50 0 1361592.7521678999
 547 0 0 0 50 0 1361591.6432202938
 548 0 0 0 50 0 1361590.5342726877
 549 0 0 0 50 0 1361589.4253250817
 550 0 0 0 50 0 1361588.3163774759
 551 0 0 0 50 0 1361587.20742987
 552 0 0 0 50 0 1361586.0984822633
 553 0 0 0 50 0 1361584.989534658
 554 0 0 50 0 0 1364892.198297916
 555 0 50 0 0 0 1368024.0729742516
 556 0 50 0 0 0 1370946.4170063545
 557 0 0 0 0 50 1373178.663185045
 558 0 0 0 0 50 1374916.9552087262
 559 0 0 0 0 50 1376513.4841534675
 560 0 0 0 0 50 1378167.4850878296
 561 0 0 0 0 50 1379925.7024805278
 562 0 0 0 50 0 1379924.5935329217
 563 0 0 0 50 0 1379923.4845853157
 564 0 0 0 50 0 1379922.3756377092
 565 0 0 0 50 0 1379921.2666901038
 566 0 0 0 50 0 1379920.1577424975
 567 0 0 0 50 0 1379919.0487948912
 568 0 0 0 50 0 1379917.9398472852
 569 0 0 0 50 0 1379916.8308996793
 570 0 0 50 0 0 1384270.3104697836
 571 0 50 0 0 0 1387783.9062759548
 572 0 50 0 0 0 1391283.6894084387
 573 0 0 0 0 50 1394454.5859420947
 574 0 0 0 0 50 1396350.2507571268
 575 0 0 0 0 50 1398224.1055667945
 576 0 0 0 0 50 1400112.400246761
 577 0 0 0 0 50 1402000.6949267283
 578 0 0 0 50 0 1401999.5859791222
 579 0 0 0 50 0 1401998.4770315154
 580 0 0 0 50 0 1401997.3680839094
 581 0 0 0 50 0 1401996.2591363036
 582 0 0 0 50 0 1401995.1501886975
 583 0 0 0 50 0 1401994.0412410917
 584 0 0 0 50 0 1401992.9322934852
 585 0 0 0 50 0 1401991.823345879
 586 0 0 50 0 0 1405642.0581833592
 587 0 50 0 0 0 1409702.1375867936
 588 0 50 0 0 0 1412871.7795194476
 589 0 0 0 0 50 1415505.2478574314
 590 0 0 0 0 50 1417277.9906072847
 591 0 0 0 0 50 1419029.8827024105
 592 0 0 0 0 50 1420848.3279335012
 593 0 0 0 0 50 1422739.3873581525
 594 0 0 0 50 0 1422738.2784105465
 595 0 0 0 50 0 1422737.1694629402
 596 0 0 0 50 0 1422736.060515334
 597 0 0 0 50 0 1422734.9515677276
 598 0 0 0 50 0 1422733.8426201218
 599 0 0 0 50 0 1422732.7336725164
 600 0 0 0 50 0 1422731.6247249097
 601 0 0 0 50 0 1422730.5157773038
 602 0 0 50 0 0 1426147.1210130772
 603 0 50 0 0 0 1429706.0149057359
 604 0 50 0 0 0 1432597.4647524133
 605 0 0 0 0 50 1435106.137353184
 606 0 0 0 0 50 1436805.1575766816
 607 0 0 0 0 50 1438624.7495583175
 608 0 0 0 0 50 1440500.2825958864
 609 0 0 0 0 50 1442310.4390638573
 610 0 0 0 50 0 1442309.3301162503
 611 0 0 0 50 0 1442308.221168645
 612 0 0 0 50 0 1442307.112221039
 613 0 0 0 50 0 1442306.0032734328
 614 0 0 0 50 0 1442304.894325827
 615 0 0 0 50 0 1442303.785378221
 616 0 0 0 50 0 1442302.6764306147
 617 0 0 0 50 0 1442301.5674830088
 618 0 0 50 0 0 1445356.1355280536
 619 0 50 0 0 0 1448194.888937256
 620 0 50 0 0 0 1450879.753607708
 621 0 0 0 0 50 1453331.4232049896
 622 0 0 0 0 50 1454876.0930720752
 623 0 0 0 0 50 1456293.0837533725
 624 0 0 0 0 50 1457940.183013349
 625 0 0 0 0 50 1459573.504353326
 626 0 0 0 50 0 1459572.3954057202
 627 0 0 0 50 0 1459571.2864581142
 628 0 0 0 50 0 1459570.1775105086
 629 0 0 0 50 0 1459569.0685629016
 630 0 0 0 50 0 1459567.9596152958
 631 0 0 0 50 0 1459566.8506676897
 632 0 0 0 50 0 1459565.7417200836
 633 0 0 0 50 0 1459564.6327724773
 634 0 0 50 0 0 1462622.4283599649
 635 0 50 0 0 0 1465939.3776016904
 636 0 50 0 0 0 1468981.3721875595
 637 0 0 0 0 50 1471586.776366809
 638 0 0 0 0 50 1473420.9316905297
 639 0 0 0 0 50 1475247.138208036
 640 0 0 0 0 50 1477046.2141267178
 641 0 0 0 0 50 1478845.2900453985
 642 0 0 0 50 0 1478844.1810977925
 643 0 0 0 50 0 1478843.0721501864
 644 0 0 0 50 0 1478841.96320258
 645 0 0 0 50 0 1478840.8542549745
 646 0 0 0 50 0 1478839.7453073687
 647 0 0 0 50 0 1478838.6363597622
 648 0 0 0 50 0 1478837.5274121566
 649 0 0 0 50 0 1478836.4184645503
 650 0 0 50 0 0 1481909.024840169
 651 0 50 0 0 0 1485412.5353396132
 652 0 50 0 0 0 1488588.2778297458
 653 0 0 0 0 50 1491229.836351054
 654 0 0 0 0 50 1493407.933754306
 655 0 0 0 0 50 1495534.0700281977
 656 0 0 0 0 50 1497483.759748815
 657 0 0 0 0 50 1499612.7677550334
 658 0 0 0 50 0 1499611.658807427
 659 0 0 0 50 0 1499610.5498598209
 660 0 0 0 50 0 1499609.4409122155
 661 0 0 0 50 0 1499608.3319646087
 662 0 0 0 50 0 1499607.223017003
 663 0 0 0 50 0 1499606.1140693969
 664 0 0 0 50 0 1499605.005121791
 665 0 0 0 50 0 1499603.8961741843
 666 0 0 50 0 0 1503206.510338732
 667 0 50 0 0 0 1506109.6993000663
 668 0 50 0 0 0 1509120.6446970594
 669 0 0 0 0 50 1511681.8171155658
 670 0 0 0 0 50 1513501.5766851134
 671 0 0 0 0 50 1515314.0770639994
 672 0 0 0 0 50 1517079.1002344277
 673 0 0 0 0 50 1518915.541566686
 674 0 0 0 50 0 1518914.4326190797
 675 0 0 0 50 0 1518913.323671474
 676 0 0 0 50 0 1518912.2147238678
 677 0 0 0 50 0 1518911.1057762622
 678 0 0 0 50 0 1518909.9968286557
 679 0 0 0 50 0 1518908.8878810494
 680 0 0 0 50 0 1518907.7789334438
 681 0 0 0 50 0 1518906.6699858373
 682 0 0 50 0 0 1522182.0878512189
 683 0 50 0 0 0 1525497.15668594
 684 0 50 0 0 0 1528880.6144213707
 685 0 0 0 0 50 1531905.6081655987
 686 0 0 0 0 50 1533905.786894591
 687 0 0 0 0 50 1535969.2618085167
 688 0 0 0 0 50 1537917.5230966092
 689 0 0 0 0 50 1539878.0564405092
 690 0 0 0 50 0 1539876.9474929029
 691 0 0 0 50 0 1539875.8385452977
 692 0 0 0 50 0 1539874.7295976912
 693 0 0 0 50 0 1539873.6206500852
 694 0 0 0 50 0 1539872.511702479
 695 0 0 0 50 0 1539871.402754873
 696 0 0 0 50 0 1539870.293807267
 697 0 0 0 50 0 1539869.1848596612
 698 0 0 50 0 0 1543763.6965573183
 699 0 50 0 0 0 1547587.0794873256
 700 0 50 0 0 0 1550662.884402412
 701 0 0 0 0 50 1553382.6577154044
 702 0 0 0 0 50 1555360.2572702528
 703 0 0 0 0 50 1557291.2465715401
 704 0 0 0 0 50 1559103.9868088053
 705 0 0 0 0 50 1560812.086200068
 706 0 0 0 50 0 1560810.9772524612
 707 0 0 0 50 0 1560809.8683048561
 708 0 0 0 50 0 1560808.7593572498
 709 0 0 0 50 0 1560807.6504096433
 710 0 0 0 50 0 1560806.541462037
 711 0 0 0 50 0 1560805.4325144321
 712 0 0 0 50 0 1560804.3235668254
 713 0 0 0 50 0 1560803.2146192195
 714 0 0 50 0 0 1564300.3053946057
 715 0 50 0 0 0 1568406.8590924463
 716 0 50 0 0 0 1571594.8290825966
 717 0 0 0 0 50 1574503.071038121
 718 0 0 0 0 50 1574929.8707577018
 719 0 0 0 0 50 1575342.8925572825
 720 0 0 0 0 50 1575600.3186276664
 721 0 0 0 0 50 1575875.0519523097
 722 0 0 0 50 0 1575873.9430047038
 723 0 0 0 50 0 1575872.8340570973
 724 0 0 0 50 0 1575871.7251094917
 725 0 0 0 50 0 1575870.6161618857
 726 0 0 0 50 0 1575869.5072142794
 727 0 0 0 50 0 1575868.3982666733
 728 0 0 0 50 0 1575867.289319067
 729 0 0 0 50 0 1575866.1803714614
 730 0 0 50 0 0 1577757.0569728024
 731 0 50 0 0 0 1579720.022532842
 732 0 50 0 0 0 1580821.6975035605
 733 0 0 0 0 50 1581564.200936922
 734 0 0 0 0 50 1581856.7770012117
 735 0 0 0 0 50 1582149.320920416
 736 0 0 0 0 50 1582433.7665079322
 737 0 0 0 0 50 1582791.1314011475
 738 0 0 0 50 0 1582790.0224535414
 739 0 0 0 50 0 1582788.9135059353
 740 0 0 0 50 0 1582787.8045583286
 741 0 0 0 50 0 1582786.6956107232
 742 0 0 0 50 0 1582785.5866631174
 743 0 0 0 50 0 1582784.4777155106
 744 0 0 0 50 0 1582783.368767905
 745 0 0 0 50 0 1582782.2598202988
 746 0 0 50 0 0 1584083.36321374
 747 0 50 0 0 0 1585192.5648290908
 748 0 50 0 0 0 1585932.1704313562
 749 0 0 0 0 50 1586668.1496902131
 750 0 0 0 0 50 1586917.456638299
 751 0 0 0 0 50 1587298.9127848092
 752 0 0 0 0 50 1587492.720229575
 753 0 0 0 0 50 1587615.8205126373
 754 0 0 0 50 0 1587614.7115650307
 755 0 0 0 50 0 1587613.6026174244
 756 0 0 0 50 0 1587612.4936698189
 757 0 0 0 50 0 1587611.3847222126
 758 0 0 0 50 0 1587610.2757746065
 759 0 0 0 50 0 1587609.1668270007
 760 0 0 0 50 0 1587608.057879395
 761 0 0 0 50 0 1587606.9489317888
 762 0 0 50 0 0 1588909.7491009356
 763 0 50 0 0 0 1590282.6772543692
 764 0 50 0 0 0 1591382.8041056902
 765 0 0 0 0 50 1592268.1505768227
 766 0 0 0 0 50 1592617.3068206513
 767 0 0 0 0 50 1592888.0241064609
 768 0 0 0 0 50 1593166.767163147
 769 0 0 0 0 50 1593457.2268989668
 770 0 0 0 50 0 1593456.1179513612
 771 0 0 0 50 0 1593455.0090037545
 772 0 0 0 50 0 1593453.900056148
 773 0 0 0 50 0 1593452.791108543
 774 0 0 0 50 0 1593451.6821609372
 775 0 0 0 50 0 1593450.5732133305
 776 0 0 0 50 0 1593449.464265725
 777 0 0 0 50 0 1593448.3553181186
 778 0 0 50 0 0 1594843.628693378
 779 0 50 0 0 0 1596953.3870550883
 780 0 50 0 0 0 1598362.4615168131
 781 0 0 0 0 50 1599334.850290425
 782 0 0 0 0 50 1599945.4613662034
 783 0 0 0 0 50 1600545.2843244714
 784 0 0 0 0 50 1601087.6992827384
 785 0 0 0 0 50 1601630.1142410063
 786 0 0 0 50 0 1601629.0052934003
 787 0 0 0 50 0 1601627.8963457944
 788 0 0 0 50 0 1601626.7873981881
 789 0 0 0 50 0 1601625.6784505823
 790 0 0 0 50 0 1601624.5695029765
 791 0 0 0 50 0 1601623.4605553707
 792 0 0 0 50 0 1601622.3516077637
 793 0 0 0 50 0 1601621.2426601576
 794 0 0 50 0 0 1603319.3324108375
 795 0 50 0 0 0 1604850.4766061637
 796 0 50 0 0 0 1606140.716870657
 797 0 0 0 0 50 1607233.6028851601
 798 0 0 0 0 50 1607575.693104827
 799 0 0 0 0 50 1607924.9735030895
 800 0 0 0 0 50 1608340.3600372737
 801 0 0 0 0 50 1608749.3974446598
 802 0 0 0 50 0 1608748.288497053
 803 0 0 0 50 0 1608747.1795494463
 804 0 0 0 50 0 1608746.0706018414
 805 0 0 0 50 0 1608744.9616542354
 806 0 0 0 50 0 1608743.8527066282
 807 0 0 0 50 0 1608742.7437590226
 808 0 0 0 50 0 1608741.634811417
 809 0 0 0 50 0 1608740.5258638114
 810 0 0 50 0 0 1610207.5971013422
 811 0 50 0 0 0 1611798.5172905903
 812 0 50 0 0 0 1613091.3307030112
 813 0 0 0 0 50 1613983.998239024
 814 0 0 0 0 50 1614261.847625506
 815 0 0 0 0 50 1614556.0345596247
 816 0 0 0 0 50 1614839.0061314097
 817 0 0 0 0 50 1615234.4669205174
 818 0 0 0 50 0 1615233.3579729106
 819 0 0 0 50 0 1615232.2490253048
 820 0 0 0 50 0 1615231.1400776985
 821 0 0 0 50 0 1615230.0311300927
 822 0 0 0 50 0 1615228.9221824869
 823 0 0 0 50 0 1615227.8132348813
 824 0 0 0 50 0 1615226.704287275
 825 0 0 0 50 0 1615225.5953396696
 826 0 0 50 0 0 1616616.0129559352
 827 0 50 0 0 0 1617872.7999737968
 828 0 50 0 0 0 1619524.8220299357
 829 0 0 0 0 50 1620803.3513384091
 830 0 0 0 0 50 1621317.2192323366
 831 0 0 0 0 50 1621789.2731097403
 832 0 0 0 0 50 1622335.3238409567
 833 0 0 0 0 50 1622913.684066372
 834 0 0 0 50 0 1622912.5751187666
 835 0 0 0 50 0 1622911.46617116
 836 0 0 0 50 0 1622910.3572235543
 837 0 0 0 50 0 1622909.2482759482
 838 0 0 0 50 0 1622908.1393283424
 839 0 0 0 50 0 1622907.0303807363
 840 0 0 0 50 0 1622905.9214331303
 841 0 0 0 50 0 1622904.812485525
 842 0 0 50 0 0 1624672.8392229774
 843 0 50 0 0 0 1626407.1500924611
 844 0 50 0 0 0 1628059.3833430891
 845 0 0 0 0 50 1629302.1894856486
 846 0 0 0 0 50 1629808.3303959318
 847 0 0 0 0 50 1630311.550115244
 848 0 0 0 0 50 1630894.6852061087
 849 0 0 0 0 50 1631363.43829538
 850 0 0 0 50 0 1631362.329347773
 851 0 0 0 50 0 1631361.2204001674
 852 0 0 0 50 0 1631360.1114525616
 853 0 0 0 50 0 1631359.002504955
 854 0 0 0 50 0 1631357.8935573495
 855 0 0 0 50 0 1631356.7846097434
 856 0 0 0 50 0 1631355.6756621373
 857 0 0 0 50 0 1631354.5667145315
 858 0 0 50 0 0 1633121.933921848
 859 0 50 0 0 0 1634484.6796738482
 860 0 50 0 0 0 1635674.6841347653
 861 0 0 0 0 50 1636657.254912522
 862 0 0 0 0 50 1637029.498466917
 863 0 0 0 0 50 1637408.5591661618
 864 0 0 0 0 50 1637800.6020783028
 865 0 0 0 0 50 1638268.0945647815
 866 0 0 0 50 0 1638266.9856171745
 867 0 0 0 50 0 1638265.8766695694
 868 0 0 0 50 0 1638264.767721963
 869 0 0 0 50 0 1638263.6587743566
 870 0 0 0 50 0 1638262.5498267505
 871 0 0 0 50 0 1638261.440879145
 872 0 0 0 50 0 1638260.3319315386
 873 0 0 0 50 0 1638259.2229839328
 874 0 0 50 0 0 1639928.6457153824
 875 0 50 0 0 0 1641626.2552537823
 876 0 50 0 0 0 1643226.554945598
 877 0 0 0 0 50 1644470.3324504662
 878 0 0 0 0 50 1644949.2630671998
 879 0 0 0 0 50 1645434.6161194893
 880 0 0 0 0 50 1645814.7564906555
 881 0 0 0 0 50 1646237.8056706954
 882 0 0 0 50 0 1646236.6967230893
 883 0 0 0 50 0 1646235.587775483
 884 0 0 0 50 0 1646234.478827877
 885 0 0 0 50 0 1646233.3698802716
 886 0 0 0 50 0 1646232.2609326649
 887 0 0 0 50 0 1646231.151985059
 888 0 0 0 50 0 1646230.0430374532
 889 0 0 0 50 0 1646228.9340898467
 890 0 0 50 0 0 1647892.9648162713
 891 0 50 0 0 0 1649374.6897454136
 892 0 50 0 0 0 1651059.7641733515
 893 0 0 0 0 50 1652549.4210624718
 894 0 0 0 0 50 1653039.5861815722
 895 0 0 0 0 50 1653454.3687095968
 896 0 0 0 0 50 1653861.1177311
 897 0 0 0 0 50 1654226.6186202911
 898 0 0 0 50 0 1654225.5096726846
 899 0 0 0 50 0 1654224.4007250783
 900 0 0 0 50 0 1654223.2917774722
 901 0 0 0 50 0 1654222.1828298657
 902 0 0 0 50 0 1654221.0738822604
 903 0 0 0 50 0 1654219.9649346545
 904 0 0 0 50 0 1654218.8559870485
 905 0 0 0 50 0 1654217.747039442
 906 0 0 50 0 0 1655479.9902413595
 907 0 50 0 0 0 1656948.1475532202
 908 0 50 0 0 0 1658325.7525105018
 909 0 0 0 0 50 1659361.5576289762
 910 0 0 0 0 50 1659753.1846885956
 911 0 0 0 0 50 1660148.7200477573
 912 0 0 0 0 50 1660521.954127225
 913 0 0 0 0 50 1660851.290120591
 914 0 0 0 50 0 1660850.181172985
 915 0 0 0 50 0 1660849.0722253784
 916 0 0 0 50 0 1660847.9632777728
 917 0 0 0 50 0 1660846.854330167
 918 0 0 0 50 0 1660845.7453825609
 919 0 0 0 50 0 1660844.6364349544
 920 0 0 0 50 0 1660843.5274873483
 921 0 0 0 50 0 1660842.4185397425
 922 0 0 50 0 0 1662739.3804446063
 923 0 50 0 0 0 1664423.3690081546
 924 0 50 0 0 0 1665735.279499472
 925 0 0 0 0 50 1666759.907590391
 926 0 0 0 0 50 1667072.155969777
 927 0 0 0 0 50 1667378.8876840603
 928 0 0 0 0 50 1667788.8221482541
 929 0 0 0 0 50 1668199.3759920574
 930 0 0 0 50 0 1668198.2670444509
 931 0 0 0 50 0 1668197.1580968455
 932 0 0 0 50 0 1668196.0491492397
 933 0 0 0 50 0 1668194.9402016336
 934 0 0 0 50 0 1668193.8312540278
 935 0 0 0 50 0 1668192.722306421
 936 0 0 0 50 0 1668191.6133588152
 937 0 0 0 50 0 1668190.5044112087
 938 0 0 50 0 0 1669881.1046023595
 939 0 50 0 0 0 1671533.5764018733
 940 0 50 0 0 0 1673236.2062909233
 941 0 0 0 0 50 1674605.4441175642
 942 0 0 0 0 50 1675251.5287870895
 943 0 0 0 0 50 1676001.0550856194
 944 0 0 0 0 50 1676682.2593879283
 945 0 0 0 0 50 1677302.4162470177
 946 0 0 0 50 0 1677301.3072994119
 947 0 0 0 50 0 1677300.1983518056
 948 0 0 0 50 0 1677299.0894042002
 949 0 0 0 50 0 1677297.9804565941
 950 0 0 0 50 0 1677296.8715089886
 951 0 0 0 50 0 1677295.7625613818
 952 0 0 0 50 0 1677294.6536137762
 953 0 0 0 50 0 1677293.5446661697
 954 0 0 50 0 0 1678809.969047045
 955 0 50 0 0 0 1680371.3086521202
 956 0 50 0 0 0 1681869.64073141
 957 0 0 0 0 50 1683369.7611798448
 958 0 0 0 0 50 1683904.5026274794
 959 0 0 0 0 50 1684348.073897784
 960 0 0 0 0 50 1684814.8877881595
 961 0 0 0 0 50 1685221.4517743615
 962 0 0 0 50 0 1685220.342826755
 963 0 0 0 50 0 1685219.2338791497
 964 0 0 0 50 0 1685218.1249315427
 965 0 0 0 50 0 1685217.0159839368
 966 0 0 0 50 0 1685215.9070363312
 967 0 0 0 50 0 1685214.7980887252
 968 0 0 0 50 0 1685213.6891411198
 969 0 0 0 50 0 1685212.5801935128
 970 0 0 50 0 0 1686517.7134033167
 971 0 50 0 0 0 1688301.9623406872
 972 0 50 0 0 0 1689837.0636889485
 973 0 0 0 0 50 1690995.8946311676
 974 0 0 0 0 50 1691613.5429876365
 975 0 0 0 0 50 1692310.073368569
 976 0 0 0 0 50 1692996.4648630973
 977 0 0 0 0 50 1693620.092595491
 978 0 0 0 50 0 1693618.9836478853
 979 0 0 0 50 0 1693617.8747002787
 980 0 0 0 50 0 1693616.765752673
 981 0 0 0 50 0 1693615.6568050673
 982 0 0 0 50 0 1693614.5478574613
 983 0 0 0 50 0 1693613.4389098554
 984 0 0 0 50 0 1693612.3299622491
 985 0 0 0 50 0 1693611.2210146436
 986 0 0 50 0 0 1695226.1509998
 987 0 50 0 0 0 1697493.7597105869
 988 0 50 0 0 0 1699042.3502924652
 989 0 0 0 0 50 1699919.4946419916
 990 0 0 0 0 50 1700428.5059929497
 991 0 0 0 0 50 1700880.1093439066
 992 0 0 0 0 50 1701331.7126948643
 993 0 0 0 0 50 1701789.440300553
 994 0 0 0 50 0 1701788.3313529477
 995 0 0 0 50 0 1701787.2224053412
 996 0 0 0 50 0 1701786.113457735
 997 0 0 0 50 0 1701785.0045101298
 998 0 0 0 50 0 1701783.8955625235
 999 0 0 0 50 0 1701782.7866149172
 1000 0 0 0 50 0 1701781.6776673112
 1001 0 0 0 50 0 1701780.5687197056
 1002 0 0 50 0 0 1703613.1491077244
 1003 0 50 0 0 0 1705393.9132625472
 1004 0 50 0 0 0 1707031.8445769825
 1005 0 0 0 0 50 1708330.2590910026
 1006 0 0 0 0 50 1708877.5504478964
 1007 0 0 0 0 50 1709573.0051404426
 1008 0 0 0 0 50 1710183.0458918554
 1009 0 0 0 0 50 1710762.74303658
 1010 0 0 0 50 0 1710761.6340889737
 1011 0 0 0 50 0 1710760.5251413682
 1012 0 0 0 50 0 1710759.4161937623
 1013 0 0 0 50 0 1710758.3072461553
 1014 0 0 0 50 0 1710757.1982985502
 1015 0 0 0 50 0 1710756.0893509442
 1016 0 0 0 50 0 1710754.9804033379
 1017 0 0 0 50 0 1710753.871455732
 1018 0 0 50 0 0 1712491.0566671938
 1019 0 50 0 0 0 1714744.4809098088
 1020 0 50 0 0 0 1716490.0846600384
 1021 0 0 0 0 50 1717834.6574019026
 1022 0 0 0 0 50 1718461.1156534299
 1023 0 0 0 0 50 1719062.5458447176
 1024 0 0 0 0 50 1719629.8030891342
 1025 0 0 0 0 50 1720307.7178619395
 1026 0 0 0 50 0 1720306.608914333
 1027 0 0 0 50 0 1720305.4999667269
 1028 0 0 0 50 0 1720304.3910191206
 1029 0 0 0 50 0 1720303.2820715148
 1030 0 0 0 50 0 1720302.1731239092
 1031 0 0 0 50 0 1720301.0641763029
 1032 0 0 0 50 0 1720299.955228697
 1033 0 0 0 50 0 1720298.846281091
 1034 0 0 50 0 0 1721616.8999591472
 1035 0 50 0 0 0 1723231.8176199817
 1036 0 50 0 0 0 1724376.316820079
 1037 0 0 0 0 50 1725233.2674381835
 1038 0 0 0 0 50 1725630.1599487942
 1039 0 0 0 0 50 1726141.2417109248
 1040 0 0 0 0 50 1726707.0876415765
 1041 0 0 0 0 50 1727215.585931346
 1042 0 0 0 50 0 1727214.47698374
 1043 0 0 0 50 0 1727213.3680361337
 1044 0 0 0 50 0 1727212.2590885283
 1045 0 0 0 50 0 1727211.150140922
 1046 0 0 0 50 0 1727210.041193316
 1047 0 0 0 50 0 1727208.9322457102
 1048 0 0 0 50 0 1727207.823298104
 1049 0 0 0 50 0 1727206.714350498
 1050 0 0 50 0 0 1728822.4156170383
 1051 0 50 0 0 0 1730462.3126671046
 1052 0 50 0 0 0 1731707.1934633595
 1053 0 0 0 0 50 1732695.2457831947
 1054 0 0 0 0 50 1733111.970117338
 1055 0 0 0 0 50 1733468.867610286
 1056 0 0 0 0 50 1733812.7922285243
 1057 0 0 0 0 50 1734163.2885653412
 1058 0 0 0 50 0 1734162.1796177356
 1059 0 0 0 50 0 1734161.0706701297
 1060 0 0 0 50 0 1734159.9617225237
 1061 0 0 0 50 0 1734158.8527749178
 1062 0 0 0 50 0 1734157.7438273118
 1063 0 0 0 50 0 1734156.6348797053
 1064 0 0 0 50 0 1734155.5259320994
 1065 0 0 0 50 0 1734154.4169844934
 1066 0 0 50 0 0 1735706.9930293993
 1067 0 50 0 0 0 1737423.316379491
 1068 0 50 0 0 0 1738461.434022468
 1069 0 0 0 0 50 1739066.6831324268
 1070 0 0 0 0 50 1742376.2642244173
 1071 0 0 0 0 50 1745685.845316408
 1072 0 0 0 0 50 1748994.6947609708
 1073 0 0 0 0 50 1752361.9020201773
 1074 0 0 0 50 0 1752360.793072571
 1075 0 0 0 50 0 1752359.6841249657
 1076 0 0 0 50 0 1752358.5751773594
 1077 0 0 0 50 0 1752357.466229753
 1078 0 0 0 50 0 1752356.3572821477
 1079 0 0 0 50 0 1752355.248334542
 1080 0 0 0 50 0 1752354.1393869352
 1081 0 0 0 50 0 1752353.030439329
 1082 0 0 50 0 0 1758096.4405401282
 1083 0 50 0 0 0 1763295.3299627034
 1084 0 50 0 0 0 1768243.5422162577
 1085 0 0 0 0 50 1772783.147928026
 1086 0 0 0 0 50 1776445.7993942134
 1087 0 0 0 0 50 1779887.1722693655
 1088 0 0 0 0 50 1783251.4281160892
 1089 0 0 0 0 50 1786572.0538828126
 1090 0 0 0 50 0 1786570.9449352056
 1091 0 0 0 50 0 1786569.8359876
 1092 0 0 0 50 0 1786568.7270399942
 1093 0 0 0 50 0 1786567.6180923881
 1094 0 0 0 50 0 1786566.5091447819
 1095 0 0 0 50 0 1786565.4001971758
 1096 0 0 0 50 0 1786564.2912495702
 1097 0 0 0 50 0 1786563.1823019644
 1098 0 0 50 0 0 1792230.1591613025
 1099 0 50 0 0 0 1798059.6635812528
 1100 0 50 0 0 0 1803097.44746046
 1101 0 0 0 0 50 1807541.8415173562
 1102 0 0 0 0 50 1811125.8009162622
 1103 0 0 0 0 50 1814587.7543205903
 1104 0 0 0 0 50 1817891.261644918
 1105 0 0 0 0 50 1821203.4430331378
 1106 0 0 0 50 0 1821202.3340855322
 1107 0 0 0 50 0 1821201.2251379257
 1108 0 0 0 50 0 1821200.1161903199
 1109 0 0 0 50 0 1821199.007242714
 1110 0 0 0 50 0 1821197.8982951073
 1111 0 0 0 50 0 1821196.7893475008
 1112 0 0 0 50 0 1821195.6803998954
 1113 0 0 0 50 0 1821194.571452289
 1114 0 0 50 0 0 1827228.3964362748
 1115 0 50 0 0 0 1832374.1331516833
 1116 0 50 0 0 0 1837234.5799839909
 1117 0 0 0 0 50 1841310.8414442525
 1118 0 0 0 0 50 1844446.4580362863
 1119 0 0 0 0 50 1847511.5883107304
 1120 0 0 0 0 50 1850533.0885051736
 1121 0 0 0 0 50 1853554.5886996188
 1122 0 0 0 50 0 1853553.4797520116
 1123 0 0 0 50 0 1853552.3708044055
 1124 0 0 0 50 0 1853551.2618568006
 1125 0 0 0 50 0 1853550.1529091937
 1126 0 0 0 50 0 1853549.043961588
 1127 0 0 0 50 0 1853547.935013981
 1128 0 0 0 50 0 1853546.8260663762
 1129 0 0 0 50 0 1853545.71711877
 1130 0 0 50 0 0 1858614.6400066905
 1131 0 50 0 0 0 1862843.189932817
 1132 0 50 0 0 0 1866717.6887633512
 1133 0 0 0 0 50 1870219.5668046407
 1134 0 0 0 0 50 1872735.0859302154
 1135 0 0 0 0 50 1875175.7438605973
 1136 0 0 0 0 50 1877576.4469861716
 1137 0 0 0 0 50 1880077.7319369626
 1138 0 0 0 50 0 1880076.6229893568
 1139 0 0 0 50 0 1880075.5140417505
 1140 0 0 0 50 0 1880074.4050941449
 1141 0 0 0 50 0 1880073.2961465386
 1142 0 0 0 50 0 1880072.1871989325
 1143 0 0 0 50 0 1880071.0782513267
 1144 0 0 0 50 0 1880069.9693037209
 1145 0 0 0 50 0 1880068.8603561157
 1146 0 0 50 0 0 1885551.2707836747
 1147 0 50 0 0 0 1890701.479698869
 1148 0 50 0 0 0 1895389.2174880558
 1149 0 0 0 0 50 1899422.4227378208
 1150 0 0 0 0 50 1902698.178279167
 1151 0 0 0 0 50 1906021.98375278
 1152 0 0 0 0 50 1909306.6759816334
 1153 0 0 0 0 50 1912626.7892913606
 1154 0 0 0 50 0 1912625.6803437548
 1155 0 0 0 50 0 1912624.5713961485
 1156 0 0 0 50 0 1912623.462448542
 1157 0 0 0 50 0 1912622.3535009364
 1158 0 0 0 50 0 1912621.2445533306
 1159 0 0 0 50 0 1912620.135605725
 1160 0 0 0 50 0 1912619.0266581187
 1161 0 0 0 50 0 1912617.917710513
 1162 0 0 50 0 0 1917626.3134061862
 1163 0 50 0 0 0 1922629.474656142
 1164 0 50 0 0 0 1927622.9652904463
 1165 0 0 0 0 50 1932274.4371158239
 1166 0 0 0 0 50 1935699.5494470352
 1167 0 0 0 0 50 1939177.6561867155
 1168 0 0 0 0 50 1942526.7328754365
 1169 0 0 0 0 50 1946059.863537506
 1170 0 0 0 50 0 1946058.7545899001
 1171 0 0 0 50 0 1946057.645642294
 1172 0 0 0 50 0 1946056.5366946883
 1173 0 0 0 50 0 1946055.427747083
 1174 0 0 0 50 0 1946054.3187994764
 1175 0 0 0 50 0 1946053.2098518698
 1176 0 0 0 50 0 1946052.100904265
 1177 0 0 0 50 0 1946050.9919566587
 1178 0 0 50 0 0 1951673.1940543503
 1179 0 50 0 0 0 1957236.6494547212
 1180 0 50 0 0 0 1962213.6935116146
 1181 0 0 0 0 50 1966887.4693211522
 1182 0 0 0 0 50 1970332.0347078848
 1183 0 0 0 0 50 1973735.3738039709
 1184 0 0 0 0 50 1977083.5163663665
 1185 0 0 0 0 50 1980368.7319723265
 1186 0 0 0 50 0 1980367.623024721
 1187 0 0 0 50 0 1980366.5140771144
 1188 0 0 0 50 0 1980365.405129508
 1189 0 0 0 50 0 1980364.2961819023
 1190 0 0 0 50 0 1980363.1872342962
 1191 0 0 0 50 0 1980362.0782866913
 1192 0 0 0 50 0 1980360.9693390848
 1193 0 0 0 50 0 1980359.8603914785
 1194 0 0 50 0 0 1985754.0788026797
 1195 0 50 0 0 0 1990802.5252356562
 1196 0 50 0 0 0 1995529.2824750796
 1197 0 0 0 0 50 1999757.3405173314
 1198 0 0 0 0 50 2003077.5125239512
 1199 0 0 0 0 50 2006290.2781580098
 1200 0 0 0 0 50 2009730.5464801758
 1201 0 0 0 0 50 2013093.9381547186
 1202 0 0 0 50 0 2013092.8292071128
 1203 0 0 0 50 0 2013091.7202595072
 1204 0 0 0 50 0 2013090.6113119007
 1205 0 0 0 50 0 2013089.5023642958
 1206 0 0 0 50 0 2013088.3934166892
 1207 0 0 0 50 0 2013087.2844690839
 1208 0 0 0 50 0 2013086.175521477
 1209 0 0 0 50 0 2013085.0665738713
 1210 0 0 50 0 0 2018282.1213294468
 1211 0 50 0 0 0 2023832.2274268353
 1212 0 50 0 0 0 2029328.3101159863
 1213 0 0 0 0 50 2034426.5953144901
 1214 0 0 0 0 50 2037974.7563686224
 1215 0 0 0 0 50 2041703.3067879314
 1216 0 0 0 0 50 2045374.4492072419
 1217 0 0 0 0 50 2048869.207712147
 1218 0 0 0 50 0 2048868.0987645418
 1219 0 0 0 50 0 2048866.9898169357
 1220 0 0 0 50 0 2048865.88086933
 1221 0 0 0 50 0 2048864.7719217234
 1222 0 0 0 50 0 2048863.6629741173
 1223 0 0 0 50 0 2048862.554026511
 1224 0 0 0 50 0 2048861.4450789064
 1225 0 0 0 50 0 2048860.3361312998
 1226 0 0 50 0 0 2054206.1215658921
 1227 0 50 0 0 0 2059446.9463645564
 1228 0 50 0 0 0 2064716.6348720088
 1229 0 0 0 0 50 2069505.07012897
 1230 0 0 0 0 50 2073243.6984209556
 1231 0 0 0 0 50 2077039.229057198
 1232 0 0 0 0 50 2080607.3208187828
 1233 0 0 0 0 50 2084337.3384423656
 1234 0 0 0 50 0 2084336.2294947593
 1235 0 0 0 50 0 2084335.1205471542
 1236 0 0 0 50 0 2084334.0115995482
 1237 0 0 0 50 0 2084332.9026519414
 1238 0 0 0 50 0 2084331.793704336
 1239 0 0 0 50 0 2084330.6847567302
 1240 0 0 0 50 0 2084329.5758091242
 1241 0 0 0 50 0 2084328.466861519
 1242 0 0 50 0 0 2089576.9574128306
 1243 0 50 0 0 0 2094881.1949466094
 1244 0 50 0 0 0 2099712.1777539644
 1245 0 0 0 0 50 2103855.268762886
 1246 0 0 0 0 50 2106932.614201947
 1247 0 0 0 0 50 2110254.6274869097
 1248 0 0 0 0 50 2113528.7710991413
 1249 0 0 0 0 50 2116689.5686070216
 1250 0 0 0 50 0 2116688.459659416
 1251 0 0 0 50 0 2116687.35071181
 1252 0 0 0 50 0 2116686.2417642046
 1253 0 0 0 50 0 2116685.1328165988
 1254 0 0 0 50 0 2116684.0238689925
 1255 0 0 0 50 0 2116682.9149213866
 1256 0 0 0 50 0 2116681.8059737813
 1257 0 0 0 50 0 2116680.697026174
 1258 0 0 50 0 0 2122116.7976070847
 1259 0 50 0 0 0 2127867.6412492953
 1260 0 50 0 0 0 2132929.5604483653
 1261 0 0 0 0 50 2137197.4949614783
 1262 0 0 0 0 50 2140600.95898469
 1263 0 0 0 0 50 2144030.9103812263
 1264 0 0 0 0 50 2147421.4224547115
 1265 0 0 0 0 50 2150863.0492517003
 1266 0 0 0 50 0 2150861.940304094
 1267 0 0 0 50 0 2150860.8313564877
 1268 0 0 0 50 0 2150859.7224088814
 1269 0 0 0 50 0 2150858.6134612756
 1270 0 0 0 50 0 2150857.5045136698
 1271 0 0 0 50 0 2150856.395566064
 1272 0 0 0 50 0 2150855.286618458
 1273 0 0 0 50 0 2150854.177670852
 1274 0 0 50 0 0 2155790.5862460705
 1275 0 50 0 0 0 2161191.6894831657
 1276 0 50 0 0 0 2165930.6348974314
 1277 0 0 0 0 50 2170318.6463278322
 1278 0 0 0 0 50 2173695.355357561
 1279 0 0 0 0 50 2176915.9146272885
 1280 0 0 0 0 50 2180005.5836570174
 1281 0 0 0 0 50 2183098.884681596
 1282 0 0 0 50 0 2183097.7757339906
 1283 0 0 0 50 0 2183096.666786384
 1284 0 0 0 50 0 2183095.5578387775
 1285 0 0 0 50 0 2183094.4488911727
 1286 0 0 0 50 0 2183093.3399435654
 1287 0 0 0 50 0 2183092.230995961
 1288 0 0 0 50 0 2183091.1220483542
 1289 0 0 0 50 0 2183090.013100748
 1290 0 0 50 0 0 2188843.539083025
 1291 0 50 0 0 0 2194839.964470878
 1292 0 50 0 0 0 2200019.422316247
 1293 0 0 0 0 50 2204813.4859931907
 1294 0 0 0 0 50 2208738.3701222087
 1295 0 0 0 0 50 2212526.1111829733
 1296 0 0 0 0 50 2216238.096627823
 1297 0 0 0 0 50 2219847.4069013447
 1298 0 0 0 50 0 2219846.2979537393
 1299 0 0 0 50 0 2219845.189006132
 1300 0 0 0 50 0 2219844.0800585262
 1301 0 0 0 50 0 2219842.9711109204
 1302 0 0 0 50 0 2219841.8621633155
 1303 0 0 0 50 0 2219840.753215709
 1304 0 0 0 50 0 2219839.6442681034
 1305 0 0 0 50 0 2219838.535320497
 1306 0 0 50 0 0 2224632.84932867
 1307 0 50 0 0 0 2229574.2093532383
 1308 0 50 0 0 0 2234724.9705241118
 1309 0 0 0 0 50 2239580.8690064293
 1310 0 0 0 0 50 2243076.797803736
 1311 0 0 0 0 50 2246549.952061436
 1312 0 0 0 0 50 2249979.476239136
 1313 0 0 0 0 50 2253409.0004168367
 1314 0 0 0 50 0 2253407.89146923
 1315 0 0 0 50 0 2253406.782521624
 1316 0 0 0 50 0 2253405.673574018
 1317 0 0 0 50 0 2253404.5646264115
 1318 0 0 0 50 0 2253403.4556788057
 1319 0 0 0 50 0 2253402.346731201
 1320 0 0 0 50 0 2253401.237783594
 1321 0 0 0 50 0 2253400.1288359878
 1322 0 0 50 0 0 2258756.596297604
 1323 0 50 0 0 0 2264133.531946026
 1324 0 50 0 0 0 2269903.512126346
 1325 0 0 0 0 50 2275134.211094085
 1326 0 0 0 0 50 2279092.524385536
 1327 0 0 0 0 50 2282959.6853268
 1328 0 0 0 0 50 2286906.589947635
 1329 0 0 0 0 50 2290586.3293865016
 1330 0 0 0 50 0 2290585.2204388953
 1331 0 0 0 50 0 2290584.1114912895
 1332 0 0 0 50 0 2290583.0025436836
 1333 0 0 0 50 0 2290581.893596078
 1334 0 0 0 50 0 2290580.784648472
 1335 0 0 0 50 0 2290579.6757008648
 1336 0 0 0 50 0 2290578.56675326
 1337 0 0 0 50 0 2290577.4578056545
 1338 0 0 50 0 0 2295827.1902472735
 1339 0 50 0 0 0 2300688.802910192
 1340 0 50 0 0 0 2305473.6919571892
 1341 0 0 0 0 50 2309824.7155833286
 1342 0 0 0 0 50 2312980.641125707
 1343 0 0 0 0 50 2316069.497327213
 1344 0 0 0 0 50 2319159.4325667666
 1345 0 0 0 0 50 2322304.8756795833
 1346 0 0 0 50 0 2322303.766731978
 1347 0 0 0 50 0 2322302.657784372
 1348 0 0 0 50 0 2322301.548836766
 1349 0 0 0 50 0 2322300.43988916
 1350 0 0 0 50 0 2322299.330941554
 1351 0 0 0 50 0 2322298.221993949
 1352 0 0 0 50 0 2322297.1130463425
 1353 0 0 0 50 0 2322296.004098737
 1354 0 0 50 0 0 2327769.461956398
 1355 0 50 0 0 0 2333296.110330804
 1356 0 50 0 0 0 2338181.433722018
 1357 0 0 0 0 50 2342831.6265334245
 1358 0 0 0 0 50 2346349.2038111896
 1359 0 0 0 0 50 2350039.546819375
 1360 0 0 0 0 50 2353536.134352407
 1361 0 0 0 0 50 2357127.6400573174
 1362 0 0 0 50 0 2357126.5311097116
 1363 0 0 0 50 0 2357125.4221621063
 1364 0 0 0 50 0 2357124.3132144995
 1365 0 0 0 50 0 2357123.2042668937
 1366 0 0 0 50 0 2357122.095319289
 1367 0 0 0 50 0 2357120.986371683
 1368 0 0 0 50 0 2357119.877424077
 1369 0 0 0 50 0 2357118.768476471
 1370 0 0 50 0 0 2362441.7580364384
 1371 0 50 0 0 0 2368054.634871888
 1372 0 50 0 0 0 2373213.770279342
 1373 0 0 0 0 50 2377734.141932363
 1374 0 0 0 0 50 2381113.0978224115
 1375 0 0 0 0 50 2384399.3353170333
 1376 0 0 0 0 50 2387502.7327813096
 1377 0 0 0 0 50 2390445.8721121717
 1378 0 0 0 50 0 2390444.763164566
 1379 0 0 0 50 0 2390443.65421696
 1380 0 0 0 50 0 2390442.5452693533
 1381 0 0 0 50 0 2390441.436321749
 1382 0 0 0 50 0 2390440.3273741426
 1383 0 0 0 50 0 2390439.218426537
 1384 0 0 0 50 0 2390438.109478931
 1385 0 0 0 50 0 2390437.000531325
 1386 0 0 50 0 0 2395307.347229793
 1387 0 50 0 0 0 2400409.799616075
 1388 0 50 0 0 0 2405479.5746417423
 1389 0 0 0 0 50 2409887.037323854
 1390 0 0 0 0 50 2413526.984042483
 1391 0 0 0 0 50 2417295.7047810573
 1392 0 0 0 0 50 2420758.840348219
 1393 0 0 0 0 50 2424323.3834101907
 1394 0 0 0 50 0 2424322.2744625844
 1395 0 0 0 50 0 2424321.1655149786
 1396 0 0 0 50 0 2424320.0565673723
 1397 0 0 0 50 0 2424318.9476197665
 1398 0 0 0 50 0 2424317.838672161
 1399 0 0 0 50 0 2424316.7297245553
 1400 0 0 0 50 0 2424315.6207769485
 1401 0 0 0 50 0 2424314.5118293436
 1402 0 0 50 0 0 2429340.6629557135
 1403 0 50 0 0 0 2434346.0410181675
 1404 0 50 0 0 0 2439096.576529103
 1405 0 0 0 0 50 2443271.6882567974
 1406 0 0 0 0 50 2446250.401108049
 1407 0 0 0 0 50 2449338.787670941
 1408 0 0 0 0 50 2452427.1742338333
 1409 0 0 0 0 50 2455521.1883710013
 1410 0 0 0 50 0 2455520.079423395
 1411 0 0 0 50 0 2455518.9704757887
 1412 0 0 0 50 0 2455517.8615281824
 1413 0 0 0 50 0 2455516.7525805775
 1414 0 0 0 50 0 2455515.6436329708
 1415 0 0 0 50 0 2455514.5346853654
 1416 0 0 0 50 0 2455513.425737759
 1417 0 0 0 50 0 2455512.3167901533
 1418 0 0 50 0 0 2461108.660188874
 1419 0 50 0 0 0 2466636.133747313
 1420 0 50 0 0 0 2472643.55213253
 1421 0 0 0 0 50 2477963.2906073136
 1422 0 0 0 0 50 2482016.5625303923
 1423 0 0 0 0 50 2486015.769724314
 1424 0 0 0 0 50 2489784.4106675745
 1425 0 0 0 0 50 2493730.5059359097
 1426 0 0 0 50 0 2493729.396988304
 1427 0 0 0 50 0 2493728.2880406985
 1428 0 0 0 50 0 2493727.1790930917
 1429 0 0 0 50 0 2493726.070145487
 1430 0 0 0 50 0 2493724.9611978815
 1431 0 0 0 50 0 2493723.8522502757
 1432 0 0 0 50 0 2493722.7433026694
 1433 0 0 0 50 0 2493721.6343550626
 1434 0 0 50 0 0 2498652.198911251
 1435 0 50 0 0 0 2504174.965449259
 1436 0 50 0 0 0 2509430.6883884356
 1437 0 0 0 0 50 2514173.9959822185
 1438 0 0 0 0 50 2517771.8445361503
 1439 0 0 0 0 50 2521295.1986814328
 1440 0 0 0 0 50 2524934.407639322
 1441 0 0 0 0 50 2528596.9552592025
 1442 0 0 0 50 0 2528595.846311597
 1443 0 0 0 50 0 2528594.7373639913
 1444 0 0 0 50 0 2528593.6284163846
 1445 0 0 0 50 0 2528592.5194687797
 1446 0 0 0 50 0 2528591.410521174
 1447 0 0 0 50 0 2528590.3015735685
 1448 0 0 0 50 0 2528589.192625962
 1449 0 0 0 50 0 2528588.0836783554
 1450 0 0 50 0 0 2534831.655704489
 1451 0 50 0 0 0 2539976.512511892
 1452 0 50 0 0 0 2545017.075107776
 1453 0 0 0 0 50 2549496.992742178
 1454 0 0 0 0 50 2552662.7410445865
 1455 0 0 0 0 50 2555941.677813781
 1456 0 0 0 0 50 2559221.1468478735
 1457 0 0 0 0 50 2562325.0543155847
 1458 0 0 0 50 0 2562323.945367979
 1459 0 0 0 50 0 2562322.8364203735
 1460 0 0 0 50 0 2562321.7274727677
 1461 0 0 0 50 0 2562320.618525162
 1462 0 0 0 50 0 2562319.5095775565
 1463 0 0 0 50 0 2562318.4006299507
 1464 0 0 0 50 0 2562317.2916823453
 1465 0 0 0 50 0 2562316.1827347386
 1466 0 0 50 0 0 2567234.363926855
 1467 0 50 0 0 0 2572585.0678771036
 1468 0 50 0 0 0 2577103.816189969
 1469 0 0 0 0 50 2581004.0144003746
 1470 0 0 0 0 50 2583982.083748125
 1471 0 0 0 0 50 2586987.3574207355
 1472 0 0 0 0 50 2590022.267663676
 1473 0 0 0 0 50 2593164.9696379416
 1474 0 0 0 50 0 2593163.860690336
 1475 0 0 0 50 0 2593162.75174273
 1476 0 0 0 50 0 2593161.6427951246
 1477 0 0 0 50 0 2593160.5338475183
 1478 0 0 0 50 0 2593159.4248999115
 1479 0 0 0 50 0 2593158.315952306
 1480 0 0 0 50 0 2593157.2070047003
 1481 0 0 0 50 0 2593156.098057094
 1482 0 0 50 0 0 2597987.6777481446
 1483 0 50 0 0 0 2602780.9973318367
 1484 0 50 0 0 0 2607660.4151726593
 1485 0 0 0 0 50 2612118.58402758
 1486 0 0 0 0 50 2615656.5780827194
 1487 0 0 0 0 50 2619022.3481378593
 1488 0 0 0 0 50 2622229.672112998
 1489 0 0 0 0 50 2625436.9960881374
 1490 0 0 0 50 0 2625435.887140532
 1491 0 0 0 50 0 2625434.7781929257
 1492 0 0 0 50 0 2625433.6692453204
 1493 0 0 0 50 0 2625432.560297713
 1494 0 0 0 50 0 2625431.451350108
 1495 0 0 0 50 0 2625430.3424025015
 1496 0 0 0 50 0 2625429.233454896
 1497 0 0 0 50 0 2625428.1245072903
 1498 0 0 50 0 0 2630405.612513384
 1499 0 50 0 0 0 2636006.638694798
 1500 0 50 0 0 0 2640876.3085980685
 1501 0 0 0 0 50 2645218.316853877
 1502 0 0 0 0 50 2648462.3574920124
 1503 0 0 0 0 50 2651683.6799134896
 1504 0 0 0 0 50 2654918.1685683685
 1505 0 0 0 0 50 2658001.1608860167
 1506 0 0 0 50 0 2658000.051938412
 1507 0 0 0 50 0 2657998.942990805
 1508 0 0 0 50 0 2657997.8340432
 1509 0 0 0 50 0 2657996.725095594
 1510 0 0 0 50 0 2657995.616147989
 1511 0 0 0 50 0 2657994.5072003826
 1512 0 0 0 50 0 2657993.3982527764
 1513 0 0 0 50 0 2657992.28930517
 1514 0 0 50 0 0 2662838.6472110916
 1515 0 50 0 0 0 2668131.7433422403
 1516 0 50 0 0 0 2672477.390727302
 1517 0 0 0 0 50 2676055.7873285366
 1518 0 0 0 0 50 2679067.189388799
 1519 0 0 0 0 50 2682061.2842783043
 1520 0 0 0 0 50 2684954.3410878074
 1521 0 0 0 0 50 2687845.5281031537
 1522 0 0 0 50 0 2687844.4191555474
 1523 0 0 0 50 0 2687843.3102079416
 1524 0 0 0 50 0 2687842.201260335
 1525 0 0 0 50 0 2687841.0923127295
 1526 0 0 0 50 0 2687839.983365123
 1527 0 0 0 50 0 2687838.874417518
 1528 0 0 0 50 0 2687837.765469911
 1529 0 0 0 50 0 2687836.6565223057
 1530 0 0 50 0 0 2692848.477661611
 1531 0 50 0 0 0 2698337.888181227
 1532 0 50 0 0 0 2703377.9479628033
 1533 0 0 0 0 50 2708073.5673329807
 1534 0 0 0 0 50 2711364.777957825
 1535 0 0 0 0 50 2714655.98858267
 1536 0 0 0 0 50 2717832.3832075153
 1537 0 0 0 0 50 2721008.777832361
 1538 0 0 0 50 0 2721007.6688847556
 1539 0 0 0 50 0 2721006.559937149
 1540 0 0 0 50 0 2721005.450989544
 1541 0 0 0 50 0 2721004.3420419376
 1542 0 0 0 50 0 2721003.2330943323
 1543 0 0 0 50 0 2721002.124146726
 1544 0 0 0 50 0 2721001.0151991206
 1545 0 0 0 50 0 2720999.906251514
 1546 0 0 50 0 0 2725851.0001353025
 1547 0 50 0 0 0 2730276.503042062
 1548 0 50 0 0 0 2734827.643669511
 1549 0 0 0 0 50 2738739.6357651097
 1550 0 0 0 0 50 2741653.1029567234
 1551 0 0 0 0 50 2744566.5701483362
 1552 0 0 0 0 50 2747478.8689125706
 1553 0 0 0 0 50 2750672.9329351885
 1554 0 0 0 50 0 2750671.823987584
 1555 0 0 0 50 0 2750670.715039978
 1556 0 0 0 50 0 2750669.6060923715
 1557 0 0 0 50 0 2750668.4971447666
 1558 0 0 0 50 0 2750667.3881971603
 1559 0 0 0 50 0 2750666.2792495545
 1560 0 0 0 50 0 2750665.1703019487
 1561 0 0 0 50 0 2750664.061354343
 1562 0 0 50 0 0 2755936.582157852
 1563 0 50 0 0 0 2761194.8978920234
 1564 0 50 0 0 0 2765530.4037560336
 1565 0 0 0 0 50 2769321.3618023396
 1566 0 0 0 0 50 2772306.4948647935
 1567 0 0 0 0 50 2775493.8279252863
 1568 0 0 0 0 50 2778532.8761698916
 1569 0 0 0 0 50 2781459.9185388302
 1570 0 0 0 50 0 2781458.809591225
 1571 0 0 0 50 0 2781457.7006436186
 1572 0 0 0 50 0 2781456.5916960128
 1573 0 0 0 50 0 2781455.482748407
 1574 0 0 0 50 0 2781454.373800802
 1575 0 0 0 50 0 2781453.2648531958
 1576 0 0 0 50 0 2781452.1559055895
 1577 0 0 0 50 0 2781451.0469579846
 1578 0 0 50 0 0 2786517.901517084
 1579 0 50 0 0 0 2792103.9141049855
 1580 0 50 0 0 0 2796677.1764461105
 1581 0 0 0 0 50 2800318.466476155
 1582 0 0 0 0 50 2803325.1834821934
 1583 0 0 0 0 50 2806158.3633240717
 1584 0 0 0 0 50 2809101.8068899643
 1585 0 0 0 0 50 2811869.7881697332
 1586 0 0 0 50 0 2811868.6792221265
 1587 0 0 0 50 0 2811867.5702745197
 1588 0 0 0 50 0 2811866.461326916
 1589 0 0 0 50 0 2811865.352379309
 1590 0 0 0 50 0 2811864.2434317023
 1591 0 0 0 50 0 2811863.134484098
 1592 0 0 0 50 0 2811862.025536492
 1593 0 0 0 50 0 2811860.916588886
 1594 0 0 50 0 0 2816795.68598284
 1595 0 50 0 0 0 2821939.378672528
 1596 0 50 0 0 0 2827437.4865135537
 1597 0 0 0 0 50 2832075.729295158
 1598 0 0 0 0 50 2835562.314087525
 1599 0 0 0 0 50 2839099.7264851057
 1600 0 0 0 0 50 2842644.519089526
 1601 0 0 0 0 50 2846281.115665732
 1602 0 0 0 50 0 2846280.006718127
 1603 0 0 0 50 0 2846278.897770522
 1604 0 0 0 50 0 2846277.788822915
 1605 0 0 0 50 0 2846276.6798753096
 1606 0 0 0 50 0 2846275.5709277033
 1607 0 0 0 50 0 2846274.4619800975
 1608 0 0 0 50 0 2846273.3530324916
 1609 0 0 0 50 0 2846272.244084886
 1610 0 0 50 0 0 2851512.025361738
 1611 0 50 0 0 0 2856691.442236938
 1612 0 50 0 0 0 2861137.6002493906
 1613 0 0 0 0 50 2864866.4069226454
 1614 0 0 0 0 50 2868010.000483942
 1615 0 0 0 0 50 2871060.0732920263
 1616 0 0 0 0 50 2873941.470085645
 1617 0 0 0 0 50 2877202.2227924247
 1618 0 0 0 50 0 2877201.11384482
 1619 0 0 0 50 0 2877200.004897214
 1620 0 0 0 50 0 2877198.8959496077
 1621 0 0 0 50 0 2877197.787002002
 1622 0 0 0 50 0 2877196.678054396
 1623 0 0 0 50 0 2877195.5691067902
 1624 0 0 0 50 0 2877194.460159185
 1625 0 0 0 50 0 2877193.3512115777
 1626 0 0 50 0 0 2882795.9748479878
 1627 0 50 0 0 0 2888637.776516983
 1628 0 50 0 0 0 2894142.848480146
 1629 0 0 0 0 50 2898729.4411034966
 1630 0 0 0 0 50 2902493.9055921948
 1631 0 0 0 0 50 2906175.8042089045
 1632 0 0 0 0 50 2909620.474734341
 1633 0 0 0 0 50 2913322.188227174
 1634 0 0 0 50 0 2913321.079279568
 1635 0 0 0 50 0 2913319.970331962
 1636 0 0 0 50 0 2913318.8613843555
 1637 0 0 0 50 0 2913317.7524367506
 1638 0 0 0 50 0 2913316.6434891443
 1639 0 0 0 50 0 2913315.5345415385
 1640 0 0 0 50 0 2913314.425593933
 1641 0 0 0 50 0 2913313.316646327
 1642 0 0 50 0 0 2918535.072867561
 1643 0 50 0 0 0 2924022.7983274935
 1644 0 50 0 0 0 2928556.6106213564
 1645 0 0 0 0 50 2932405.269160732
 1646 0 0 0 0 50 2935394.4658182515
 1647 0 0 0 0 50 2938339.4393879343
 1648 0 0 0 0 50 2941339.2372796745
 1649 0 0 0 0 50 2944398.463610701
 1650 0 0 0 50 0 2944397.354663095
 1651 0 0 0 50 0 2944396.24571549
 1652 0 0 0 50 0 2944395.1367678833
 1653 0 0 0 50 0 2944394.0278202784
 1654 0 0 0 50 0 2944392.918872672
 1655 0 0 0 50 0 2944391.8099250663
 1656 0 0 0 50 0 2944390.7009774595
 1657 0 0 0 50 0 2944389.5920298547
 1658 0 0 50 0 0 2948912.8663462377
 1659 0 50 0 0 0 2953945.254015668
 1660 0 50 0 0 0 2958236.024442403
 1661 0 0 0 0 50 2961884.294734245
 1662 0 0 0 0 50 2964592.0616857447
 1663 0 0 0 0 50 2967388.367859353
 1664 0 0 0 0 50 2970147.1999338646
 1665 0 0 0 0 50 2973068.8175982595
 1666 0 0 0 50 0 2973067.708650654
 1667 0 0 0 50 0 2973066.5997030484
 1668 0 0 0 50 0 2973065.4907554425
 1669 0 0 0 50 0 2973064.3818078362
 1670 0 0 0 50 0 2973063.2728602304
 1671 0 0 0 50 0 2973062.163912624
 1672 0 0 0 50 0 2973061.0549650188
 1673 0 0 0 50 0 2973059.946017412
 1674 0 0 50 0 0 2978042.597568087
 1675 0 50 0 0 0 2983511.7748405784
 1676 0 50 0 0 0 2988485.113022784
 1677 0 0 0 0 50 2992748.628700828
 1678 0 0 0 0 50 2996448.3173361146
 1679 0 0 0 0 50 2999816.382744917
 1680 0 0 0 0 50 3003018.8932804917
 1681 0 0 0 0 50 3006390.90071895
 1682 0 0 0 50 0 3006389.791771344
 1683 0 0 0 50 0 3006388.682823739
 1684 0 0 0 50 0 3006387.573876133
 1685 0 0 0 50 0 3006386.4649285264
 1686 0 0 0 50 0 3006385.3559809206
 1687 0 0 0 50 0 3006384.2470333152
 1688 0 0 0 50 0 3006383.1380857094
 1689 0 0 0 50 0 3006382.0291381027
 1690 0 0 50 0 0 3011602.8422655803
 1691 0 50 0 0 0 3017208.863075915
 1692 0 50 0 0 0 3022087.109259667