 "ticks" "state 0" "state 1" "state 2" "state 3" "state 4" "bioenergy success"
 0 12 6 13 7 12 24998.5255
 1 12 5 13 8 12 30249.19943194704
 2 12 5 12 8 13 35296.821376837404
 3 12 4 12 8 14 40827.62988927515
 4 11 6 11 8 14 46336.03434968268
 5 12 5 11 8 14 51874.29249949089
 6 12 4 11 8 15 56981.541332279274
 7 11 4 11 8 16 62713.16049841768
 8 11 5 10 8 16 67822.49459816227
 9 11 4 11 8 16 73324.20724990715
 10 10 5 12 8 15 78891.92588102413
 11 10 5 12 8 15 84453.28445713209
 12 10 5 12 8 15 90323.35969765225
 13 10 5 11 8 16 95024.228780924
 14 10 6 10 8 16 100389.83101384313
 15 10 5 11 8 16 105872.41322880723
 16 10 5 11 8 16 111453.54629537072
 17 10 5 11 8 16 116416.76019077907
 18 10 5 10 9 16 122243.28562306112
 19 10 5 10 9 16 127386.83555855448
 20 10 6 9 9 16 132626.02304554777
 21 10 6 9 9 16 137655.90953290614
 22 10 6 9 9 16 143454.72776830845
 23 10 5 10 9 16 148778.2107355995
 24 10 5 10 9 16 154251.73823716224
 25 10 5 10 10 15 159573.12026134593
 26 10 7 9 9 15 165145.7984333759
 27 10 6 9 10 15 171020.45484306387
 28 10 6 9 10 15 176819.95999479835
 29 11 4 10 10 15 182414.36571865925
 30 10 5 10 10 15 188310.40693969507
 31 10 5 10 10 15 194256.09387098253
 32 10 5 10 10 15 199930.68778267992
 33 10 4 11 10 15 205234.4647732112
 34 10 5 10 10 15 210852.44596359244
 35 9 5 10 11 15 215878.3737897659
 36 10 5 10 10 15 221319.21389381657
 37 10 6 9 10 15 226779.79306830757
 38 10 5 10 10 15 233219.07909501958
 39 10 5 11 10 14 239333.9637175366
 40 9 6 9 10 16 246002.45283767927
 41 9 7 8 11 15 252623.07549452558
 42 10 4 10 11 15 258235.19922272288
 43 10 4 10 11 15 264045.858678724
 44 10 4 10 11 15 269347.6299833137
 45 10 5 9 11 15 274505.13525508094
 46 10 3 10 12 15 279845.28195970604
 47 10 4 9 12 15 286000.7420880671
 48 10 3 10 12 15 291699.86422333994
 49 10 4 10 12 14 297181.34874520334
 50 10 4 10 12 14 302523.2284834361
 51 10 3 10 12 15 308414.5670883248
 52 9 4 10 12 15 313954.2099393295
 53 9 4 10 12 15 319830.82547074236
 54 10 3 10 12 15 325112.7825536721
 55 10 3 10 12 15 331196.0640800596
 56 9 4 10 12 15 336514.89438525966
 57 9 4 10 12 15 342503.7279685732
 58 9 4 10 12 15 347832.7469948525
 59 10 5 9 12 14 353587.8732667799
 60 10 5 8 12 15 359556.33322466543
 61 9 4 10 12 15 365123.7716689163
 62 9 4 10 12 15 370758.62583290547
 63 9 4 10 11 16 376567.1965460618
 64 10 4 9 12 15 382928.4200080277
 65 9 4 10 12 15 388310.33301328233
 66 9 4 10 12 15 393776.93583499634
 67 9 4 10 12 15 399816.3638475591
 68 9 4 10 12 15 406006.7569775821
 69 10 3 10 12 15 411551.5661101069
 70 10 3 10 12 15 417269.92043779
 71 10 4 9 12 15 422958.45405678026
 72 11 3 9 12 15 428319.60184466804
 73 10 3 10 12 15 433501.717836899
 74 11 3 9 12 15 439097.61801769515
 75 10 3 10 12 15 445056.89014976873
 76 10 3 10 12 15 450381.68468963524
 77 10 3 10 12 15 456408.62362733384
 78 9 4 10 12 15 462057.3973435605
 79 10 4 10 12 14 467733.3190702403
 80 9 4 10 12 15 473668.4747077482
 81 9 4 10 11 16 479864.7957982295
 82 9 4 10 12 15 485108.0766274396
 83 9 5 9 12 15 490922.09947725537
 84 9 4 10 12 15 496492.683465037
 85 9 4 10 12 15 501798.62058715033
 86 9 4 10 12 15 506757.8098616844
 87 9 4 10 12 15 512215.3074688086
 88 9 4 10 12 15 517825.25168816326
 89 10 4 9 12 15 523464.5664377214
 90 10 4 9 12 15 529400.844977986
 91 9 4 10 12 15 534599.4551871977
 92 9 4 10 12 15 540674.7005722661
 93 9 4 10 12 15 546628.0774292923
 94 9 5 9 12 15 552424.5205291806
 95 10 3 10 12 15 557286.6563435951
 96 11 3 10 12 14 562501.8208404337
 97 10 5 9 12 14 568167.7475293074
 98 10 4 10 11 15 574225.0814394822
 99 10 3 10 12 15 579375.3748596152
 100 10 3 10 12 15 584776.2541072987
 101 9 4 10 12 15 589850.9080308742
 102 9 4 10 12 15 595485.5805730355
 103 9 4 10 12 15 600750.4248458846
 104 9 4 10 12 15 606437.9443411696
 105 9 4 10 12 15 612312.2187278392
 106 10 3 10 12 15 618490.5704458682
 107 9 4 10 12 15 624364.4725344597
 108 10 3 10 12 15 629494.1026833106
 109 10 3 10 12 15 635258.6917838173
 110 10 3 10 12 15 641047.9658652979
 111 9 4 10 12 15 647003.3213958183
 112 9 4 10 12 15 652632.0404241566
 113 9 5 9 12 15 657979.5024078895
 114 10 3 10 12 15 663559.5742091924
 115 10 3 10 11 16 669114.4879656911
 116 10 3 10 12 15 674144.132739622
 117 10 3 10 12 15 679609.6821959645
 118 10 3 10 12 15 685468.2142210071
 119 10 3 10 12 15 690647.2676847327
 120 10 3 10 12 15 696500.2026909104
 121 10 3 10 12 15 702061.3877193821
 122 10 3 10 12 15 708060.648632034
 123 9 4 10 12 15 714156.4975062162
 124 9 4 10 12 15 720162.481421242
 125 9 4 10 12 15 725056.517142819
 126 9 4 10 12 15 731065.2156154102
 127 9 4 10 12 15 736864.7068061961
 128 9 4 10 12 15 742019.2863808534
 129 10 3 10 12 15 747452.9783262336
 130 10 3 10 12 15 753013.1391894831
 131 10 3 10 12 15 758355.172527035
 132 10 3 10 12 15 764099.5808308772
 133 10 3 10 12 15 769653.1899948393
 134 10 3 10 12 15 775329.577666117
 135 10 3 10 12 15 780641.9986534641
 136 10 3 10 12 15 786444.8226732127
 137 10 3 10 11 16 791979.8694865346
 138 9 4 10 12 15 797513.1220131129
 139 10 3 10 12 15 803240.8311022328
 140 10 4 9 12 15 808957.7059664108
 141 10 3 10 12 15 815216.3482080583
 142 9 4 10 12 15 821002.1950190406
 143 9 4 10 12 15 826682.4249733011
 144 9 4 10 12 15 833707.0895615756
 145 9 5 9 12 15 840901.2430463211
 146 10 3 10 12 15 847542.4857871786
 147 10 3 10 12 15 854769.3735516921
 148 11 4 8 12 15 860911.9718744142
 149 10 3 10 12 15 867759.646272647
 150 10 4 9 12 15 873992.2128796498
 151 10 4 11 12 13 880186.5371291739
 152 10 4 10 12 14 886657.8317610126
 153 9 5 11 12 13 892566.7437014728
 154 10 3 11 12 14 899131.4844872777
 155 10 3 11 11 15 905351.859891841
 156 10 3 11 12 14 912066.985952942
 157 10 3 11 12 14 919359.3358021751
 158 9 4 10 12 15 926287.5183143726
 159 10 3 10 12 15 933025.6697215602
 160 10 3 10 12 15 940372.1275058794
 161 9 4 10 12 15 947459.6310910902
 162 9 4 10 12 15 954038.7569327486
 163 9 4 10 12 15 961372.1025000601
 164 11 3 9 12 15 968751.5478001789
 165 10 4 8 13 15 975538.140535773
 166 9 5 8 13 15 981770.0276452282
 167 9 5 9 12 15 987938.8100124766
 168 9 5 9 12 15 994310.8550299159
 169 9 5 9 12 15 1000899.3927608118
 170 10 5 8 12 15 1007058.9318630005
 171 9 4 10 12 15 1013794.6926697557
 172 9 4 10 12 15 1020079.127291527
 173 9 4 10 12 15 1026714.9059771161
 174 9 4 11 12 14 1033474.7116144634
 175 10 3 10 12 15 1039953.2185645358
 176 9 4 10 12 15 1046669.5859996619
 177 9 4 10 12 15 1053638.0881783313
 178 9 4 10 11 16 1060875.7365545302
 179 9 4 10 12 15 1067334.7185219843
 180 9 4 10 12 15 1074397.3061799146
 181 9 4 10 12 15 1080810.7289791103
 182 10 4 9 12 15 1087942.6777477867
 183 10 4 9 12 15 1094749.5090342802
 184 10 4 9 12 15 1101826.3124510448
 185 10 3 10 12 15 1108174.4190514006
 186 10 3 9 12 16 1115471.900613943
 187 10 3 9 12 16 1121755.3899831637
 188 9 5 8 12 16 1128778.4948731358
 189 10 3 10 12 15 1135796.695741775
 190 9 4 10 12 15 1142672.790096775
 191 9 5 8 12 16 1149665.8951126405
 192 9 5 9 12 15 1157201.71052278
 193 9 5 9 12 15 1163989.307446649
 194 10 3 10 12 15 1171088.0611571104
 195 10 3 10 12 15 1177010.3300106518
 196 10 3 10 12 15 1183289.8948294113
 197 10 4 9 12 15 1190082.842447524
 198 10 3 10 12 15 1196674.3865751298
 199 9 5 9 12 15 1203796.419116747
 200 10 4 9 11 16 1210594.575655865
 201 9 5 9 12 15 1217427.873247041
 202 10 4 9 12 15 1223865.3925900809
 203 9 4 10 12 15 1230052.3221262244
 204 10 3 10 12 15 1237185.6574480408
 205 10 3 10 12 15 1243809.2781140404
 206 10 3 10 12 15 1250358.8457451407
 207 10 3 10 12 15 1257644.0521140585
 208 10 3 10 12 15 1264001.1015088432
 209 10 3 10 12 15 1271155.9617023948
 210 10 3 10 12 15 1277048.3239626025
 211 10 3 9 12 16 1284344.809345862
 212 9 4 9 12 16 1291532.4778540113
 213 9 4 9 12 16 1298098.285893538
 214 9 4 10 12 15 1304890.1555695462
 215 10 3 10 12 15 1311776.4012553194
 216 10 3 10 12 15 1317817.3641672237
 217 10 3 10 12 15 1324729.7639742235
 218 10 3 10 12 15 1332171.536990538
 219 9 4 10 12 15 1338849.3481398
 220 9 4 10 12 15 1345958.8319704148
 221 9 4 10 12 15 1353030.9926946075
 222 9 4 9 11 17 1360533.1774826553
 223 9 4 9 12 16 1366906.8331882367
 224 9 4 10 12 15 1373593.0428676885
 225 10 4 9 12 15 1380407.113848364
 226 10 4 9 12 15 1387457.1583916831
 227 10 3 10 12 15 1393581.4093835533
 228 10 4 9 12 15 1400029.5080946751
 229 10 4 9 12 15 1406670.6107459057
 230 10 3 10 12 15 1412951.0466534062
 231 9 5 9 12 15 1419318.291796747
 232 10 3 10 12 15 1425925.5194043475
 233 9 5 10 12 14 1432079.7069782082
 234 9 5 9 12 15 1438642.510579355
 235 9 5 9 12 15 1445149.505554295
 236 9 5 9 12 15 1451754.7134653074
 237 9 4 10 12 15 1458571.8970782899
 238 9 4 10 12 15 1465461.778584145
 239 10 5 9 11 15 1472886.673628593
 240 10 4 10 12 14 1479700.0163330352
 241 9 4 10 12 15 1486643.1059723003
 242 9 4 10 12 15 1492638.4245482173
 243 10 3 10 12 15 1498836.9361445315
 244 9 4 10 12 15 1505782.6876945442
 245 10 3 10 12 15 1512646.2768329454
 246 10 3 10 12 15 1518688.6491372944
 247 10 3 10 12 15 1524962.7530507809
 248 10 3 10 12 15 1531120.8732758877
 249 10 3 10 12 15 1537418.7981410888
 250 10 4 10 12 14 1543423.7838106258
 251 9 4 10 12 15 1549277.9959617238
 252 9 5 10 12 14 1555525.1795519083
 253 9 4 10 12 15 1561988.1148167562
 254 9 4 11 11 15 1568545.8962720386
 255 10 3 10 12 15 1575295.212446666
 256 9 4 10 12 15 1581589.8795264224
 257 9 4 10 12 15 1587955.7990150794
 258 9 5 9 12 15 1594427.091222684
 259 9 4 10 12 15 1600017.2071874407
 260 9 5 9 12 15 1606498.1846054972
 261 9 5 9 12 15 1612247.6176089537
 262 9 5 9 12 15 1618617.8844056963
 263 9 4 10 12 15 1624177.2977593571
 264 9 5 9 12 15 1630372.8767892786
 265 9 4 10 12 15 1635761.022618926
 266 9 5 9 12 15 1641902.5744964136
 267 9 4 10 12 15 1648675.8400500482
 268 9 4 10 12 15 1654846.2519106532
 269 9 4 10 12 15 1661085.2848431065
 270 9 4 10 12 15 1667319.905184436
 271 9 5 9 12 15 1674389.7491737867
 272 9 4 10 12 15 1679756.5356957703
 273 9 4 10 12 15 1686558.7358437432
 274 9 4 10 12 15 1692771.4448723919
 275 9 4 10 12 15 1699763.7583247938
 276 9 4 10 12 15 1706352.1509763398
 277 9 4 10 12 15 1713046.2812962087
 278 9 5 10 11 15 1719247.2250763923
 279 9 4 10 12 15 1725750.7771355235
 280 10 5 8 12 15 1732497.8020337468
 281 10 4 9 12 15 1739014.8994742418
 282 10 3 10 12 15 1746038.4793817387
 283 10 4 9 13 14 1752264.8755426258
 284 9 4 10 12 15 1758873.915371989
 285 9 4 10 12 15 1765205.3722656884
 286 10 3 10 11 16 1771503.0712624206
 287 10 3 10 12 15 1777746.0446774524
 288 10 3 10 12 15 1783991.0869548297
 289 10 4 9 12 15 1790507.9439879942
 290 10 4 9 12 15 1797302.5129762993
 291 10 3 10 12 15 1804142.5460533556
 292 10 3 10 12 15 1810974.4205169447
 293 9 4 10 12 15 1817488.185597727
 294 10 4 9 12 15 1824452.847116186
 295 9 4 10 12 15 1831228.2791693958
 296 10 3 10 12 15 1837725.358021899
 297 9 4 9 13 15 1844528.2424467958
 298 9 4 10 12 15 1850554.762638682
 299 9 5 8 12 16 1857104.7177416047
 300 10 4 9 12 15 1863518.7959575641
 301 10 4 9 12 15 1870220.6497716247
 302 9 5 9 12 15 1876772.240647851
 303 10 4 9 12 15 1882956.4464273062
 304 9 5 9 12 15 1889652.290922585
 305 9 4 10 12 15 1896264.790884121
 306 9 4 10 12 15 1902641.0880760564
 307 9 4 9 12 16 1908995.4845879772
 308 9 4 10 12 15 1914701.5117580155
 309 9 4 10 12 15 1920667.6078272762
 310 9 5 9 12 15 1927861.3856442962
 311 9 4 10 12 15 1934528.6179717248
 312 9 4 10 12 15 1940737.7741721482
 313 9 4 10 12 15 1947451.358007781
 314 9 4 10 12 15 1954307.0377773899
 315 10 4 9 12 15 1961064.6233905884
 316 9 5 9 12 15 1967809.7568216429
 317 10 3 9 12 16 1974291.6533769837
 318 10 3 9 11 17 1980954.6507296762
 319 10 3 10 12 15 1987750.8984764868
 320 10 3 10 12 15 1994081.3981942597
 321 10 4 9 12 15 1999731.9655090354
 322 10 5 9 12 14 2006231.888951104
 323 10 4 9 12 15 2012453.9781900556
 324 10 4 9 12 15 2019374.8753762327
 325 9 5 9 12 15 2025924.7987336307
 326 9 5 9 12 15 2032422.817947687
 327 9 5 9 12 15 2039327.4263515566
 328 9 5 9 12 15 2046173.8880840072
 329 9 4 10 12 15 2053138.0398158683
 330 9 5 10 11 15 2060099.386330599
 331 9 4 10 12 15 2067173.6375744878
 332 10 3 10 12 15 2073369.906538462
 333 9 4 10 12 15 2080053.99653426
 334 9 4 10 12 15 2086690.8928374148
 335 10 3 10 12 15 2093324.2531980458
 336 10 3 10 12 15 2100421.1502706367
 337 10 3 10 12 15 2106810.826032226
 338 9 4 10 12 15 2113652.1106054173
 339 9 4 10 12 15 2120265.254144985
 340 9 4 10 12 15 2126664.242451081
 341 9 4 10 12 15 2133007.7525507496
 342 9 4 10 12 15 2139749.1419436904
 343 9 4 10 12 15 2146219.2229120117
 344 10 3 10 12 15 2152718.749924125
 345 10 3 10 12 15 2158655.407997645
 346 10 3 10 12 15 2164281.463274461
 347 9 4 10 12 15 2170477.3296354236
 348 10 3 10 12 15 2176564.8853368955
 349 10 3 10 11 16 2183248.8278542315
 350 10 3 9 12 16 2189392.7353610443
 351 9 4 10 12 15 2195639.0309069864
 352 10 3 10 12 15 2202026.894237875
 353 10 3 10 12 15 2208437.842391118
 354 10 3 10 12 15 2214842.5436899005
 355 10 4 9 12 15 2221725.3247401062
 356 10 3 10 12 15 2228335.191927537
 357 10 4 10 12 14 2235387.497204253
 358 10 4 10 12 14 2242055.284892145
 359 10 4 10 12 14 2248792.436058453
 360 9 4 10 12 15 2255238.205761843
 361 9 4 9 12 16 2261496.9876814326
 362 9 4 9 12 16 2267544.851674409
 363 9 4 9 12 16 2274390.25776097
 364 9 4 10 12 15 2281162.984123824
 365 9 4 10 12 15 2287972.9298496884
 366 9 4 10 12 15 2294068.269406399
 367 9 4 10 12 15 2301037.7644412387
 368 9 4 10 12 15 2307280.390163834
 369 10 3 10 12 15 2313980.87301854
 370 9 5 10 11 15 2320770.9448839305
 371 10 3 10 12 15 2327506.844847456
 372 10 3 10 12 15 2334393.0057522426
 373 10 3 10 12 15 2340993.504038625
 374 9 4 10 12 15 2347883.153490504
 375 9 4 10 12 15 2354058.765794786
 376 9 4 10 12 15 2360371.6684608995
 377 10 3 10 12 15 2366458.2059707586
 378 10 3 10 12 15 2372300.409772647
 379 10 5 7 11 17 2378743.5737584955
 380 11 4 7 12 16 2384375.6183282407
 381 11 4 8 12 15 2390402.8503128733
 382 10 3 10 12 15 2396945.9110373915
 383 9 4 10 12 15 2403508.8236898775
 384 10 4 10 12 14 2409771.1548308306
 385 11 3 9 12 15 2416126.49360569
 386 11 3 9 12 15 2423294.34663871
 387 11 3 9 12 15 2429379.172464858
 388 10 3 10 12 15 2435339.3603236433
 389 11 3 9 12 15 2441865.0251499843
 390 11 3 9 12 15 2448892.5549453483
 391 10 3 10 12 15 2455383.677049414
 392 10 3 10 12 15 2462059.134044415
 393 11 3 9 12 15 2468585.711987367
 394 11 3 9 12 15 2474857.6100355308
 395 10 3 9 12 16 2481261.9975022716
 396 10 3 9 12 16 2487679.8996402277
 397 10 3 10 12 15 2494533.831313156
 398 10 3 10 12 15 2501181.8706070487
 399 9 4 10 12 15 2507700.358511618
 400 11 3 9 12 15 2514593.434583767
 401 10 4 10 12 14 2520840.957226564
 402 10 3 10 12 15 2527626.4794131718
 403 10 3 10 12 15 2534126.188550826
 404 9 5 9 12 15 2540045.536679696
 405 10 4 9 12 15 2546673.6823107097
 406 10 4 9 12 15 2552862.7338507287
 407 9 5 9 12 15 2559615.539305233
 408 9 5 9 12 15 2565937.846872896
 409 9 5 9 12 15 2572533.3820952508
 410 9 5 9 12 15 2579155.327223062
 411 9 5 9 12 15 2585686.4332491793
 412 10 3 10 11 16 2592934.980221665
 413 9 4 10 12 15 2598982.029097368
 414 9 4 10 12 15 2605563.706906346
 415 9 5 9 12 15 2612407.416349258
 416 9 5 9 12 15 2618594.156592122
 417 9 4 10 12 15 2625301.704399783
 418 9 5 9 12 15 2631813.9855480776
 419 9 5 10 12 14 2638520.8351352187
 420 9 5 10 12 14 2644928.9947017087
 421 9 5 10 12 14 2651680.710444704
 422 9 4 10 12 15 2658352.866622476
 423 9 6 9 11 15 2665080.8825432807
 424 9 5 9 12 15 2671617.6262965016
 425 9 5 9 12 15 2678012.2583292886
 426 9 4 10 12 15 2684791.8667452442
 427 9 4 10 12 15 2691624.6828337633
 428 9 4 10 12 15 2697860.376042608
 429 10 3 10 12 15 2704217.8775456753
 430 9 4 10 12 15 2711066.445176756
 431 9 4 10 12 15 2718161.5900431783
 432 9 4 10 12 15 2724628.725380101
 433 9 5 9 12 15 2730596.4262378574
 434 10 4 9 12 15 2737110.5393441846
 435 9 4 9 12 16 2743699.7663793876
 436 9 4 9 12 16 2749959.916231892
 437 9 4 9 12 16 2755861.6026524575
 438 10 3 10 12 15 2761902.0340192597
 439 10 3 10 12 15 2768512.987500644
 440 9 4 10 12 15 2775291.5130232708
 441 9 4 10 12 15 2781619.0432255464
 442 9 5 9 12 15 2788268.130084365
 443 9 4 10 12 15 2794754.0767586273
 444 9 4 10 11 16 2802063.5696545867
 445 9 4 10 12 15 2808542.417140937
 446 9 4 10 12 15 2815307.020338326
 447 9 4 10 12 15 2822040.2111523584
 448 9 4 10 12 15 2828359.094761406
 449 9 4 10 12 15 2833849.4139067703
 450 9 4 10 12 15 2840113.5662521045
 451 9 4 10 12 15 2846381.063576809
 452 9 4 10 12 15 2853105.9788630432
 453 9 4 10 12 15 2859580.1826985776
 454 9 5 10 12 14 2866741.4591426444
 455 9 5 10 12 14 2873319.5531155705
 456 9 4 10 12 15 2880371.4271490974
 457 10 4 10 12 14 2886373.97364267
 458 9 4 10 12 15 2892706.1060388074
 459 9 5 10 12 14 2899268.379794498
 460 9 4 10 12 15 2905662.4746120507
 461 9 4 10 12 15 2911750.28700585
 462 10 3 10 12 15 2918091.5644334364
 463 9 4 10 12 15 2924534.8338056756
 464 9 4 10 11 16 2930996.546828786
 465 9 4 10 11 16 2936738.777262073
 466 9 4 10 11 16 2943351.09277787
 467 9 5 9 11 16 2949402.217719672
 468 9 4 10 11 16 2956382.4651455153
 469 9 4 10 11 16 2962768.1975839795
 470 9 5 9 11 16 2969363.4329569964
 471 9 4 10 11 16 2975617.982676601
 472 10 3 10 11 16 2981939.2556112683
 473 10 4 9 11 16 2988356.1473681736
 474 10 4 9 11 16 2994671.9894472673
 475 10 3 10 11 16 3001241.636106118
 476 10 4 9 10 17 3007551.4826013464
 477 10 3 10 11 16 3014162.731171378
 478 9 4 10 11 16 3021208.2376063047
 479 10 3 10 11 16 3027849.202370197
 480 11 5 9 10 15 3030438.0829895586
 481 9 5 9 12 15 3033797.6561278575
 482 10 4 9 12 15 3037325.134845813
 483 10 4 9 12 15 3040360.4246952874
 484 9 5 9 12 15 3043078.8128452646
 485 10 4 9 12 15 3046097.7472588606
 486 10 4 9 12 15 3048650.3970369194
 487 9 5 9 12 15 3051560.910635993
 488 10 4 9 12 15 3054747.3401224143
 489 10 4 9 12 15 3057836.7532032705
 490 10 5 8 12 15 3061172.431729812
 491 9 5 9 12 15 3064816.6508992356
 492 10 5 8 12 15 3068140.6108415998
 493 9 5 9 12 15 3071227.087587601
 494 10 5 8 12 15 3074670.5392337926
 495 9 5 9 12 15 3078210.6295281057
 496 10 5 8 12 15 3081673.626021206
 497 10 5 8 12 15 3084841.998593101
 498 9 5 9 12 15 3088885.121171056
 499 9 5 9 12 15 3092093.091146848
 500 10 5 8 12 15 3096293.9091467494
 501 10 5 8 12 15 3099955.7543013436
 502 9 5 9 12 15 3103752.7327593644
 503 9 5 9 12 15 3107478.66425336
 504 9 5 9 12 15 3111640.4781601666
 505 9 5 9 12 15 3115916.416073092
 506 9 5 9 12 15 3119336.1366815222
 507 10 4 9 12 15 3123408.193554957
 508 10 5 8 12 15 3127540.6255751257
 509 9 5 9 13 14 3130940.490000946
 510 9 5 9 13 14 3134841.098571581
 511 9 5 9 13 14 3139338.683788346
 512 9 5 9 13 14 3143664.940175276
 513 9 5 9 13 14 3147809.788807813
 514 10 4 9 13 14 3151043.023612959
 515 9 5 9 13 14 3154717.6567597874
 516 9 5 9 13 14 3157897.099460998
 517 10 4 9 12 15 3161476.171082635
 518 9 5 9 12 15 3165354.28418006
 519 10 5 8 12 15 3168870.7020008713
 520 10 4 9 12 15 3172642.2498491365
 521 9 5 9 12 15 3176714.5019430243
 522 9 5 9 12 15 3179947.399303593
 523 9 5 9 12 15 3184429.851993443
 524 10 5 8 12 15 3189068.53317762
 525 10 4 9 12 15 3192969.0570319206
 526 9 4 10 12 15 3197951.9890654082
 527 10 5 8 12 15 3201474.797733016
 528 9 4 10 12 15 3205553.4224054264
 529 9 5 9 12 15 3209593.8342513265
 530 10 4 9 12 15 3213166.134649734
 531 9 4 10 11 16 3216978.693949748
 532 9 5 9 12 15 3219985.7203936665
 533 9 5 9 12 15 3223147.5122789606
 534 9 4 10 12 15 3227651.930579435
 535 9 4 10 12 15 3231098.765203761
 536 9 5 9 12 15 3233957.3345268075
 537 9 5 9 12 15 3237154.3081823415
 538 9 5 9 12 15 3241291.5487639415
 539 10 4 9 12 15 3245048.458778134
 540 10 4 9 12 15 3248407.9951951415
 541 9 5 9 12 15 3251626.605352619
 542 9 5 9 12 15 3255464.218356529
 543 9 5 9 12 15 3260172.5194118293
 544 9 5 9 12 15 3264536.361235776
 545 9 5 9 12 15 3268634.0872637397
 546 9 5 9 12 15 3273827.941995636
 547 9 5 9 12 15 3278106.268284029
 548 9 5 9 12 15 3282561.9869792946
 549 9 5 8 12 16 3286767.610119291
 550 9 5 9 12 15 3291046.5935974806
 551 9 5 9 12 15 3294992.3796177297
 552 10 5 8 12 15 3299716.749103961
 553 9 5 9 12 15 3304047.855376216
 554 9 5 9 12 15 3307589.8119809045
 555 9 5 9 12 15 3312060.635329546
 556 9 5 9 12 15 3316008.5808740924
 557 9 5 9 12 15 3320655.2061184384
 558 9 4 10 12 15 3324728.8080407297
 559 9 5 9 12 15 3328392.5710871266
 560 9 5 9 12 15 3332833.2764101964
 561 9 5 9 11 16 3337273.084639923
 562 10 4 9 12 15 3340724.8794320566
 563 10 3 10 12 15 3344658.645088754
 564 9 5 9 12 15 3348477.41671916
 565 9 5 9 12 15 3352123.2850265326
 566 10 4 9 12 15 3356434.745799265
 567 10 4 9 12 15 3360834.2454561805
 568 9 4 10 12 15 3365500.8226778335
 569 10 4 9 12 15 3369850.749967683
 570 9 4 10 12 15 3373961.4294725046
 571 10 4 9 12 15 3378221.746830894
 572 10 3 10 12 15 3382175.4986334275
 573 10 4 9 12 15 3386458.498682391
 574 10 4 9 12 15 3390862.2807963206
 575 10 4 9 12 15 3394326.0141797536
 576 10 4 9 12 15 3399068.4152791263
 577 9 5 9 12 15 3402723.914401634
 578 9 5 9 12 15 3407322.520929617
 579 10 4 9 12 15 3411425.8290765476
 580 10 4 9 12 15 3416393.9267556425
 581 10 4 9 12 15 3420878.428526908
 582 9 5 9 12 15 3424496.065663943
 583 10 4 9 12 15 3428117.9311292605
 584 11 4 8 12 15 3431224.8422079645
 585 10 4 9 12 15 3434636.7484893785
 586 10 4 9 12 15 3439100.4297211175
 587 9 5 9 12 15 3443394.8673353507
 588 10 4 9 12 15 3447250.1339431875
 589 10 4 9 12 15 3451255.153395325
 590 9 5 9 12 15 3455673.666276482
 591 10 4 8 12 16 3459254.472124028
 592 10 4 8 12 16 3463338.591366237
 593 10 4 9 11 16 3468193.3369552423
 594 9 5 9 12 15 3472278.814795937
 595 10 4 9 12 15 3476853.8450715225
 596 10 4 9 12 15 3480547.826752645
 597 10 4 9 12 15 3484911.584769581
 598 10 4 9 12 15 3489070.6284722965
 599 9 5 9 12 15 3494195.299502075
 600 9 5 9 12 15 3498326.712481513
 601 9 5 9 12 15 3502297.034954467
 602 9 5 9 12 15 3506142.939569569
 603 10 5 8 12 15 3509989.9369545053
 604 10 5 8 12 15 3513792.443876916
 605 10 5 8 12 15 3517854.831386027
 606 10 5 8 12 15 3521970.928378735
 607 10 5 8 12 15 3525707.977220177
 608 10 4 9 12 15 3529225.732856456
 609 11 4 8 12 15 3533248.9489515806
 610 9 5 9 12 15 3536944.7029269473
 611 8 6 9 12 15 3540774.1169991167
 612 8 6 9 12 15 3545141.555458628
 613 10 5 8 12 15 3549248.7069401224
 614 9 5 9 12 15 3554148.0479074637
 615 10 5 8 12 15 3558611.3119207663
 616 9 5 9 12 15 3563825.8075341363
 617 9 5 9 12 15 3567644.8576305863
 618 9 5 9 12 15 3572888.65092328
 619 10 5 8 12 15 3576901.309756603
 620 9 5 9 12 15 3581573.4712366313
 621 9 5 9 12 15 3586525.1068578307
 622 9 5 9 11 16 3592170.7936187387
 623 9 5 9 12 15 3597216.3329836093
 624 9 5 8 13 15 3602536.5715907756
 625 9 5 9 12 15 3607432.556524377
 626 9 5 9 12 15 3611332.324730851
 627 9 5 9 12 15 3615882.1464374634
 628 9 5 9 12 15 3620030.714963092
 629 9 5 9 12 15 3625065.7186983055
 630 9 5 9 12 15 3629238.5507327104
 631 10 4 9 12 15 3633926.715069157
 632 10 4 9 12 15 3637665.60428815
 633 10 4 9 12 15 3641684.7013798
 634 9 5 9 12 15 3646049.68176012
 635 9 5 9 12 15 3650685.0586751504
 636 9 5 9 12 15 3655280.164300412
 637 10 4 9 12 15 3660047.27916782
 638 10 4 9 12 15 3664537.5453409743
 639 10 4 9 12 15 3668014.0564957843
 640 10 4 9 12 15 3672589.765497067
 641 10 5 8 12 15 3676805.411603167
 642 9 5 9 12 15 3681707.6695263265
 643 10 4 9 12 15 3685548.3126191325
 644 10 4 9 12 15 3690553.455777636
 645 10 4 9 12 15 3694395.823582357
 646 10 4 9 12 15 3697803.9931499553
 647 10 4 9 12 15 3702018.292690189
 648 10 4 9 12 15 3706489.754523582
 649 9 5 9 12 15 3710962.4874371733
 650 9 5 9 12 15 3715086.5818014164
 651 9 5 9 12 15 3719185.6962382225
 652 9 5 9 11 16 3723393.2447817214
 653 9 5 9 12 15 3727099.1643774547
 654 9 5 9 12 15 3732137.4843235337
 655 9 5 9 12 15 3735717.3478162396
 656 10 4 9 12 15 3739478.6182838343
 657 9 5 9 12 15 3744440.290928886
 658 9 5 9 12 15 3748698.231907785
 659 9 5 9 12 15 3753281.0578858675
 660 10 4 9 12 15 3756671.232997603
 661 10 4 9 12 15 3761800.9106039726
 662 10 4 9 12 15 3765789.503577252
 663 9 5 9 12 15 3768754.0722970422
 664 9 5 9 12 15 3773269.0704840315
 665 9 5 9 12 15 3777580.1206781594
 666 9 5 9 12 15 3782148.7565603675
 667 9 5 9 12 15 3786127.0348036494
 668 9 5 9 12 15 3790477.4400914717
 669 9 5 9 12 15 3794573.532676156
 670 9 5 9 12 15 3799286.4180696686
 671 9 5 9 12 15 3803038.5111162295
 672 9 5 9 12 15 3807248.838821216
 673 9 5 9 12 15 3811953.0519944374
 674 9 5 9 12 15 3816297.7641746127
 675 9 5 9 12 15 3820226.667304362
 676 9 5 9 12 15 3824533.054103278
 677 9 5 9 12 15 3828777.8969875462
 678 9 5 9 12 15 3833953.300017749
 679 9 5 9 12 15 3838495.718306704
 680 10 4 9 12 15 3842955.81288257
 681 10 4 9 12 15 3847795.344389935
 682 10 4 9 11 16 3852713.323930626
 683 9 5 9 12 15 3857343.7153670923
 684 9 5 9 12 15 3862100.2213748973
 685 9 5 9 12 15 3866886.9781664014
 686 9 5 9 12 15 3871904.767881998
 687 10 4 9 12 15 3876921.3128695004
 688 9 5 9 12 15 3881595.2279018955
 689 9 5 9 12 15 3886398.1160729732
 690 9 5 9 12 15 3890461.6188813485
 691 9 5 9 12 15 3894871.2712818924
 692 9 5 9 12 15 3899237.2066597845
 693 9 5 9 12 15 3904089.8733939095
 694 9 5 9 12 15 3908793.455773734
 695 9 5 9 12 15 3914003.654092901
 696 9 5 9 12 15 3918675.726597844
 697 9 5 9 12 15 3923704.847276896
 698 9 5 9 12 15 3928262.857529696
 699 9 5 9 12 15 3932802.657942284
 700 9 5 9 12 15 3937643.4120400455
 701 9 5 9 12 15 3942712.5249263765
 702 9 5 9 12 15 3947253.2995356256
 703 9 5 9 12 15 3952463.001585314
 704 9 6 9 11 15 3957149.091933867
 705 9 5 9 12 15 3962294.564420867
 706 9 5 9 12 15 3967470.016984018
 707 9 5 9 12 15 3972050.4582020873
 708 9 5 9 12 15 3976694.003971319
 709 9 5 9 12 15 3981123.449074158
 710 9 5 9 11 16 3986087.929892643
 711 9 5 9 12 15 3990689.2171618086
 712 9 5 9 12 15 3995472.241175631
 713 9 5 9 12 15 3999963.864657125
 714 9 5 9 12 15 4004252.9576419294
 715 9 5 9 12 15 4008703.743620342
 716 9 5 9 12 15 4012183.517766299
 717 9 5 9 12 15 4017173.485263824
 718 10 4 9 12 15 4021554.86021141
 719 10 4 9 12 15 4025364.919286749
 720 12 6 10 10 12 4025742.458920021
 721 12 6 10 10 12 4026360.8582086675
 722 12 5 10 10 13 4027496.356889054
 723 11 4 10 12 13 4027885.9291627975
 724 11 4 10 12 13 4029304.902757806
 725 11 4 10 12 13 4029674.5560117965
 726 11 4 10 12 13 4030364.544379543
 727 11 4 10 12 13 4030636.3525363333
 728 12 4 9 12 13 4031619.8300520373
 729 12 4 9 12 13 4033041.1092105694
 730 12 4 9 12 13 4034007.4309084103
 731 11 4 9 12 14 4034495.3505522353
 732 11 4 9 12 14 4035855.4651424945
 733 9 5 10 12 14 4036986.920151291
 734 11 4 9 12 14 4037985.563633825
 735 11 4 9 12 14 4039125.783834274
 736 11 4 9 12 14 4039967.814737953
 737 11 4 9 12 14 4040713.113304255
 738 11 4 9 12 14 4041194.8004690637
 739 11 4 9 12 14 4041637.3754780055
 740 10 5 9 12 14 4042650.0540155126
 741 10 5 9 12 14 4043748.1004510876
 742 10 4 10 12 14 4044538.855361915
 743 10 4 10 12 14 4045028.6829490275
 744 11 4 9 12 14 4046018.403474403
 745 10 4 10 12 14 4047362.4591090893
 746 11 4 9 13 13 4048576.118921427
 747 10 4 10 13 13 4049379.5855725347
 748 11 4 9 13 13 4051056.8558534146
 749 11 4 9 13 13 4051989.2476745886
 750 10 3 11 13 13 4053296.5415390437
 751 11 3 10 13 13 4054276.141768528
 752 11 3 10 13 13 4055087.104669556
 753 11 4 10 12 13 4055639.6495663007
 754 11 3 10 13 13 4056393.675715587
 755 11 3 10 13 13 4057365.333354713
 756 11 3 10 13 13 4058097.4796249396
 757 11 3 10 13 13 4059022.5431156387
 758 11 3 10 13 13 4060326.7899220763
 759 10 4 11 13 12 4061821.4971690895
 760 10 4 10 13 13 4063136.4106347864
 761 11 3 10 13 13 4064714.6112149786
 762 9 4 11 13 13 4066352.233530996
 763 11 3 10 12 14 4067671.297556064
 764 11 3 10 12 14 4069228.5271553933
 765 10 5 9 12 14 4070632.1845926475
 766 10 4 10 12 14 4072275.1993530905
 767 11 4 9 12 14 4073593.6954276715
 768 10 4 10 12 14 4075318.470544738
 769 11 4 9 12 14 4076754.1376885553
 770 10 4 10 12 14 4077634.4277498303
 771 11 4 9 12 14 4079060.7375482917
 772 11 4 8 12 15 4080757.2832742627
 773 11 3 10 12 14 4082028.7731972807
 774 11 3 10 12 14 4083442.4893616564
 775 11 3 10 12 14 4084044.0388879837
 776 10 4 11 12 13 4085068.624767549
 777 11 3 10 12 14 4086641.137802535
 778 11 3 9 12 15 4087864.5175246955
 779 11 4 8 12 15 4089475.371280485
 780 11 4 8 12 15 4091024.6883926895
 781 10 3 10 12 15 4092482.1776096495
 782 10 3 10 11 16 4094329.8206470157
 783 10 3 10 12 15 4095685.1717820573
 784 11 4 8 12 15 4097790.9206880676
 785 11 4 8 12 15 4098609.2284997483
 786 10 4 8 12 16 4100317.4649312776
 787 11 4 8 12 15 4101703.3466776307
 788 10 4 9 12 15 4103493.453897704
 789 11 3 9 12 15 4104735.0925938236
 790 11 4 8 12 15 4106775.2457676586
 791 11 4 8 12 15 4108255.351804072
 792 10 4 10 12 14 4110239.6211979343
 793 11 4 9 12 14 4111417.350132421
 794 10 4 10 12 14 4113255.9528475255
 795 12 3 10 12 13 4114405.5432119374
 796 11 4 9 12 14 4115815.7762204343
 797 11 4 10 12 13 4117230.1470842957
 798 11 4 9 12 14 4119397.4058977324
 799 11 3 10 12 14 4120613.7869197023
 800 10 4 10 12 14 4122006.00650485
 801 11 4 9 12 14 4123660.2787236464
 802 11 4 9 12 14 4124877.933485466
 803 11 4 9 12 14 4126507.3419990796
 804 11 4 9 12 14 4127372.6106810845
 805 10 4 10 12 14 4128739.0147105646
 806 11 4 9 12 14 4129887.329861978
 807 10 4 10 12 14 4130663.021865617
 808 11 4 9 12 14 4132240.5497248275
 809 11 4 9 12 14 4133213.4262848203
 810 11 3 10 12 14 4134660.4022886185
 811 10 3 11 12 14 4135843.4017826854
 812 11 3 10 12 14 4137285.112873524
 813 11 3 10 12 14 4138543.4396494953
 814 11 3 10 12 14 4140415.847514499
 815 10 3 11 12 14 4141594.963622244
 816 11 3 10 12 14 4142963.280526825
 817 11 3 10 12 14 4143805.7276337193
 818 11 3 10 12 14 4145371.03366411
 819 11 3 10 12 14 4145883.726386645
 820 11 4 10 11 14 4148024.522980226
 821 10 3 11 12 14 4149476.499361785
 822 11 3 10 12 14 4151046.9232130386
 823 10 4 10 12 14 4152616.8606063807
 824 10 4 10 12 14 4154385.699246036
 825 10 4 10 12 14 4155207.0003288602
 826 11 3 10 12 14 4155992.783819605
 827 10 4 11 12 13 4156745.5713762613
 828 10 3 11 12 14 4157757.8558059703
 829 10 3 11 12 14 4158955.8422120297
 830 10 3 11 12 14 4160342.273920557
 831 11 3 10 12 14 4161754.909305823
 832 11 4 9 12 14 4162752.7878687847
 833 10 5 9 12 14 4164619.7553842836
 834 11 3 10 12 14 4166263.7077565547
 835 11 4 9 12 14 4167457.3036793955
 836 11 4 9 12 14 4168738.1090378286
 837 11 3 11 12 13 4169763.3925350946
 838 11 4 9 12 14 4170703.854902489
 839 11 4 9 12 14 4172396.3073416655
 840 11 3 10 12 14 4173716.091080042
 841 9 5 10 12 14 4176179.2314944463
 842 10 4 10 12 14 4177437.765880223
 843 10 4 10 12 14 4179127.115519731
 844 10 4 10 12 14 4180546.90644902
 845 10 3 11 12 14 4181552.156646019
 846 10 4 10 12 14 4182938.0596329863
 847 10 3 11 12 14 4184640.2150059436
 848 10 4 10 12 14 4186419.7406569477
 849 10 3 11 12 14 4187858.525573828
 850 10 4 10 12 14 4189243.073614714
 851 10 4 10 12 14 4190638.924277693
 852 10 4 10 12 14 4192764.31506192
 853 9 4 11 12 14 4194313.393496294
 854 10 4 10 12 14 4195899.153102661
 855 10 4 10 12 14 4197704.590448191
 856 10 4 10 12 14 4198760.805010618
 857 10 4 10 12 14 4200043.070732435
 858 10 4 10 11 15 4201677.681833317
 859 10 4 10 12 14 4203525.772138003
 860 10 4 10 12 14 4205138.704505458
 861 11 4 9 12 14 4207163.459136289
 862 10 3 11 12 14 4208425.5394323785
 863 11 4 9 12 14 4209725.908244003
 864 11 4 9 12 14 4212002.875071972
 865 11 3 10 12 14 4213826.798977844
 866 11 4 9 12 14 4214969.490889155
 867 11 4 9 12 14 4216281.199225566
 868 11 4 9 12 14 4217597.743886619
 869 11 5 9 12 13 4218710.606779937
 870 11 4 9 12 14 4220405.270885218
 871 11 4 9 12 14 4221885.200090035
 872 11 4 9 12 14 4224258.368648458
 873 11 4 9 12 14 4225686.907238337
 874 10 4 10 12 14 4227413.580493366
 875 10 4 10 12 14 4228753.763630823
 876 10 4 10 12 14 4230659.21071906
 877 10 4 10 12 14 4231884.042806437
 878 10 4 9 12 15 4233205.999706313
 879 10 4 10 12 14 4234640.386532253
 880 10 4 10 12 14 4236327.605193075
 881 10 4 10 12 14 4237989.3521584375
 882 10 4 10 12 14 4239383.696871371
 883 10 4 10 12 14 4240634.377730731
 884 11 4 9 12 14 4241764.132576713
 885 10 3 11 12 14 4243150.8136794325
 886 10 3 11 12 14 4244804.056863976
 887 11 3 9 12 15 4245650.099229188
 888 10 3 10 12 15 4247285.527563462
 889 11 3 9 12 15 4248637.77047289
 890 11 3 9 12 15 4250165.569814446
 891 11 3 9 12 15 4251621.140854169
 892 11 3 9 12 15 4252571.586851587
 893 10 3 11 12 14 4253923.179144898
 894 11 3 10 12 14 4255838.66691607
 895 11 3 10 11 15 4257287.553896148
 896 11 3 10 11 15 4259642.447177309
 897 11 3 9 12 15 4261092.791722203
 898 10 4 9 12 15 4263059.180953179
 899 11 4 8 12 15 4264033.850984562
 900 10 4 9 12 15 4265877.83945894
 901 11 3 9 12 15 4267373.145566671
 902 11 3 9 12 15 4269289.529601756
 903 10 3 10 12 15 4270605.28551209
 904 11 3 9 12 15 4271790.694773356
 905 10 3 10 12 15 4273159.607001647
 906 11 3 9 12 15 4274708.899812336
 907 11 3 9 12 15 4275800.713617567
 908 10 4 10 12 14 4276838.448491295
 909 11 4 9 12 14 4278521.6411316255
 910 11 3 9 12 15 4279714.809759232
 911 10 3 10 12 15 4281334.205460885
 912 11 3 9 12 15 4282845.026856352
 913 11 3 9 12 15 4284555.622534145
 914 11 3 9 12 15 4285930.427758044
 915 11 3 9 12 15 4287942.129775553
 916 9 4 10 12 15 4288897.592503227
 917 11 3 9 12 15 4290726.271871026
 918 9 5 10 12 14 4292209.8886711905
 919 11 4 9 12 14 4292931.669960184
 920 11 4 9 12 14 4294787.504717571
 921 11 3 9 12 15 4296314.484202065
 922 11 3 9 12 15 4298005.5502830325
 923 10 3 10 12 15 4299149.4996717535
 924 10 3 10 12 15 4300354.881045618
 925 10 3 10 12 15 4301679.871058938
 926 10 3 10 12 15 4303537.539735943
 927 10 3 9 12 16 4304778.841841535
 928 10 3 9 12 16 4305674.671709328
 929 10 3 9 12 16 4307444.640050868
 930 10 3 9 12 16 4309394.03635363
 931 10 3 9 11 17 4311067.60512212
 932 11 3 9 12 15 4312594.169371937
 933 10 3 10 12 15 4314420.106434743
 934 11 3 9 12 15 4315667.4759600535
 935 10 3 10 12 15 4316771.4980362
 936 11 3 9 12 15 4318510.739775667
 937 11 3 9 12 15 4319673.01613574
 938 11 3 9 12 15 4321073.136544352
 939 10 3 10 12 15 4322316.141309077
 940 11 3 9 12 15 4323820.124597373
 941 10 3 10 12 15 4325402.713453434
 942 11 3 9 12 15 4327390.690578451
 943 11 3 9 12 15 4329573.629024411
 944 11 4 10 12 13 4331443.394535118
 945 11 3 10 12 14 4332997.612960491
 946 11 3 10 12 14 4334310.916619547
 947 11 4 10 12 13 4335950.135236946
 948 11 4 10 12 13 4336798.778201786
 949 11 4 10 12 13 4338030.4502818175
 950 10 3 12 12 13 4338886.709396641
 951 10 4 11 12 13 4339989.020278065
 952 10 4 10 12 14 4341496.7344330475
 953 10 4 10 12 14 4343492.246188406
 954 9 5 10 12 14 4345299.619134475
 955 10 4 10 12 14 4347152.184319653
 956 10 4 10 12 14 4348969.655699576
 957 10 5 9 12 14 4350406.394470811
 958 10 4 10 12 14 4352430.330326296
 959 10 4 10 12 14 4354141.148123414
 960 10 4 10 12 14 4355862.975949392
 961 10 4 10 12 14 4357505.977721159
 962 11 3 10 12 14 4359352.061067229
 963 10 3 11 12 14 4360941.480817791
 964 10 2 12 12 14 4362435.526424907
 965 10 3 11 12 14 4364314.755614995
 966 10 3 11 12 14 4366243.038576786
 967 10 3 11 12 14 4367560.723996035
 968 10 2 12 11 15 4368617.964666235
 969 10 3 11 12 14 4369896.757461538
 970 10 3 11 12 14 4371344.588568849
 971 10 3 11 12 14 4372757.216655492
 972 10 3 11 12 14 4374507.85200011
 973 10 3 11 12 14 4375545.1113052135
 974 10 3 11 12 14 4377291.2271692
 975 11 3 9 12 15 4378785.476083463
 976 11 3 9 12 15 4380326.01682971
 977 10 3 10 12 15 4381471.784488396
 978 10 3 10 12 15 4383591.1742343595
 979 10 3 10 12 15 4385272.98003779
 980 10 2 11 12 15 4386586.355381281
 981 10 3 10 12 15 4388217.031428676
 982 11 3 9 12 15 4389502.4365980895
 983 10 3 10 12 15 4391477.930289298
 984 10 4 9 12 15 4393273.377566838
 985 10 5 8 12 15 4394451.057298745
 986 10 3 10 12 15 4395941.755567366
 987 11 3 9 12 15 4397946.613889826
 988 11 3 9 12 15 4399474.238295356
 989 10 4 9 12 15 4401538.306453516
 990 10 4 9 12 15 4402807.266380773
 991 11 4 8 12 15 4404400.578156378
 992 10 4 9 12 15 4405767.521338449
 993 11 4 8 12 15 4407090.067480752
 994 11 3 9 12 15 4408710.377976832
 995 11 3 9 12 15 4410503.94595989
 996 11 3 9 12 15 4412978.246164
 997 10 3 10 12 15 4414037.0215495
 998 10 3 10 13 14 4415804.354959222
 999 10 3 10 13 14 4417524.946629851
 1000 10 3 10 13 14 4418798.494113696
 1001 10 3 10 13 14 4420345.665789797
 1002 10 3 10 13 14 4421304.208799483
 1003 10 3 10 13 14 4423048.994478436
 1004 10 3 10 13 14 4424399.986863659
 1005 10 4 9 12 15 4425682.144096395
 1006 10 3 10 13 14 4426930.035217735
 1007 10 4 9 13 14 4427875.4025424635
 1008 10 4 9 13 14 4429715.020065192
 1009 10 3 10 13 14 4431526.423498244
 1010 10 4 9 13 14 4433067.7903316375
 1011 10 3 10 13 14 4435050.04587656
 1012 10 3 10 13 14 4436790.410871743
 1013 10 3 10 13 14 4439030.502649333
 1014 10 3 10 13 14 4440614.549146719
 1015 10 3 10 13 14 4442120.51914444
 1016 10 3 10 13 14 4443730.541234064
 1017 10 4 9 13 14 4444965.923064032
 1018 10 4 9 13 14 4447224.400349252
 1019 10 3 10 13 14 4449239.801235791
 1020 10 4 9 13 14 4451555.370784595
 1021 11 4 8 13 14 4452545.469788921
 1022 11 3 9 13 14 4454363.522628479
 1023 11 4 8 13 14 4455325.480199526
 1024 10 4 9 13 14 4457290.694354942
 1025 10 4 9 13 14 4459387.760213627
 1026 10 4 9 13 14 4461280.783917071
 1027 10 4 9 13 14 4463311.562914947
 1028 10 4 9 13 14 4465316.846445408
 1029 10 3 10 13 14 4467044.597122655
 1030 11 4 8 13 14 4468846.916007681
 1031 11 3 9 13 14 4470548.379247815
 1032 11 3 9 13 14 4471624.512176895
 1033 11 4 8 13 14 4473155.360445149
 1034 11 4 8 13 14 4475698.361262316
 1035 10 3 10 13 14 4476759.596635925
 1036 10 4 9 13 14 4478878.565458169
 1037 10 4 9 13 14 4480224.405054843
 1038 10 3 10 13 14 4482182.99184148
 1039 11 3 9 13 14 4483309.445771975
 1040 10 4 9 13 14 4485498.091388184
 1041 9 4 10 13 14 4486633.414471021
 1042 10 4 9 13 14 4488176.797759872
 1043 11 3 9 13 14 4489717.330162779
 1044 11 4 9 11 15 4491689.2561094975
 1045 10 3 10 12 15 4493451.685053871
 1046 11 3 9 12 15 4495534.341902806
 1047 11 3 9 12 15 4496851.078601076
 1048 11 3 9 12 15 4498684.895306003
 1049 10 4 10 12 14 4499505.933074156
 1050 10 4 9 12 15 4501272.443687833
 1051 11 4 8 12 15 4502416.133787091
 1052 11 5 7 12 15 4504211.378077533
 1053 11 4 8 12 15 4505771.295265065
 1054 11 3 9 12 15 4506893.424927254
 1055 10 4 9 12 15 4508225.6683866875
 1056 11 4 8 12 15 4510264.788373378
 1057 11 3 9 12 15 4512142.015318582
 1058 11 4 8 12 15 4513616.943005841
 1059 10 4 9 12 15 4515044.722176544
 1060 10 3 10 12 15 4515815.410563651
 1061 11 4 8 12 15 4517148.060972127
 1062 11 4 8 12 15 4518493.50075548
 1063 11 4 8 12 15 4519505.893098681
 1064 10 4 10 12 14 4520469.771198041
 1065 11 5 7 12 15 4521908.67528975
 1066 10 5 8 12 15 4523449.319328405
 1067 11 4 8 12 15 4525353.12603154
 1068 11 4 8 12 15 4526611.629508203
 1069 10 4 9 12 15 4528306.963826805
 1070 11 4 8 12 15 4529109.096558567
 1071 11 3 9 12 15 4531108.4211829845
 1072 10 4 10 11 15 4536656.433960412
 1073 10 4 9 12 15 4542006.371221763
 1074 9 4 11 12 14 4547539.553502821
 1075 9 4 10 12 15 4553487.7284672875
 1076 9 4 10 12 15 4558984.14383304
 1077 10 3 10 12 15 4564456.293770176
 1078 10 3 10 12 15 4570152.667155545
 1079 10 4 9 12 15 4575958.154925088
 1080 9 4 10 12 15 4581730.509231127
 1081 10 4 9 12 15 4587243.490778435
 1082 10 4 9 12 15 4593310.395473476
 1083 10 4 9 12 15 4598782.253985747
 1084 10 3 10 12 15 4605006.901405206
 1085 9 4 10 12 15 4611428.102474816
 1086 9 4 10 12 15 4617853.490907531
 1087 9 4 10 12 15 4623659.050109508
 1088 10 3 10 12 15 4630227.770273751
 1089 10 3 10 12 15 4636133.5744692935
 1090 9 4 10 12 15 4642378.585409415
 1091 9 4 10 12 15 4648015.627447869
 1092 9 5 9 12 15 4654745.621707909
 1093 9 5 9 12 15 4661202.449072166
 1094 10 3 10 12 15 4666923.7912879605
 1095 10 4 9 12 15 4672650.619897499
 1096 10 3 10 11 16 4678200.892654975
 1097 10 3 10 12 15 4683656.8088905625
 1098 10 4 9 12 15 4688357.4247795725
 1099 10 4 9 12 15 4694342.150672567
 1100 9 5 9 12 15 4700376.994805537
 1101 10 4 9 12 15 4705542.016663048
 1102 10 4 9 12 15 4711813.006883114
 1103 10 3 10 12 15 4717173.5196928615
 1104 9 5 9 11 16 4723292.141775121
 1105 10 3 10 11 16 4728985.001680083
 1106 10 3 10 11 16 4734233.788456027
 1107 10 4 9 11 16 4739960.741641158
 1108 10 4 9 11 16 4746033.315993685
 1109 10 3 10 11 16 4751761.0385417035
 1110 10 3 10 11 16 4757257.030175306
 1111 10 4 9 11 16 4763567.267500568
 1112 9 4 10 11 16 4769759.29399108
 1113 9 5 9 11 16 4775752.0279544005
 1114 10 3 10 11 16 4781611.399167675
 1115 9 3 11 11 16 4786527.089660295
 1116 10 3 9 11 17 4792967.760197847
 1117 10 3 9 11 17 4798489.214350067
 1118 10 4 8 11 17 4804027.931711991
 1119 10 4 9 11 16 4810454.492413839
 1120 10 4 9 11 16 4815769.345297144
 1121 10 4 9 11 16 4821498.3344749
 1122 9 4 10 11 16 4827077.48573129
 1123 9 4 10 11 16 4832653.454288088
 1124 9 4 10 11 16 4838957.976267254
 1125 9 4 10 11 16 4844633.384887756
 1126 9 4 10 11 16 4850596.1588061415
 1127 9 4 10 11 16 4857249.801829655
 1128 9 4 10 11 16 4863362.921892259
 1129 10 3 10 11 16 4869288.5188740315
 1130 9 4 10 11 16 4875384.351721811
 1131 9 4 10 10 17 4881075.548165382
 1132 9 4 10 11 16 4887169.666261796
 1133 9 4 10 11 16 4893491.55704579
 1134 9 4 10 11 16 4899222.660321355
 1135 9 4 10 11 16 4904561.898321123
 1136 9 4 10 11 16 4910409.994523173
 1137 9 5 9 11 16 4915824.331177721
 1138 9 4 10 11 16 4921339.503695663
 1139 9 4 10 11 16 4926999.001703683
 1140 9 4 10 11 16 4933141.797572833
 1141 9 4 10 11 16 4939198.686862073
 1142 9 4 10 11 16 4945552.407945699
 1143 9 4 10 11 16 4951536.331233879
 1144 9 4 10 11 16 4957650.7630891455
 1145 9 4 10 11 16 4962570.534917278
 1146 9 4 10 11 16 4968649.021972944
 1147 9 4 10 11 16 4974627.461006726
 1148 9 5 9 11 16 4980849.012619438
 1149 9 5 9 11 16 4986317.773139365
 1150 9 3 11 11 16 4992939.073617797
 1151 10 4 9 11 16 4999262.855425225
 1152 10 3 10 11 16 5004545.322340823
 1153 9 4 10 11 16 5010654.62059907
 1154 9 5 9 11 16 5016749.596841005
 1155 9 5 9 11 16 5022873.673261233
 1156 9 4 10 11 16 5029013.056445135
 1157 9 4 10 11 16 5035116.821075937
 1158 10 3 10 11 16 5041458.184868737
 1159 10 3 10 11 16 5046895.044152081
 1160 10 3 9 11 17 5052807.229742099
 1161 10 3 9 11 17 5059117.69281519
 1162 10 3 10 11 16 5065008.2892512325
 1163 10 3 10 11 16 5070101.347289343
 1164 9 4 10 11 16 5075831.423296895
 1165 10 4 9 10 17 5081171.271662054
 1166 10 3 10 11 16 5087057.1630704645
 1167 9 4 10 11 16 5093240.452457401
 1168 10 3 10 11 16 5099185.676840048
 1169 9 4 10 11 16 5104714.067323395
 1170 9 4 10 11 16 5110174.861789321
 1171 10 3 10 11 16 5115718.742493716
 1172 10 3 10 11 16 5121293.136916345
 1173 10 4 9 11 16 5126584.376746274
 1174 10 2 11 11 16 5131888.998808406
 1175 10 3 10 11 16 5138280.264174354
 1176 9 5 9 11 16 5144007.2328921715
 1177 9 4 10 11 16 5150127.878124718
 1178 9 4 10 11 16 5155318.63276278
 1179 9 4 10 11 16 5161055.0133142015
 1180 9 4 10 11 16 5167137.428210953
 1181 9 4 11 11 15 5173374.673033752
 1182 9 4 11 11 15 5178570.894624206
 1183 9 4 10 11 16 5184344.875067541
 1184 9 4 10 11 16 5189603.060237796
 1185 9 4 11 11 15 5196166.656162488
 1186 9 4 11 11 15 5202213.051271285
 1187 9 4 11 11 15 5208613.587378862
 1188 9 4 11 11 15 5215108.604369784
 1189 9 5 9 11 16 5220850.5319960825
 1190 9 5 10 11 15 5227414.5830289265
 1191 9 4 10 11 16 5233084.473030707
 1192 9 5 9 11 16 5239647.369239502
 1193 9 4 10 11 16 5245594.744872899
 1194 9 4 11 11 15 5250898.099117402
 1195 9 3 11 11 16 5256914.0087970765
 1196 9 5 9 11 16 5262817.643374133
 1197 9 4 10 11 16 5269270.900897398
 1198 10 3 10 11 16 5275121.737939144
 1199 10 4 9 10 17 5280981.193211313
 1200 10 3 9 11 17 5286663.444198782
 1201 10 3 10 11 16 5292983.012769562
 1202 10 4 9 11 16 5299603.528342806
 1203 9 4 10 11 16 5306148.1685865
 1204 9 5 9 11 16 5312871.36361501
 1205 11 3 10 12 14 5318002.166182426
 1206 11 4 9 12 14 5323757.01537773
 1207 11 3 10 12 14 5329581.536969763
 1208 11 3 9 12 15 5335437.711028539
 1209 10 4 10 12 14 5341620.883525412
 1210 10 4 9 12 15 5347995.645354432
 1211 10 4 10 12 14 5353856.355909926
 1212 10 5 9 12 14 5359577.521353072
 1213 10 5 9 12 14 5365468.814215358
 1214 10 5 9 12 14 5370963.218561993
 1215 11 4 9 12 14 5376694.162768292
 1216 11 4 9 12 14 5382813.708201341
 1217 11 4 9 12 14 5388312.400667545
 1218 11 3 10 12 14 5394017.425239844
 1219 10 5 9 12 14 5399001.160066732
 1220 10 5 9 12 14 5404549.675123399
 1221 10 5 9 12 14 5410162.497886329
 1222 10 3 10 12 15 5415592.34808058
 1223 10 3 10 12 15 5421089.288315293
 1224 10 3 10 12 15 5427292.189588755
 1225 10 3 10 12 15 5433498.486641157
 1226 9 4 10 12 15 5439832.406987038
 1227 10 4 9 12 15 5444343.568036599
 1228 10 4 9 12 15 5450098.178449266
 1229 10 3 10 12 15 5455512.867945386
 1230 10 3 10 11 16 5461697.074261091
 1231 10 4 9 12 15 5467534.942494596
 1232 10 4 9 12 15 5473521.559808736
 1233 10 4 9 12 15 5479088.299700934
 1234 10 3 9 12 16 5485489.8103758395
 1235 10 4 9 12 15 5491220.956814386
 1236 10 4 9 12 15 5497673.290456533
 1237 10 4 9 12 15 5503913.0007860605
 1238 10 3 10 12 15 5509897.889954455
 1239 10 3 10 12 15 5515808.156509438
 1240 10 3 10 12 15 5521186.976741701
 1241 9 5 10 12 14 5527320.733169462
 1242 10 4 9 12 15 5533564.794033543
 1243 9 5 9 12 15 5539289.357072676
 1244 10 4 10 12 14 5545761.811881437
 1245 10 3 10 12 15 5551429.333891865
 1246 10 3 10 12 15 5558160.690568584
 1247 9 5 9 12 15 5563679.836881441
 1248 10 3 10 12 15 5569587.354285005
 1249 10 3 10 12 15 5575895.638930272
 1250 10 3 10 12 15 5581828.4313231185
 1251 10 4 9 12 15 5587948.913012833
 1252 10 4 9 12 15 5593878.791697829
 1253 9 4 10 12 15 5599379.898984552
 1254 9 4 10 12 15 5605793.596352849
 1255 9 4 10 12 15 5611754.689318751
 1256 9 4 10 12 15 5617470.002300881
 1257 9 4 10 12 15 5623432.7781178
 1258 9 4 10 11 16 5630231.152095001
 1259 10 3 10 12 15 5636307.348968605
 1260 10 3 10 12 15 5642213.717556431
 1261 10 3 10 12 15 5648339.240829309
 1262 10 3 10 12 15 5654197.2940524565
 1263 10 3 10 12 15 5660813.157687258
 1264 9 4 11 12 14 5666756.015317475
 1265 9 4 11 12 14 5672943.898060249
 1266 9 4 11 12 14 5679091.490972382
 1267 10 3 11 12 14 5685195.064754853
 1268 10 4 10 12 14 5691603.735715249
 1269 10 3 10 12 15 5698010.239916379
 1270 11 4 9 12 14 5704656.2703602575
 1271 11 3 10 12 14 5710324.207106391
 1272 10 4 10 12 14 5716057.1750514
 1273 11 3 10 12 14 5722412.791834405
 1274 11 3 9 12 15 5727749.913015064
 1275 10 3 10 12 15 5733949.226119087
 1276 10 3 10 12 15 5739492.2105926685
 1277 10 3 10 12 15 5746392.670102103
 1278 10 4 8 12 16 5752955.624442896
 1279 10 3 10 12 15 5758911.56503519
 1280 10 3 10 12 15 5765062.533685311
 1281 10 3 10 12 15 5771235.873499024
 1282 10 3 10 12 15 5776953.576068801
 1283 10 3 10 11 16 5782912.71744388
 1284 10 3 10 12 15 5788260.107943221
 1285 10 3 10 12 15 5794375.128696455
 1286 10 3 10 12 15 5799751.478478026
 1287 10 3 10 12 15 5806098.14754125
 1288 10 3 10 12 15 5811460.560752882
 1289 9 4 10 12 15 5818181.119035263
 1290 9 4 10 12 15 5824757.714083931
 1291 9 4 10 12 15 5831560.8876158
 1292 9 4 10 12 15 5837736.140574093
 1293 10 3 10 12 15 5844668.249474686
 1294 10 3 10 12 15 5850304.781977684
 1295 10 3 10 12 15 5857081.614260123
 1296 10 3 10 12 15 5862610.791051564
 1297 10 3 10 12 15 5868485.161940589
 1298 10 3 10 12 15 5874686.123913783
 1299 10 3 10 12 15 5881855.41193414
 1300 9 4 10 12 15 5887286.339617666
 1301 9 4 10 12 15 5893855.892661498
 1302 9 4 10 12 15 5899015.374957515
 1303 9 4 10 12 15 5905664.08318878
 1304 9 4 10 12 15 5912172.811557859
 1305 9 5 9 12 15 5918280.064347682
 1306 9 5 9 11 16 5923934.190220875
 1307 9 4 10 12 15 5929892.526690586
 1308 10 3 10 12 15 5934998.490883039
 1309 10 3 10 12 15 5940296.24482928
 1310 10 3 10 12 15 5946023.951435514
 1311 10 3 10 12 15 5951362.517066891
 1312 10 3 10 12 15 5956734.280646295
 1313 10 4 10 12 14 5962855.385162061
 1314 10 3 10 12 15 5968268.613963851
 1315 9 4 10 12 15 5974504.260497497
 1316 10 3 10 12 15 5980225.334073847
 1317 10 3 10 12 15 5986794.162798714
 1318 10 3 10 12 15 5991740.87078208
 1319 10 3 10 12 15 5997789.706830837
 1320 10 3 10 12 15 6003979.457504729
 1321 10 3 10 12 15 6009723.706299617
 1322 10 3 10 12 15 6014748.902991866
 1323 10 3 10 12 15 6020808.135811899
 1324 10 3 10 12 15 6026890.709247358
 1325 10 3 10 12 15 6033215.579621363
 1326 9 5 9 12 15 6039212.239774723
 1327 9 5 9 12 15 6045438.714700874
 1328 9 5 9 12 15 6051155.020832621
 1329 10 4 10 12 14 6058087.179202115
 1330 10 3 10 11 16 6063634.874385488
 1331 10 3 11 12 14 6069485.414529132
 1332 10 3 11 12 14 6075941.24286725
 1333 9 4 11 12 14 6082231.578937498
 1334 10 3 11 12 14 6087424.544531159
 1335 9 4 11 12 14 6093422.448943889
 1336 9 5 10 12 14 6099077.929517641
 1337 9 4 11 12 14 6105403.461019411
 1338 10 3 11 12 14 6111745.126196925
 1339 10 4 9 12 15 6117734.111304891
 1340 10 3 10 12 15 6123925.605367138
 1341 10 3 10 12 15 6129344.909847362
 1342 10 3 10 12 15 6135409.8652338805
 1343 10 4 9 12 15 6141115.469855956
 1344 10 4 9 12 15 6147212.880174783
 1345 9 4 10 12 15 6152827.856329696
 1346 9 5 9 12 15 6159645.374367673
 1347 9 5 8 11 17 6166119.902045787
 1348 9 4 9 12 16 6172932.438033186
 1349 10 3 10 12 15 6179155.577297028
 1350 10 3 10 12 15 6185618.657200788
 1351 10 3 10 12 15 6191495.795856417
 1352 10 4 9 12 15 6197990.38398157
 1353 10 3 11 12 14 6203740.022401008
 1354 9 5 11 12 13 6210440.742641052
 1355 10 3 11 12 14 6216388.431509047
 1356 10 3 11 12 14 6223074.24858419
 1357 9 4 11 12 14 6229104.558027408
 1358 9 4 11 12 14 6236854.251833161
 1359 9 5 10 12 14 6244165.787201676
 1360 9 4 10 12 15 6251110.817339301
 1361 9 4 10 12 15 6257535.4993308615
 1362 9 4 10 12 15 6263388.400176972
 1363 9 4 10 12 15 6269308.470623199
 1364 10 3 10 11 16 6275512.282185428
 1365 10 5 9 12 14 6281465.331950273
 1366 10 4 9 12 15 6287290.822880969
 1367 9 6 9 12 14 6293886.518253126
 1368 10 4 9 12 15 6300371.301376462
 1369 10 3 10 12 15 6306625.235094
 1370 10 4 9 12 15 6312578.365926677
 1371 10 3 10 12 15 6319131.560905579
 1372 10 3 10 12 15 6324939.668015723
 1373 10 4 9 12 15 6330965.218270831
 1374 10 4 9 12 15 6337247.329430896
 1375 10 4 9 12 15 6343361.766480208
 1376 10 3 10 12 15 6349358.390298202
 1377 10 4 8 12 16 6355685.767219109
 1378 10 3 9 12 16 6361616.073066111
 1379 10 3 9 12 16 6367636.312760448
 1380 10 3 9 12 16 6373488.228150444
 1381 10 4 8 11 17 6380002.705704812
 1382 9 4 10 12 15 6386316.550709916
 1383 10 3 10 12 15 6392789.785863471
 1384 10 3 10 12 15 6398804.2475635875
 1385 10 3 11 12 14 6404978.352094543
 1386 10 3 11 12 14 6411278.745743372
 1387 10 3 10 12 15 6417930.000059284
 1388 10 3 10 12 15 6424489.311162843
 1389 10 3 10 12 15 6430832.189427812
 1390 9 5 9 12 15 6437072.561978183
 1391 10 4 10 12 14 6443040.572804311
 1392 10 3 10 12 15 6449639.013358132
 1393 10 3 10 12 15 6456027.001179968
 1394 10 3 10 12 15 6462260.846393905
 1395 10 3 10 12 15 6469222.497035818
 1396 10 3 10 12 15 6474885.448592446
 1397 10 3 11 12 14 6481323.668084763
 1398 10 3 10 12 15 6487274.635138279
 1399 9 5 10 12 14 6493033.000768973
 1400 9 4 10 12 15 6499584.602314627
 1401 10 3 11 12 14 6505508.293637753
 1402 10 3 11 12 14 6511662.963988802
 1403 9 4 10 12 15 6517547.018418635
 1404 10 4 9 12 15 6523632.940232378
 1405 10 3 10 11 16 6529858.862883279
 1406 10 4 8 12 16 6536427.7604473485
 1407 10 3 10 12 15 6542066.443540733
 1408 10 4 9 12 15 6546881.22315021
 1409 10 4 9 12 15 6552740.85771513
 1410 10 3 10 12 15 6558107.776804469
 1411 9 4 9 12 16 6563961.350246405
 1412 10 3 10 12 15 6568906.741343412
 1413 9 5 9 12 15 6574670.273836976
 1414 10 3 10 12 15 6580715.158899997
 1415 10 4 9 12 15 6585734.196098935
 1416 10 4 9 12 15 6592589.066642319
 1417 10 4 9 12 15 6598843.1842327425
 1418 10 4 9 12 15 6604386.897352151
 1419 10 4 9 12 15 6610556.7323762365
 1420 10 3 10 12 15 6616650.084820882
 1421 9 5 9 12 15 6622900.919352317
 1422 10 4 9 12 15 6629456.094229991
 1423 10 3 10 12 15 6635202.772782189
 1424 10 4 9 12 15 6641782.2939744
 1425 9 5 9 12 15 6647051.025046842
 1426 10 4 9 12 15 6653098.033836556
 1427 10 3 10 12 15 6658595.6086003445
 1428 9 4 10 11 16 6665245.608987131
 1429 10 3 10 12 15 6669853.356181839
 1430 10 3 10 12 15 6675904.391141372
 1431 9 4 10 12 15 6681398.214713468
 1432 9 5 9 12 15 6687845.082492253
 1433 9 5 9 12 15 6693534.83560695
 1434 10 3 10 12 15 6699684.127810744
 1435 10 4 9 12 15 6705496.325005807
 1436 10 3 10 12 15 6711807.811496045
 1437 10 4 9 12 15 6717800.144986358
 1438 10 3 10 12 15 6723753.277120783
 1439 10 4 9 12 15 6728658.9253748795
 1440 10 4 9 12 15 6734439.068170005
 1441 10 4 9 12 15 6740348.290445715
 1442 10 3 10 12 15 6747103.486852855
 1443 10 4 9 12 15 6753503.1235380815
 1444 9 5 9 12 15 6759291.3451781925
 1445 10 3 10 12 15 6765442.829973703
 1446 9 5 9 12 15 6771941.338492591
 1447 9 5 9 12 15 6778295.736632421
 1448 9 4 10 12 15 6784863.912249407
 1449 10 3 10 12 15 6791651.0766453445
 1450 10 3 10 12 15 6798270.470225146
 1451 10 3 10 12 15 6803255.258384063
 1452 10 3 10 11 16 6809430.356605158
 1453 10 3 10 12 15 6815217.449757925
 1454 10 3 10 12 15 6822043.439223379
 1455 10 3 10 12 15 6828292.560967285
 1456 11 4 9 12 14 6833991.0870169215
 1457 9 4 10 12 15 6840473.572740099
 1458 9 4 9 12 16 6847160.296822864
 1459 10 3 11 12 14 6853035.428852309
 1460 10 4 10 12 14 6859299.900785012
 1461 10 4 9 12 15 6865738.975322055
 1462 10 4 9 12 15 6871337.9064627765
 1463 10 3 11 12 14 6876423.27173947
 1464 10 3 11 12 14 6882033.866036955
 1465 9 4 11 12 14 6888320.544172154
 1466 9 5 9 12 15 6894038.412049954
 1467 9 4 9 12 16 6899888.338469557
 1468 9 4 10 12 15 6906150.859770355
 1469 9 4 10 12 15 6912533.3387232255
 1470 9 4 10 12 15 6918159.283857969
 1471 9 5 8 12 16 6924371.527247242
 1472 10 4 9 12 15 6930104.147325318
 1473 10 4 9 12 15 6936168.466664816
 1474 10 4 10 12 14 6943001.600539935
 1475 9 4 10 12 15 6949601.377170532
 1476 9 4 10 12 15 6955332.450079072
 1477 9 4 10 12 15 6961434.697922259
 1478 9 4 10 11 16 6967625.1997183645
 1479 10 4 9 12 15 6973891.855647457
 1480 10 3 10 12 15 6979448.839076929
 1481 10 3 10 12 15 6984882.778538051
 1482 10 4 9 12 15 6991101.225772822
 1483 9 4 10 12 15 6997231.644093644
 1484 10 3 10 12 15 7003003.675333135
 1485 10 3 10 12 15 7009498.049483183
 1486 10 3 10 12 15 7015399.987023094
 1487 11 3 10 12 14 7021416.503679806
 1488 10 3 10 12 15 7027021.195479312
 1489 10 3 10 12 15 7033086.567963071
 1490 9 4 10 12 15 7039862.439987923
 1491 10 3 10 12 15 7045746.037779932
 1492 10 3 10 12 15 7051459.320977705
 1493 10 4 9 12 15 7056924.917078979
 1494 10 3 10 12 15 7062102.652926082
 1495 10 3 10 12 15 7067916.937275283
 1496 9 5 9 12 15 7073963.798425356
 1497 9 4 10 12 15 7079956.271688173
 1498 9 4 9 11 17 7085711.600262569
 1499 10 4 9 12 15 7091353.893528175
 1500 10 3 10 12 15 7097674.749028179
 1501 10 3 10 12 15 7103968.990709178
 1502 10 4 9 12 15 7110468.351078708
 1503 10 3 10 12 15 7116667.273731883
 1504 10 3 10 12 15 7122298.745791502
 1505 10 3 10 12 15 7128317.230001496
 1506 10 3 10 12 15 7134405.868537467
 1507 9 4 10 12 15 7139746.955696683
 1508 9 4 10 12 15 7146292.781227374
 1509 9 4 10 12 15 7151877.053753759
 1510 9 4 10 12 15 7158147.268316465
 1511 9 4 10 12 15 7164325.407819594
 1512 10 4 9 12 15 7170441.675101013
 1513 10 3 10 12 15 7176244.96017559
 1514 10 4 10 12 14 7182713.487448658
 1515 10 4 9 12 15 7188576.79351234
 1516 10 3 10 12 15 7194648.5891946
 1517 10 4 9 12 15 7200717.934748542
 1518 9 5 9 12 15 7207620.826027069
 1519 10 3 10 12 15 7213483.172395628
 1520 10 3 10 12 15 7219192.932006284
 1521 10 3 10 11 16 7225201.186943518
 1522 10 4 9 12 15 7231278.968652163
 1523 10 4 9 12 15 7237451.926363365
 1524 10 4 9 12 15 7243394.362335817
 1525 10 3 10 12 15 7249475.341911542
 1526 10 3 10 12 15 7254918.503046424
 1527 10 4 9 12 15 7260823.024653129
 1528 9 5 9 12 15 7267566.056434298
 1529 10 3 10 12 15 7273380.68062693
 1530 10 3 10 12 15 7279276.066008982
 1531 10 3 10 12 15 7284505.160781324
 1532 10 3 10 12 15 7290410.13350003
 1533 10 3 10 12 15 7296673.996427084
 1534 10 3 10 12 15 7302134.185408798
 1535 10 3 10 12 15 7307080.369356781
 1536 10 4 9 12 15 7313345.570847436
 1537 9 5 9 12 15 7319547.042942205
 1538 10 3 10 12 15 7325378.494584705
 1539 10 3 10 12 15 7331488.434854404
 1540 10 2 11 12 15 7337363.560761149
 1541 10 3 10 12 15 7342543.459495682
 1542 10 3 10 12 15 7347681.077928898
 1543 10 4 8 12 16 7354341.560185811
 1544 10 3 9 11 17 7361395.73031497
 1545 9 4 10 12 15 7367709.339310949
 1546 9 4 10 12 15 7373572.261057696
 1547 10 4 10 12 14 7379598.16499334
 1548 10 3 10 12 15 7385498.4899349
 1549 9 4 10 12 15 7391367.825681743
 1550 10 3 10 12 15 7396829.492475458
 1551 10 3 10 12 15 7402300.656995383
 1552 10 3 10 12 15 7408026.7721610535
 1553 10 3 10 12 15 7413271.704701297
 1554 10 4 9 12 15 7419708.840860225
 1555 9 4 10 12 15 7425698.886132531
 1556 10 3 10 12 15 7431802.861245812
 1557 10 3 10 12 15 7437135.741855745
 1558 10 3 10 12 15 7442521.090916513
 1559 10 3 10 12 15 7447882.006651013
 1560 10 3 10 12 15 7454123.998910862
 1561 10 3 10 12 15 7459365.245435369
 1562 9 5 9 12 15 7465035.845412728
 1563 9 5 9 12 15 7470651.787533395
 1564 9 5 9 12 15 7477346.476295159
 1565 9 4 10 12 15 7483888.529742466
 1566 9 4 10 12 15 7489611.572798512
 1567 9 5 9 11 16 7496412.508628176
 1568 9 4 10 12 15 7503035.147717902
 1569 9 4 10 12 15 7508958.458451994
 1570 9 5 9 12 15 7515693.963177541
 1571 9 4 10 12 15 7522057.698937092
 1572 9 5 8 12 16 7528502.904931721
 1573 10 3 9 12 16 7534920.689798314
 1574 9 4 9 12 16 7541818.592853535
 1575 9 4 10 12 15 7547594.333687021
 1576 11 4 9 12 14 7553765.617569088
 1577 10 4 9 12 15 7559502.815867531
 1578 10 4 9 12 15 7566111.2897277055
 1579 9 4 10 12 15 7572463.972780057
 1580 10 4 10 12 14 7578266.948122714
 1581 10 4 9 12 15 7584101.960953531
 1582 10 4 9 11 16 7590334.301815999
 1583 10 2 11 12 15 7595811.4503119895
 1584 9 4 10 12 15 7602287.743024438
 1585 9 5 9 12 15 7608366.841036365
 1586 9 4 11 12 14 7614713.610352255
 1587 9 4 11 12 14 7621011.323530103
 1588 10 3 11 12 14 7627032.278691508
 1589 10 3 11 12 14 7633123.913357214
 1590 10 4 10 12 14 7638803.554313215
 1591 10 3 11 12 14 7644541.720078065
 1592 10 3 11 12 14 7650484.593312068
 1593 10 3 11 12 14 7656117.269603747
 1594 10 3 11 12 14 7662022.471018431
 1595 9 5 10 12 14 7667648.444722122
 1596 10 3 11 12 14 7673605.877605737
 1597 9 4 11 11 15 7679879.831175652
 1598 9 4 11 12 14 7686079.356612081
 1599 10 3 11 12 14 7692279.039419855
 1600 10 3 10 12 15 7698386.297842512
 1601 10 3 10 12 15 7704185.033577442
 1602 10 3 10 12 15 7710496.31676478
 1603 10 4 9 12 15 7716812.672506852
 1604 9 5 9 12 15 7723204.375714256
 1605 9 4 10 12 15 7729807.917634744
 1606 9 4 10 12 15 7737009.649533688
 1607 9 5 9 12 15 7743709.501443599
 1608 9 5 9 12 15 7750673.610005178
 1609 9 4 10 12 15 7757355.800484833
 1610 9 4 10 12 15 7763448.950869244
 1611 9 5 9 12 15 7769225.925400769
 1612 9 5 9 11 16 7775221.201648306
 1613 10 4 9 12 15 7781072.61907676
 1614 10 4 9 12 15 7787551.591426165
 1615 10 3 10 12 15 7794067.943708173
 1616 9 4 10 12 15 7800597.1001249645
 1617 9 4 10 12 15 7807513.239420405
 1618 9 5 9 12 15 7814371.834768486
 1619 9 5 9 12 15 7820160.688855059
 1620 9 5 9 12 15 7826132.885845321
 1621 9 5 9 12 15 7833367.007576516
 1622 9 4 10 12 15 7839873.081523921
 1623 9 4 10 12 15 7846909.466580327
 1624 10 3 10 12 15 7853259.000326116
 1625 10 3 10 12 15 7858974.044906139
 1626 10 4 9 12 15 7866111.943935108
 1627 10 3 10 12 15 7872244.493919155
 1628 9 5 9 12 15 7879328.552300726
 1629 9 4 10 12 15 7885895.145953011
 1630 10 4 9 12 15 7892163.909020236
 1631 10 3 10 12 15 7898756.135102112
 1632 9 4 10 12 15 7905423.12145988
 1633 9 4 10 12 15 7912278.583225541
 1634 9 4 10 12 15 7918713.389398665
 1635 9 4 9 11 17 7924918.28396474
 1636 9 4 10 12 15 7930652.36055099
 1637 9 4 10 12 15 7937392.031191479
 1638 9 4 10 12 15 7943403.748067319
 1639 9 4 10 12 15 7950187.759855657
 1640 9 5 8 12 16 7956657.936621547
 1641 10 4 9 12 15 7962238.054098291
 1642 10 4 9 12 15 7969083.15657869
 1643 10 3 10 12 15 7975243.804794008
 1644 9 4 10 12 15 7981781.859353684
 1645 9 4 10 12 15 7988233.921311237
 1646 9 4 10 12 15 7994697.779985659
 1647 9 4 10 12 15 8001747.3667418985
 1648 10 3 10 12 15 8007773.389562709
 1649 10 3 9 12 16 8013663.411336421
 1650 10 3 9 12 16 8019882.880482011
 1651 9 4 9 12 16 8025334.11249622
 1652 10 4 8 12 16 8031619.233616453
 1653 9 4 10 12 15 8038126.593696866
 1654 9 4 10 12 15 8044238.484426855
 1655 9 5 9 12 15 8050127.2710202625
 1656 9 4 10 12 15 8055939.603922654
 1657 11 3 9 12 15 8061015.079835507
 1658 10 3 8 11 18 8066596.5364710875
 1659 10 4 8 12 16 8071658.738009853
 1660 9 5 8 12 16 8076637.558337206
 1661 9 5 9 12 15 8082079.582507317
 1662 9 5 9 12 15 8088296.963527589
 1663 9 5 9 12 15 8094478.363049814
 1664 9 4 10 12 15 8100471.478540254
 1665 9 4 10 12 15 8106152.895357105
 1666 10 3 10 12 15 8112160.80920713
 1667 10 3 10 12 15 8118335.167047863
 1668 10 3 10 12 15 8123549.504209494
 1669 9 4 10 12 15 8128435.149684536
 1670 10 4 9 12 15 8134223.126554813
 1671 10 3 10 12 15 8140453.111540007
 1672 10 3 9 12 16 8146978.981393661
 1673 9 4 10 12 15 8153338.181158773
 1674 9 5 9 12 15 8158910.991911254
 1675 10 4 9 12 15 8164715.561854721
 1676 10 3 10 12 15 8170365.769763747
 1677 10 3 10 12 15 8176851.854297948
 1678 9 4 10 12 15 8183318.198708577
 1679 9 5 9 12 15 8189172.449939795
 1680 9 4 10 12 15 8195738.455644579
 1681 9 4 10 11 16 8202729.365043088
 1682 9 4 10 12 15 8209098.741390991
 1683 9 4 10 12 15 8215322.197558415
 1684 9 4 10 12 15 8221727.772233945
 1685 10 3 10 12 15 8228198.433557498
 1686 10 3 10 12 15 8234632.14832716
 1687 9 5 9 12 15 8240342.234398533
 1688 10 4 9 12 15 8246579.797037735
 1689 9 5 9 12 15 8252460.913504785
 1690 9 5 9 12 15 8258089.0479517635
 1691 9 5 9 12 15 8264100.194758672
 1692 9 4 10 12 15 8270223.893392383
 1693 9 4 10 12 15 8276565.6016883245
 1694 9 4 10 12 15 8283297.457244962