 "ticks" "state 0" "state 1" "state 2" "state 3" "state 4" "bioenergy success"
 0 11 14 4 9 12 25883.136499999993
 1 14 13 4 8 11 26811.475471615773
 2 13 13 5 8 11 27697.069068211786
 3 13 13 4 8 12 28565.36730741721
 4 12 13 4 8 13 29403.77117505907
 5 12 12 4 8 14 30325.855993190795
 6 12 12 4 8 14 31190.743126195695
 7 12 12 4 9 13 31893.266041517243
 8 11 12 4 9 14 32534.201993371822
 9 10 14 4 9 13 33551.43522709579
 10 11 11 5 9 14 34343.12094681331
 11 12 12 4 9 13 35133.91227558136
 12 11 10 5 9 15 36074.44902301063
 13 13 11 4 9 13 36702.797307677545
 14 12 12 3 9 14 37740.919288352845
 15 12 12 4 9 13 38626.528281643084
 16 12 12 3 9 14 39616.98722728162
 17 12 12 4 9 13 40396.7004567257
 18 12 11 4 9 14 41253.74356915485
 19 10 13 5 9 13 42157.32405669421
 20 12 11 4 9 14 43012.53176045146
 21 12 12 3 9 14 44022.49427488931
 22 11 11 4 9 15 45022.56589022938
 23 10 13 4 9 14 46138.678505929944
 24 10 10 6 9 15 47057.20240626609
 25 11 12 4 9 14 47973.43034106922
 26 10 11 5 9 15 49126.93871326877
 27 11 12 5 9 13 50084.22629525968
 28 10 13 4 9 14 51101.12379751064
 29 10 13 4 9 14 52053.76826442529
 30 11 11 4 9 15 53027.841445161306
 31 11 12 4 9 14 54008.10309330902
 32 11 11 5 9 14 54985.81694684812
 33 11 12 5 9 13 55865.99316355665
 34 11 12 4 9 14 56962.73695555642
 35 10 11 4 10 15 57752.147858098986
 36 10 13 3 10 14 58874.84787233963
 37 12 12 2 10 14 59840.93398242468
 38 11 11 4 9 15 60896.18720830489
 39 11 12 4 9 14 61818.884524398985
 40 11 11 3 10 15 62859.49879957202
 41 11 12 3 10 14 63786.30760207293
 42 11 12 3 10 14 64787.33283293437
 43 10 12 4 10 14 65777.77784134715
 44 10 12 4 10 14 66858.48131166639
 45 11 11 3 10 15 67674.23404140798
 46 10 12 3 11 14 68748.10971871972
 47 9 12 3 11 15 69996.77795410994
 48 8 13 4 11 14 71207.44937254536
 49 10 12 3 10 15 72318.27966764098
 50 10 12 4 10 14 73251.13221522671
 51 10 12 4 9 15 74218.0636309027
 52 9 13 4 10 14 75424.53333283606
 53 10 13 3 10 14 76690.0762690096
 54 12 12 3 10 13 77719.26401069568
 55 11 13 3 10 13 78736.04147254609
 56 10 14 3 10 13 79621.21689316134
 57 9 15 3 10 13 80856.63465805544
 58 9 13 4 10 14 81856.31826302869
 59 8 14 3 10 15 83165.7253426445
 60 9 13 4 10 14 84191.7911126674
 61 9 12 4 10 15 85259.37139954735
 62 9 13 4 10 14 86338.12531148308
 63 9 13 4 10 14 87509.00088297907
 64 9 13 4 10 14 88635.94500566943
 65 10 12 4 10 14 89708.78371867
 66 9 13 4 10 14 90706.17069559103
 67 9 12 4 10 15 91756.29672292167
 68 9 13 4 10 14 92947.12916425099
 69 10 12 4 10 14 94025.5637467037
 70 9 13 4 10 14 94989.57948294582
 71 9 13 4 10 14 95887.98492485378
 72 8 14 4 10 14 96982.13193688227
 73 8 15 3 10 14 97948.06616719029
 74 9 12 4 10 15 99021.90228009305
 75 11 13 3 10 13 99917.28863232359
 76 10 13 4 10 13 100776.86438547114
 77 13 12 2 10 13 101643.68022244306
 78 9 13 4 10 14 102701.85569025157
 79 10 13 3 10 14 103792.99994028898
 80 10 12 3 10 15 104724.57663903567
 81 10 13 3 10 14 105672.80887330355
 82 10 13 3 10 14 106611.9848656372
 83 10 13 3 10 14 107554.15019872092
 84 10 13 3 10 14 108700.53451402047
 85 9 13 3 10 15 109662.94009645017
 86 9 14 3 10 14 110710.47539085522
 87 9 13 4 10 14 111542.27321081776
 88 8 15 3 10 14 112893.26227455186
 89 8 14 4 10 14 114071.34146066531
 90 9 14 3 10 14 115200.00018325528
 91 9 13 3 10 15 116292.7244307384
 92 10 13 3 10 14 117281.04938400302
 93 11 12 3 10 14 118320.91655002187
 94 11 12 3 10 14 119165.149947342
 95 10 14 3 10 13 120206.60945503035
 96 11 13 3 10 13 121130.46687989256
 97 11 14 2 10 13 122075.37068324751
 98 10 13 3 10 14 123283.57829579739
 99 9 12 5 10 14 124084.41471139227
 100 9 11 5 10 15 125029.71067533387
 101 9 12 5 10 14 125964.11086010296
 102 10 12 4 10 14 127093.61819940903
 103 9 13 4 10 14 128198.28463918854
 104 11 12 3 10 14 129204.0997982719
 105 10 11 4 10 15 130253.2170377011
 106 11 12 3 10 14 131345.69848825212
 107 11 12 3 10 14 132461.24768462437
 108 10 11 3 10 16 133684.1674301045
 109 9 14 3 10 14 134867.88424285996
 110 10 11 4 10 15 136003.18850062066
 111 11 12 3 10 14 137152.09807080805
 112 10 13 3 10 14 138392.6151914834
 113 9 13 4 10 14 139618.80197142257
 114 9 13 4 10 14 140785.58084874798
 115 10 14 2 10 14 142022.15142934813
 116 9 11 4 10 16 143098.4402628921
 117 9 13 4 10 14 144073.28883656661
 118 10 13 3 10 14 145259.97013463173
 119 10 12 3 10 15 146284.7201993285
 120 9 12 4 10 15 147459.93097866164
 121 9 14 3 10 14 148566.60740791127
 122 10 12 3 10 15 149669.77806430863
 123 9 13 4 10 14 150826.7269040274
 124 10 13 3 10 14 151886.27198265315
 125 9 13 3 10 15 153138.08839030075
 126 9 13 3 10 15 154421.01553379672
 127 9 12 4 10 15 155767.64565397325
 128 9 13 3 10 15 157118.09114883924
 129 10 12 3 10 15 158417.9837701531
 130 10 12 3 10 15 159588.05868732027
 131 10 11 3 10 16 160482.78998632598
 132 10 12 3 10 15 161716.31040590967
 133 10 12 3 10 15 162852.4619931938
 134 10 12 3 10 15 164050.57653156962
 135 10 12 3 10 15 165222.92295036968
 136 10 11 3 10 16 166492.90663626857
 137 10 12 3 10 15 167660.94115109887
 138 11 12 2 10 15 169020.82529773255
 139 10 11 3 10 16 170203.20009076688
 140 10 12 3 10 15 171419.83785729908
 141 9 13 3 10 15 172885.08167860002
 142 10 11 3 10 16 174091.43058389385
 143 9 13 3 10 15 175385.2518582655
 144 11 15 3 9 12 177090.21784420844
 145 11 14 4 9 12 179169.44972351723
 146 10 13 5 10 12 180969.74391583717
 147 11 15 4 9 11 182943.51024910345
 148 11 14 4 10 11 184779.13581375382
 149 10 13 3 10 14 186860.15699473058
 150 10 14 3 10 13 188838.9384764223
 151 10 13 4 10 13 190597.2637223427
 152 10 14 3 10 13 192733.36989004948
 153 11 12 4 10 13 194689.76732448267
 154 11 12 4 10 13 196328.02240312457
 155 11 13 3 10 13 198181.50042503345
 156 10 14 3 10 13 200032.7973087914
 157 11 12 4 10 13 201992.20329769677
 158 11 12 4 10 13 203663.8896857416
 159 12 12 3 10 13 205339.40978728596
 160 11 12 4 10 13 207185.54700755567
 161 12 13 2 10 13 208730.8159589334
 162 10 13 4 10 13 210504.82181067966
 163 10 11 4 11 14 212084.34136106234
 164 9 12 4 11 14 213744.6217623723
 165 9 13 3 11 14 215560.6250960705
 166 9 12 5 10 14 217237.21935047768
 167 8 12 6 10 14 218851.6997160326
 168 10 12 4 10 14 220504.8261602094
 169 10 12 4 10 14 222221.97711267418
 170 9 12 6 10 13 224063.53860008772
 171 10 12 4 10 14 225799.40863294777
 172 9 13 4 10 14 227752.47934645615
 173 9 13 4 10 14 229782.0487541823
 174 9 12 6 10 13 231356.9273673467
 175 9 13 5 10 13 233256.11735879327
 176 8 13 6 10 13 235037.5404926234
 177 9 13 5 10 13 236811.40078538447
 178 9 12 6 10 13 238233.57339938486
 179 9 12 5 10 14 239987.2405874663
 180 9 14 3 10 14 241992.00755206333
 181 9 13 4 10 14 243881.47044346802
 182 9 14 3 10 14 245882.53959976413
 183 9 13 4 10 14 247809.2571213007
 184 8 12 6 10 14 249509.88497583385
 185 9 13 4 10 14 251425.07680972715
 186 9 13 4 10 14 253526.42023071978
 187 9 13 4 10 14 255551.91432522357
 188 10 12 4 10 14 257249.46530392815
 189 10 13 3 10 14 259029.0491476751
 190 9 12 5 10 14 260641.03740161256
 191 9 13 5 10 13 262212.3348384246
 192 9 13 3 10 15 264315.49940484326
 193 9 12 4 10 15 266193.380934065
 194 7 14 4 10 15 268000.2372245318
 195 9 13 3 10 15 270086.69497557374
 196 9 13 3 10 15 272156.44532875926
 197 9 13 3 10 15 274370.7300098894
 198 9 13 3 10 15 276508.5268517914
 199 9 13 3 10 15 278765.1213630347
 200 9 13 3 10 15 280881.4205445286
 201 9 13 3 10 15 282970.77545157087
 202 9 14 3 10 14 285079.4287744559
 203 9 13 3 10 15 287001.42816426343
 204 8 12 5 10 15 288896.2651746277
 205 9 13 3 10 15 290810.4770039805
 206 9 13 3 10 15 293098.7216653086
 207 9 12 4 10 15 295133.80844969
 208 9 13 3 10 15 297305.03534029244
 209 8 13 4 10 15 299505.0082831644
 210 9 13 3 10 15 301548.28211835044
 211 8 14 3 10 15 303536.36748382857
 212 8 14 3 10 15 305520.6538623787
 213 7 15 3 10 15 307608.4267553611
 214 7 15 3 10 15 309547.48643007904
 215 8 14 3 10 15 311450.257991667
 216 9 13 3 10 15 313452.79622872866
 217 9 14 3 10 14 315567.31419263675
 218 8 15 3 10 14 317654.6671731884
 219 9 13 3 10 15 319923.01081383886
 220 8 13 4 10 15 322009.50184832694
 221 9 13 3 10 15 324226.4447398265
 222 8 14 4 10 14 326385.35537266184
 223 9 12 4 10 15 328595.39222341677
 224 9 11 5 10 15 330697.48106865544
 225 10 11 4 10 15 332517.7846212354
 226 10 12 3 10 15 334634.8128085454
 227 9 13 3 10 15 336620.96846349
 228 8 14 3 10 15 338670.6883688303
 229 8 14 3 10 15 340661.0768484934
 230 8 13 3 11 15 342821.6156029797
 231 9 11 4 11 15 344677.50981171767
 232 8 12 4 11 15 346689.4034366688
 233 8 14 3 11 14 348873.32885542355
 234 10 11 3 11 15 350263.91016482195
 235 8 12 4 11 15 352434.8000036776
 236 10 11 3 11 15 354176.5226954166
 237 10 11 3 11 15 356113.4511329231
 238 8 11 5 11 15 357818.1547394337
 239 8 12 4 11 15 360071.4189830193
 240 11 10 4 11 14 361407.0248410749
 241 9 12 4 11 14 363182.11343561293
 242 9 12 3 11 15 365133.4111931241
 243 10 13 2 11 14 366916.2150004011
 244 9 13 3 11 14 368838.1042610982
 245 9 12 3 11 15 370775.86381546536
 246 8 11 5 11 15 372421.86585309624
 247 8 14 2 11 15 374450.82059466647
 248 8 11 5 11 15 375992.8636071411
 249 8 12 4 11 15 378019.66581668216
 250 8 12 4 11 15 379717.7765856044
 251 7 12 5 11 15 381553.9831308097
 252 8 11 5 11 15 383228.9367957799
 253 9 12 3 11 15 384743.34914966417
 254 9 13 2 11 15 386590.7244580505
 255 8 12 4 11 15 388555.8685964782
 256 10 11 3 11 15 390292.8685033361
 257 10 12 2 11 15 392130.3292142789
 258 8 12 4 11 15 393867.44196731487
 259 9 12 3 11 15 395771.96557966026
 260 10 11 3 11 15 397574.7293428299
 261 9 13 3 11 14 399499.5223143297
 262 9 12 3 11 15 401040.4453685691
 263 9 12 3 11 15 402882.57062754896
 264 8 12 4 11 15 404652.0622182884
 265 7 12 5 11 15 406402.6220703828
 266 7 12 5 11 15 407879.3568731728
 267 7 13 4 11 15 409717.80144395545
 268 8 11 5 11 15 411519.30685780366
 269 8 11 5 11 15 413229.8644609255
 270 7 12 5 11 15 415252.6489997724
 271 9 11 4 11 15 416987.0351516021
 272 8 12 4 11 15 418789.946786627
 273 8 11 5 11 15 420364.78589356394
 274 10 11 3 11 15 421953.74329431896
 275 8 12 4 11 15 423625.9181425362
 276 9 11 4 11 15 425191.3765907232
 277 10 12 3 11 14 426781.33733551635
 278 9 12 4 11 14 428321.6972599604
 279 9 11 5 11 14 430099.65935382486
 280 10 10 5 11 14 431578.6766796867
 281 12 10 3 11 14 432929.75541268085
 282 9 12 4 11 14 434601.5997467646
 283 11 11 4 11 13 436134.0335461192
 284 10 12 4 11 13 437779.27144949406
 285 9 12 4 11 14 439110.24730263953
 286 8 13 4 11 14 440647.63921347365
 287 8 13 4 11 14 442201.6136135374
 288 8 11 5 12 14 443983.2269671112
 289 8 11 5 12 14 445396.61674851517
 290 8 10 5 12 15 446762.96835008234
 291 6 14 3 12 15 448891.8776292417
 292 9 10 4 12 15 450416.1690535261
 293 8 10 4 12 16 452174.11068155855
 294 8 12 3 12 15 454008.8318493738
 295 8 12 3 12 15 456052.6606359777
 296 8 11 4 12 15 457772.84299508075
 297 8 12 3 12 15 459650.7215132844
 298 8 12 3 12 15 461425.85934829206
 299 7 12 4 12 15 463229.4414946589
 300 8 12 3 12 15 464845.24150278734
 301 8 12 3 12 15 466572.3746210853
 302 9 12 2 12 15 468079.9896104081
 303 10 12 1 12 15 469650.9606434485
 304 11 11 3 11 14 471341.4215113809
 305 9 12 3 12 14 473123.1267936572
 306 11 11 3 11 14 474934.7597513997
 307 10 12 3 11 14 476874.0665427603
 308 8 13 3 12 14 478969.12531374244
 309 8 11 5 12 14 480829.57156602904
 310 9 11 3 12 15 482760.36780266924
 311 9 11 4 12 14 484678.1819912352
 312 9 11 4 12 14 486568.63021926215
 313 8 12 4 12 14 488141.1631845793
 314 9 12 3 12 14 490076.5361217703
 315 11 11 2 12 14 491632.3158501344
 316 8 12 4 12 14 493528.7642502769
 317 10 11 3 12 14 495358.57621762605
 318 9 12 3 12 14 497401.182841482
 319 10 10 4 12 14 499123.4771569805
 320 10 10 4 12 14 500865.94079300476
 321 8 12 4 12 14 502561.7556089655
 322 7 12 4 12 15 504159.67923564016
 323 8 13 4 12 13 505959.26670974883
 324 8 13 4 12 13 507959.66980769305
 325 9 10 6 12 13 509582.45838469354
 326 9 13 3 12 13 511577.4025599933
 327 8 12 4 12 14 513590.77119282633
 328 8 12 4 12 14 515483.8066098948
 329 7 11 5 12 15 517529.37987591437
 330 7 11 5 12 15 519485.06054778467
 331 9 12 2 12 15 521589.4790346178
 332 7 11 5 12 15 523435.7094952352
 333 7 11 5 12 15 525213.9724692182
 334 8 11 4 12 15 527145.7155785189
 335 8 12 3 12 15 529201.4739122781
 336 8 11 4 12 15 531095.1531921241
 337 8 12 3 12 15 532934.0574487002
 338 7 12 4 12 15 534910.9970941234
 339 7 13 3 12 15 536932.5546461436
 340 6 13 4 12 15 539021.9280957212
 341 8 11 4 12 15 540767.7439562347
 342 8 12 3 12 15 542794.4918853298
 343 8 11 4 12 15 544509.9479676555
 344 7 12 4 12 15 546286.8096992925
 345 7 13 3 12 15 548346.1182015187
 346 7 12 4 12 15 550657.549501118
 347 7 11 5 12 15 552678.7642865082
 348 7 11 5 12 15 554796.1524640876
 349 8 11 4 12 15 556965.1190982483
 350 7 11 5 12 15 559063.9765718228
 351 7 11 6 12 14 561112.6951413852
 352 8 10 5 12 15 563162.5220580965
 353 9 10 4 12 15 565237.9330414667
 354 7 12 4 12 15 567337.6144834292
 355 8 12 3 12 15 569503.9761222325
 356 8 12 4 12 14 571632.8068139757
 357 6 11 7 12 14 573594.5295069118
 358 8 10 6 12 14 575513.172319621
 359 7 11 5 12 15 577480.8929510596
 360 8 10 5 12 15 579382.4790850246
 361 7 11 5 12 15 581416.0747205898
 362 8 11 5 12 14 583486.497716428
 363 8 12 4 12 14 585366.3175608283
 364 9 11 4 12 14 587230.1204887943
 365 7 11 6 12 14 588732.8964373573
 366 8 11 5 12 14 590753.6876175844
 367 8 11 5 12 14 592548.7979938783
 368 8 12 4 12 14 594633.7911114556
 369 6 12 5 12 15 596781.0397359685
 370 8 10 5 12 15 598633.7356908354
 371 7 11 5 12 15 600542.1763385517
 372 7 11 5 12 15 602619.6628426892
 373 7 11 5 12 15 604606.919082229
 374 8 11 4 12 15 606521.7890561306
 375 7 10 6 12 15 608389.3962875775
 376 8 10 5 12 15 610218.5238651643
 377 7 10 6 12 15 612173.276306409
 378 7 11 5 12 15 614212.573566223
 379 7 11 5 12 15 616120.6354022027
 380 8 11 4 12 15 618027.7474050683
 381 8 10 5 12 15 619570.7286359437
 382 8 11 4 12 15 621300.3252568492
 383 7 12 4 12 15 623294.828756216
 384 7 12 4 12 15 625227.6133286391
 385 7 13 3 12 15 627110.4223404037
 386 8 12 3 12 15 629276.4609545207
 387 7 11 5 12 15 631398.9964541282
 388 8 11 5 12 14 633325.0168172725
 389 9 10 5 12 14 635092.2655754144
 390 10 10 4 12 14 636926.0646200853
 391 10 10 4 12 14 638465.3516091212
 392 10 10 4 12 14 640170.3969860267
 393 8 11 4 12 15 642125.1817563208
 394 9 10 5 12 14 643823.7934618011
 395 10 11 3 12 14 645690.2365909478
 396 9 12 4 12 13 647715.2732438619
 397 8 11 5 12 14 649548.7762254563
 398 7 11 6 12 14 651329.797554971
 399 8 11 5 12 14 653208.5792918875
 400 9 11 4 12 14 655119.9521702558
 401 9 11 4 12 14 656779.953144981
 402 9 11 4 12 14 658581.657886636
 403 8 11 5 12 14 660533.0092605376
 404 8 11 5 12 14 662283.2477834455
 405 7 13 4 12 14 664130.6121974943
 406 8 12 4 12 14 665834.1610737309
 407 8 11 4 12 15 667720.3016356914
 408 9 12 3 12 14 669758.4624540445
 409 8 11 5 12 14 671517.1578342855
 410 8 12 4 12 14 673521.0703733158
 411 9 11 4 12 14 675363.6992379975
 412 7 11 5 12 15 677523.3263221341
 413 8 11 5 12 14 679325.5664379922
 414 8 12 4 12 14 681153.9906349947
 415 8 12 4 12 14 682831.5441907558
 416 8 11 5 12 14 684877.3979577929
 417 10 10 4 12 14 686430.1882649986
 418 9 10 5 12 14 688174.386802976
 419 9 11 4 12 14 690201.0556805353
 420 8 11 4 12 15 692129.7941321849
 421 10 10 4 12 14 693564.3868780026
 422 9 11 4 12 14 695351.6876366474
 423 9 11 4 12 14 696925.290289864
 424 7 14 3 12 14 698912.5543796257
 425 8 11 5 12 14 700661.8193479249
 426 9 11 4 12 14 702385.6215378422
 427 9 11 4 12 14 704160.8052699952
 428 9 11 4 12 14 705948.2866433429
 429 8 12 3 12 15 707929.1259346816
 430 8 12 4 12 14 709935.1422369422
 431 8 12 4 12 14 711857.8110888666
 432 9 11 4 12 14 713439.2589038746
 433 7 14 3 12 14 715297.7830071955
 434 8 13 3 12 14 717102.5035406528
 435 9 11 4 12 14 718655.0464580379
 436 9 11 4 12 14 720263.5775373977
 437 11 11 2 12 14 722005.067750143
 438 8 11 4 12 15 723820.0548424518
 439 9 11 4 12 14 725620.0416396512
 440 9 11 4 12 14 727668.1275686217
 441 9 11 4 12 14 729526.8436657139
 442 8 12 4 12 14 731708.1254947656
 443 8 12 4 12 14 733914.3393654369
 444 8 10 5 12 15 735686.3412745002
 445 8 11 5 12 14 737404.1649982658
 446 9 12 3 12 14 739317.3004215545
 447 9 12 3 12 14 741154.1145243327
 448 9 12 3 12 14 742974.0444705485
 449 9 12 3 12 14 744945.007830161
 450 9 12 3 12 14 746930.6815905198
 451 9 10 5 12 14 748611.1412455322
 452 8 12 4 12 14 750328.0542951605
 453 8 12 4 12 14 752047.7887095102
 454 8 12 4 12 14 753890.6195520331
 455 9 10 5 12 14 755542.53911793
 456 9 12 3 12 14 757552.7614054467
 457 9 11 4 12 14 759209.9951195869
 458 10 11 3 12 14 760885.4107801993
 459 9 12 3 12 14 762769.1301849156
 460 10 12 2 12 14 764387.6177417701
 461 8 12 4 12 14 766203.2752764025
 462 8 12 4 12 14 768296.726879254
 463 9 11 4 12 14 770196.6749771311
 464 11 11 3 11 14 771823.7806057414
 465 10 11 3 12 14 773296.3763448265
 466 8 13 4 11 14 775039.4189215485
 467 10 10 5 11 14 776596.6376607483
 468 9 10 5 12 14 778080.3220361301
 469 7 12 4 12 15 779855.9861337416
 470 7 11 5 12 15 781283.5748253108
 471 6 14 3 12 15 783279.7900107922
 472 7 12 4 12 15 785023.7325000003
 473 7 11 5 12 15 786697.3828721825
 474 6 12 5 12 15 788232.2304889155
 475 7 10 6 12 15 789997.7453477802
 476 7 11 5 12 15 791762.0625205551
 477 8 10 5 12 15 793389.5692453315
 478 8 10 5 12 15 795073.9167047357
 479 9 10 4 12 15 796726.0422950047
 480 10 10 5 11 14 796994.7879717088
 481 9 13 3 11 14 797533.5029262942
 482 8 11 6 11 14 797935.2917031632
 483 9 12 4 11 14 798474.7248649491
 484 9 10 6 11 14 798502.4578971997
 485 8 12 5 11 14 798829.9005426053
 486 8 12 5 11 14 798925.7443873003
 487 8 13 4 11 14 799691.0429748179
 488 9 11 5 11 14 800318.7366518691
 489 10 10 5 11 14 800815.392089289
 490 8 11 5 11 15 801417.7694005421
 491 9 10 5 11 15 801713.3041951179
 492 7 12 5 11 15 802488.1345097716
 493 7 13 4 11 15 803388.2780915746
 494 7 13 4 11 15 804455.0460006585
 495 8 13 3 11 15 805665.8290495571
 496 9 12 3 11 15 806668.1033800007
 497 8 11 5 11 15 807412.4544861509
 498 8 11 5 11 15 808411.5300398923
 499 9 12 3 11 15 809619.1878008517
 500 10 11 4 11 14 810181.7490352106
 501 12 10 3 11 14 810963.0380070608
 502 9 10 6 11 14 811426.3268761723
 503 9 12 4 11 14 812424.951040939
 504 10 11 4 11 14 812882.6089522641
 505 12 11 2 11 14 813361.389024004
 506 9 11 5 11 14 814017.4047956042
 507 9 11 4 11 15 814750.3439749137
 508 8 12 4 11 15 815459.8511957835
 509 9 12 4 11 14 816285.338920463
 510 8 12 5 11 14 816765.2576045585
 511 9 13 3 11 14 817578.1934004409
 512 8 13 4 11 14 818676.3235758092
 513 7 13 4 11 15 819837.0830202214
 514 8 12 5 11 14 820673.845295457
 515 10 12 3 11 14 821084.0460530539
 516 11 13 2 11 13 822091.6097361385
 517 9 12 5 11 13 822668.5627935639
 518 9 10 6 11 14 823069.8467804432
 519 8 12 5 11 14 823733.2319664345
 520 8 12 5 11 14 824780.9940345921
 521 10 10 5 11 14 825344.0784786456
 522 9 13 3 11 14 826086.1294111572
 523 8 11 6 11 14 826639.9746728056
 524 11 10 4 11 14 827445.7133886132
 525 8 12 5 11 14 828457.9468945228
 526 10 11 4 11 14 829422.6413674116
 527 10 11 4 11 14 830225.0718654022
 528 11 12 2 11 14 831108.772613559
 529 9 11 5 11 14 831713.2574092458
 530 10 10 5 11 14 832094.6414702307
 531 9 11 5 11 14 832876.4051918286
 532 7 11 6 11 15 833686.46986193
 533 10 11 4 11 14 834375.6448985407
 534 9 11 5 11 14 835138.977015799
 535 9 11 5 11 14 835655.0762094846
 536 9 11 5 11 14 836515.1042752764
 537 9 11 4 11 15 837521.6479553299
 538 9 11 4 11 15 838287.8827547164
 539 11 11 2 11 15 839282.6511926695
 540 10 12 3 11 14 840069.4880946327
 541 10 12 3 11 14 840924.1458887911
 542 10 11 4 11 14 841592.8729983058
 543 8 12 5 11 14 842270.0884533246
 544 10 10 5 11 14 842710.1057009308
 545 9 11 5 11 14 843618.9080338812
 546 8 12 5 11 14 844347.1063125883
 547 9 11 4 11 15 845009.9861027704
 548 8 13 3 11 15 845853.4732964593
 549 8 13 3 11 15 846726.1024782792
 550 7 12 5 11 15 847395.9932134289
 551 8 11 5 11 15 847978.0755170338
 552 7 12 5 11 15 848820.0307398099
 553 8 12 4 11 15 849581.3567540359
 554 8 11 5 11 15 850301.1373375703
 555 10 10 4 11 15 850758.7399712529
 556 8 11 5 11 15 851478.2936719167
 557 9 11 4 11 15 852315.6610887457
 558 10 11 3 11 15 853206.487476533
 559 9 12 3 11 15 854140.1336199269
 560 8 12 4 11 15 855418.6507316824
 561 9 11 4 11 15 855996.5543620178
 562 8 12 4 11 15 856796.468793588
 563 9 11 4 11 15 857748.1658344297
 564 8 11 5 11 15 858707.3461936503
 565 8 11 5 11 15 859571.7901956002
 566 9 10 5 11 15 860430.8337213525
 567 7 11 6 11 15 861231.828337524
 568 8 11 5 11 15 862257.8357902684
 569 8 10 6 11 15 863091.6116698232
 570 9 12 4 11 14 863966.0490410492
 571 7 12 5 11 15 865349.2108976004
 572 8 10 6 11 15 866412.3371784225
 573 8 10 6 11 15 867030.7718844154
 574 8 11 5 11 15 868141.7239108181
 575 8 11 5 11 15 868911.5830372423
 576 7 12 5 11 15 869738.805861775
 577 7 12 5 11 15 870280.6589761816
 578 7 12 5 11 15 871253.3133982334
 579 7 14 3 11 15 872444.8171351627
 580 7 12 5 11 15 873573.4551467645
 581 7 11 6 11 15 874436.413924577
 582 8 12 4 11 15 875396.516064599
 583 9 11 4 11 15 875988.1448900583
 584 7 13 4 11 15 876836.5857879247
 585 7 12 5 11 15 877844.617110429
 586 7 13 4 11 15 879060.329369098
 587 7 12 5 11 15 879886.8653486291
 588 8 10 6 11 15 880337.879260832
 589 7 14 3 11 15 880967.4534291731
 590 8 13 3 11 15 881788.3466590043
 591 9 11 5 11 14 882155.7525613846
 592 9 11 5 11 14 882900.2945875359
 593 8 12 5 11 14 883625.1678806278
 594 10 10 5 11 14 883938.7724407964
 595 9 12 4 11 14 884600.382747571
 596 8 14 3 11 14 885590.4784035523
 597 9 14 2 11 14 886835.4152781947
 598 8 12 4 11 15 887777.0064631803
 599 10 11 4 11 14 888561.3404364011
 600 9 10 6 11 14 889120.393493008
 601 10 11 4 11 14 889905.3817511022
 602 10 10 5 11 14 890550.477177341
 603 9 11 4 11 15 891795.061128386
 604 8 11 5 11 15 892819.3369217828
 605 8 12 4 11 15 893599.5318197971
 606 7 13 4 11 15 894683.9366203414
 607 7 12 4 12 15 895927.8133078502
 608 7 11 5 12 15 896683.0795149697
 609 8 10 5 12 15 897262.0359897658
 610 7 13 3 12 15 898257.1372653982
 611 8 11 4 12 15 899169.3122858675
 612 6 11 6 12 15 900202.8900593343
 613 6 11 6 12 15 901160.7573078795
 614 6 12 5 12 15 902105.44177149
 615 7 10 6 12 15 902698.3967512118
 616 6 13 4 12 15 903721.1220169921
 617 7 12 4 12 15 904503.7959668145
 618 8 10 5 12 15 905526.93766823
 619 8 11 4 12 15 906211.3866139599
 620 7 12 4 12 15 907386.7948900344
 621 8 11 4 12 15 908013.7322933706
 622 7 11 5 12 15 909055.3518359981
 623 6 11 6 12 15 909951.8039363171
 624 7 10 7 12 14 910902.1999229857
 625 8 11 5 12 14 911482.6321928505
 626 6 13 4 12 15 912254.1789250119
 627 8 11 5 12 14 912896.0995697229
 628 6 12 5 12 15 913669.5778398355
 629 6 11 6 12 15 914793.6590685699
 630 8 11 4 12 15 915631.7364436468
 631 8 11 5 12 14 916619.2428631086
 632 8 11 5 12 14 917360.7365529935
 633 8 12 4 12 14 918197.0033422713
 634 7 12 5 12 14 919019.8418534115
 635 8 10 6 12 14 919526.9035950314
 636 8 12 4 12 14 920259.8109209383
 637 8 10 6 12 14 921001.5268883833
 638 7 10 6 12 15 921954.7252621257
 639 9 10 5 12 14 922700.6948047021
 640 8 11 4 12 15 923656.3450855686
 641 7 12 5 12 14 924307.4235581479
 642 7 12 5 12 14 925232.5157496561
 643 8 12 4 12 14 926240.9541390789
 644 8 11 4 12 15 927585.7375264971
 645 8 11 4 12 15 928629.7535939135
 646 9 10 4 12 15 929571.1932708935
 647 7 12 5 12 14 930569.5081305408
 648 9 12 3 12 14 931615.6556234604
 649 8 12 3 12 15 932846.2963282805
 650 7 12 5 12 14 934043.8519482677
 651 7 11 5 12 15 935373.5277155224
 652 8 10 5 12 15 936530.3190155972
 653 7 12 5 12 14 937937.4093665162
 654 8 11 5 12 14 939213.3567234525
 655 8 11 5 12 14 940178.7931889528
 656 8 11 5 12 14 941395.5950245453
 657 7 13 4 12 14 942583.0982893797
 658 7 11 5 12 15 943641.3729312014
 659 8 12 4 12 14 944762.1858237343
 660 7 13 4 12 14 945866.8219133476
 661 7 12 5 12 14 946722.056792012
 662 7 13 4 12 14 947859.128876322
 663 7 11 6 12 14 948896.5561137558
 664 7 12 4 12 15 950094.4551320971
 665 8 11 5 12 14 950785.9068042161
 666 7 11 6 12 14 951692.5595454775
 667 8 11 5 12 14 952375.6431221178
 668 7 12 5 12 14 953328.3056161237
 669 8 11 5 12 14 954370.4057393887
 670 8 12 4 12 14 955520.6242046268
 671 7 12 4 12 15 956617.6181553284
 672 8 12 4 12 14 957605.7638577139
 673 9 12 3 12 14 959105.4989199616
 674 8 11 5 12 14 959655.6178053902
 675 9 12 3 12 14 960622.190317227
 676 6 13 4 12 15 961680.1112857559
 677 7 12 5 12 14 962934.6973290151
 678 8 12 4 12 14 964264.3101383926
 679 9 12 3 12 14 965620.9774690841
 680 7 12 4 12 15 967280.7250262136
 681 8 10 5 12 15 968049.9566298197
 682 8 11 5 12 14 969260.7666112438
 683 7 12 5 12 14 970477.4143128593
 684 8 12 4 12 14 971730.7839188811
 685 7 11 5 12 15 972900.4908754454
 686 7 11 5 12 15 973804.8358083391
 687 8 13 3 12 14 974871.6651424711
 688 8 14 2 12 14 975800.9127915405
 689 9 13 2 12 14 977138.7380986401
 690 7 13 4 12 14 978348.4519622895
 691 8 10 6 12 14 979170.5267218046
 692 8 11 5 12 14 980166.0269873035
 693 8 10 6 12 14 980988.9583490136
 694 10 10 4 12 14 981807.125693183
 695 7 14 3 12 14 983366.4471121144
 696 8 12 4 12 14 984307.4848506034
 697 7 13 5 12 13 985523.0917112472
 698 8 12 4 12 14 986926.8528908987
 699 8 12 3 12 15 988251.3724527373
 700 8 13 3 12 14 989769.2551314249
 701 7 13 4 12 14 991085.5266778481
 702 7 11 5 12 15 992356.5109356653
 703 9 10 5 12 14 993229.6586352896
 704 9 11 4 12 14 994333.6904459638
 705 9 11 5 11 14 995333.092724997
 706 8 11 6 11 14 996377.5298752597
 707 7 12 4 12 15 997572.5446390415
 708 7 11 6 12 14 998723.136259509
 709 7 12 5 12 14 999847.9897722218
 710 7 12 4 12 15 1001341.4061990732
 711 7 12 5 12 14 1002151.919207194
 712 7 13 4 11 15 1003596.8764775209
 713 8 11 5 11 15 1004541.4793730879
 714 6 12 5 12 15 1005636.452711736
 715 8 11 5 11 15 1006867.2824860062
 716 9 11 4 11 15 1007731.2739381545
 717 8 11 5 11 15 1008621.0492396629
 718 8 13 3 11 15 1010003.5794492367
 719 6 12 5 12 15 1010976.5456308424
 720 11 13 4 10 12 1010455.8011090332
 721 11 13 3 11 12 1010133.2921545218
 722 12 12 3 11 12 1009739.1386666643
 723 11 14 2 11 12 1009513.8659315106
 724 11 14 2 11 12 1009299.0537152925
 725 13 12 2 11 12 1008811.5591388829
 726 10 13 3 12 12 1008558.7953844842
 727 11 13 3 11 12 1008042.7186544121
 728 12 13 2 11 12 1007634.4905263511
 729 12 13 2 11 12 1007089.4853043766
 730 11 14 2 11 12 1006887.0506572892
 731 11 14 2 11 12 1006575.1524350527
 732 10 13 4 11 12 1006231.2147498647
 733 10 14 3 11 12 1005912.1228419371
 734 11 13 3 11 12 1005404.3018117216
 735 11 14 2 11 12 1005297.0223727924
 736 12 13 2 11 12 1005043.1087029604
 737 11 13 3 11 12 1004559.0961953801
 738 12 13 2 11 12 1004187.6690194714
 739 11 13 3 11 12 1003897.1015628729
 740 12 13 2 11 12 1003564.6027946878
 741 12 13 2 11 12 1003079.2401001501
 742 12 12 3 11 12 1002787.0336805397
 743 12 13 2 11 12 1002429.6620695097
 744 10 14 3 11 12 1002298.339100808
 745 12 13 2 11 12 1002241.1159049778
 746 11 14 2 11 12 1001887.240763163
 747 12 13 2 11 12 1001436.4585317108
 748 11 14 2 11 12 1001063.9390973162
 749 11 13 3 11 12 1000617.6674026643
 750 10 15 2 11 12 1000271.4658454407
 751 12 13 2 11 12 1000198.6028376963
 752 11 14 2 11 12 999768.9126115281
 753 11 14 2 11 12 999803.8065537054
 754 9 14 3 11 13 999726.8352359101
 755 9 15 2 11 13 999584.1886792767
 756 8 15 3 11 13 999650.9117185021
 757 9 14 3 11 13 999632.6438709587
 758 10 13 3 11 13 999376.2877345575
 759 9 13 4 11 13 999203.4875558235
 760 10 13 3 11 13 998891.7311552693
 761 9 15 2 11 13 998968.6993176122
 762 10 14 2 11 13 999042.6363788778
 763 8 14 4 11 13 998880.5394942595
 764 10 13 3 11 13 998761.3228859232
 765 9 15 2 11 13 998754.018686553
 766 10 13 3 11 13 998694.0784654063
 767 9 14 3 11 13 998680.9515321123
 768 9 14 3 11 13 998418.4036808199
 769 10 13 3 11 13 998093.9991552514
 770 8 15 3 11 13 998223.7406971526
 771 10 14 2 11 13 998133.4750222384
 772 8 15 3 11 13 998085.204587273
 773 9 14 3 11 13 998054.8548505317
 774 8 14 4 11 13 997874.5429646471
 775 10 14 2 11 13 997897.1021981956
 776 9 14 3 11 13 997885.0118506363
 777 8 14 4 11 13 997942.14765204
 778 11 13 2 11 13 997741.924665676
 779 9 15 2 11 13 997669.74079207
 780 10 14 2 11 13 997716.5253076283
 781 9 15 2 11 13 997714.1466789256
 782 10 13 3 11 13 997617.6632929903
 783 9 14 3 11 13 997599.4101684034
 784 11 13 2 11 13 997432.6355409948
 785 10 14 2 11 13 997520.8129867917
 786 11 13 2 11 13 997324.5816274866
 787 10 14 2 11 13 997288.4991193038
 788 11 12 3 11 13 996845.3858870832
 789 10 14 2 11 13 996688.6734246308
 790 10 14 2 11 13 996410.6897799922
 791 11 13 2 11 13 996408.9046554103
 792 10 13 3 11 13 996279.0526942064
 793 9 14 3 11 13 996167.7545473453
 794 10 14 2 11 13 996268.9227994138
 795 11 13 2 11 13 995944.8655400627
 796 10 13 3 11 13 995785.6443261306
 797 10 13 3 11 13 995602.2174646343
 798 11 13 2 11 13 995632.4969701954
 799 10 13 3 11 13 995601.6470515609
 800 10 14 2 11 13 995433.3972524605
 801 10 14 2 11 13 995451.55712857
 802 11 13 2 11 13 995139.1871182492
 803 9 14 3 11 13 995263.3565325022
 804 11 13 2 11 13 995216.1034027524
 805 9 14 3 11 13 994960.8068924681
 806 10 13 3 11 13 994997.3454611481
 807 11 13 2 11 13 994678.4537495488
 808 10 14 2 11 13 994886.4896292081
 809 10 14 2 11 13 995152.9577735619
 810 11 13 2 11 13 995092.4366887093
 811 10 13 3 11 13 995068.7410254664
 812 10 13 3 11 13 994768.287237437
 813 9 14 3 11 13 994798.7549805135
 814 11 13 2 11 13 994741.0779160256
 815 11 13 2 11 13 994783.0443386415
 816 12 13 1 11 13 994568.1638547088
 817 9 14 2 11 14 994748.1222856246
 818 10 13 2 11 14 994448.6282049504
 819 9 13 3 11 14 994655.3733522482
 820 9 14 2 11 14 994746.0736215976
 821 10 13 2 11 14 995103.5863843821
 822 10 12 2 11 15 995194.8143833318
 823 10 13 2 11 14 995417.3863499408
 824 11 12 2 11 14 995204.114910869
 825 10 13 2 11 14 995418.9258274874
 826 11 11 2 11 15 995230.1464513039
 827 10 11 3 11 15 995276.4530197412
 828 10 12 2 11 15 995203.648353299
 829 10 12 2 11 15 995352.8598361188
 830 10 12 2 11 15 995060.1705597133
 831 9 13 2 11 15 995178.3865105015
 832 10 11 3 11 15 994863.0493739184
 833 9 13 3 11 14 994834.9096435369
 834 10 13 2 11 14 994581.9169066235
 835 10 13 2 11 14 994645.9662262243
 836 10 13 2 11 14 994479.5695862803
 837 11 12 2 11 14 994439.3323438312
 838 9 13 3 11 14 994107.4303938672
 839 10 13 2 11 14 994225.2689219569
 840 11 12 2 11 14 993925.0634969164
 841 11 12 2 11 14 993530.2862871353
 842 11 14 1 11 13 993415.0564185785
 843 10 12 3 11 14 993159.3068356158
 844 10 13 2 11 14 993168.0331830101
 845 11 13 2 11 13 993065.5974501276
 846 11 13 2 11 13 993036.8080626598
 847 10 13 2 11 14 992916.2261287789
 848 10 14 2 11 13 992981.2083326892
 849 10 14 2 11 13 992817.5809526285
 850 11 13 2 11 13 992605.7062770148
 851 9 15 2 11 13 992534.395048549
 852 9 14 3 11 13 992616.7237446419
 853 10 14 2 11 13 992523.1557852835
 854 9 14 2 11 14 992503.1790439695
 855 10 14 2 11 13 992464.9085395746
 856 9 14 3 11 13 992386.8209665506
 857 11 13 2 11 13 992260.4223560339
 858 10 14 2 11 13 992305.8103920423
 859 10 14 2 11 13 992264.1088704355
 860 11 13 2 11 13 992180.6304686582
 861 10 13 2 11 14 992197.0547584413
 862 11 12 2 11 14 992190.6457959117
 863 10 14 2 11 13 992242.3557259388
 864 9 14 3 11 13 992312.161000738
 865 11 13 2 11 13 992255.8187988997
 866 9 14 3 11 13 992409.1979769685
 867 10 13 2 11 14 992613.1023676727
 868 10 13 3 11 13 992472.1824991729
 869 11 13 2 11 13 992376.6717746969
 870 11 13 2 11 13 992483.0201487325
 871 11 13 2 11 13 992431.1808497726
 872 10 14 2 11 13 992444.7505605951
 873 11 13 2 11 13 992337.8327469481
 874 10 14 2 11 13 992432.3530964605
 875 10 14 2 11 13 992365.6828291549
 876 10 14 2 11 13 992604.3129524243
 877 10 14 2 11 13 992564.4501816779
 878 10 14 2 11 13 993017.0182036527
 879 10 14 2 11 13 993024.9827103912
 880 9 15 2 11 13 993458.1294609166
 881 10 14 2 11 13 993671.0630075544
 882 9 14 2 11 14 994106.6022185064
 883 10 14 2 11 13 994154.9837134093
 884 10 13 3 11 13 994062.0081743954
 885 9 14 3 11 13 994143.8570574813
 886 11 13 2 11 13 994432.386245751
 887 10 12 3 11 14 994374.9928790774
 888 9 12 3 11 15 994475.859730748
 889 9 12 4 11 14 994438.1970198499
 890 9 14 2 11 14 994867.0386365019
 891 8 14 3 11 14 994848.8112270151
 892 8 14 3 11 14 995226.4610510821
 893 8 13 4 11 14 995260.829080679
 894 10 13 2 11 14 995246.131636927
 895 9 14 2 11 14 995195.2319475446
 896 10 13 2 11 14 995184.2575570083
 897 9 14 2 11 14 995392.8364045129
 898 10 13 2 11 14 995293.6464973763
 899 9 14 2 11 14 995559.6597177482
 900 10 13 2 11 14 995508.191116041
 901 9 13 3 11 14 995635.9710077514
 902 10 13 2 11 14 995759.6976785351
 903 9 14 2 11 14 995937.6791678827
 904 10 13 2 11 14 996023.6662178831
 905 9 14 2 11 14 996142.8106552751
 906 9 13 3 11 14 996301.0350528779
 907 9 14 2 11 14 996500.2392826135
 908 9 13 3 11 14 996475.2484035821
 909 9 14 2 11 14 996796.5796603933
 910 9 13 3 11 14 996941.0160293105
 911 7 15 3 11 14 997196.5330388106
 912 9 13 3 11 14 997318.7902152069
 913 9 13 3 11 14 997310.2007517642
 914 8 14 3 11 14 997385.0417891208
 915 9 13 3 11 14 997496.1231398687
 916 8 14 3 11 14 997291.400678737
 917 8 15 2 11 14 997702.8570912107
 918 9 14 2 11 14 997601.8867768317
 919 9 14 2 11 14 997793.7121163645
 920 10 13 2 11 14 997929.8136489191
 921 9 14 2 11 14 997877.1781220282
 922 9 14 2 11 14 998014.780206981
 923 9 13 2 11 15 998325.0433678421
 924 8 15 2 11 14 998599.9370197472
 925 9 12 4 11 14 998693.3544133083
 926 8 14 3 11 14 998805.722492003
 927 9 14 2 11 14 999039.7998991496
 928 8 14 2 12 14 999279.5767632277
 929 9 14 2 11 14 999389.5434820055
 930 7 14 3 12 14 999454.3189215951
 931 8 13 4 11 14 999505.3171043107
 932 9 13 3 11 14 999362.4788895977
 933 9 14 2 11 14 999871.6815220991
 934 7 14 3 12 14 1000012.9540014369
 935 9 13 2 12 14 1000280.951965042
 936 8 13 4 11 14 1000414.5761025198
 937 10 11 3 11 15 1000360.4278726557
 938 8 13 4 11 14 1000374.2217300351
 939 8 14 3 11 14 1000802.3004844749
 940 10 12 3 11 14 1000598.4016321418
 941 8 12 4 11 15 1000876.456299945
 942 8 15 2 11 14 1001088.884165818
 943 8 14 3 11 14 1001153.6945096535
 944 8 13 3 11 15 1001263.3255057816
 945 9 14 2 11 14 1001475.7835679556
 946 10 13 2 11 14 1001500.785486418
 947 9 14 2 11 14 1001554.9455280507
 948 9 14 2 11 14 1001607.6453414444
 949 8 13 3 11 15 1001910.7366902316
 950 9 14 2 11 14 1002117.0321561174
 951 8 14 3 11 14 1002040.7964995302
 952 8 14 3 11 14 1002352.92079443
 953 7 14 3 11 15 1002749.4803860236
 954 7 15 3 11 14 1003030.3236660227
 955 7 15 3 11 14 1003331.6190990778
 956 8 15 2 11 14 1003924.6716390842
 957 7 14 4 11 14 1003815.1415968835
 958 8 14 3 11 14 1004219.8049588627
 959 7 13 3 12 15 1004413.5726478979
 960 9 15 2 11 13 1004554.917527482
 961 8 15 3 11 13 1004535.4585523106
 962 11 12 3 11 13 1004412.0014604138
 963 9 13 4 11 13 1004346.0312547012
 964 11 12 3 11 13 1004023.591738172
 965 11 12 2 11 14 1003738.2084741906
 966 10 13 3 11 13 1003609.2132187779
 967 11 12 3 11 13 1003147.4345057756
 968 8 15 3 11 13 1003187.5311978578
 969 10 13 2 11 14 1003190.9383099546
 970 9 15 2 11 13 1003312.0470912777
 971 10 14 2 11 13 1003285.8848809452
 972 10 13 3 11 13 1003217.3411475852
 973 10 14 2 11 13 1002992.0009500602
 974 8 14 4 11 13 1002870.9093943252
 975 9 14 3 11 13 1002573.2827785804
 976 8 15 3 11 13 1002547.54417757
 977 9 14 3 11 13 1002290.0082304779
 978 9 13 3 11 14 1001970.8446192163
 979 10 14 2 11 13 1001824.0720175059
 980 10 14 2 11 13 1001565.5382724032
 981 9 15 2 11 13 1001612.7479975016
 982 10 14 2 11 13 1001284.5798871996
 983 10 13 2 11 14 1001107.7423940733
 984 9 14 3 11 13 1000777.6135645644
 985 10 13 2 11 14 1000731.8991920545
 986 10 14 2 11 13 1000386.808366595
 987 10 14 2 11 13 1000025.727192129
 988 10 14 2 11 13 999864.5518045296
 989 10 14 2 11 13 999688.2111084961
 990 11 12 3 11 13 999394.0130056142
 991 9 14 3 11 13 999232.3918097212
 992 9 14 2 11 14 999058.593423774
 993 11 13 2 11 13 998700.1458009636
 994 9 15 2 11 13 998582.4854092804
 995 9 14 3 11 13 998522.9612140398
 996 9 13 3 11 14 998483.8854737453
 997 12 12 2 11 13 998259.5163536456
 998 10 13 2 11 14 998199.3886373012
 999 11 13 2 11 13 998001.3329249514
 1000 11 13 2 11 13 997795.2960139125
 1001 10 14 2 11 13 997696.6560348625
 1002 10 13 3 11 13 997416.5817169077
 1003 10 14 2 11 13 997294.8067595684
 1004 10 14 2 11 13 997024.1402321793
 1005 10 14 2 11 13 996885.5710899653
 1006 10 14 2 11 13 996908.6996460855
 1007 10 13 3 11 13 996784.7151174082
 1008 10 14 2 11 13 996937.2359418597
 1009 11 13 2 11 13 996616.9037313175
 1010 10 14 2 11 13 996545.0663628046
 1011 10 14 2 11 13 996500.4050481123
 1012 10 13 3 11 13 996412.4651607939
 1013 10 14 2 11 13 996199.7230373323
 1014 10 14 2 11 13 996312.8864661924
 1015 11 13 2 11 13 995863.6994389364
 1016 10 13 3 11 13 995870.1282541485
 1017 9 14 3 11 13 995490.8049189714
 1018 9 14 2 11 14 995686.4172683811
 1019 8 15 3 11 13 995424.7107842069
 1020 9 14 3 11 13 995453.6047924566
 1021 9 15 2 11 13 995440.2409458032
 1022 9 14 3 11 13 995588.0940976645
 1023 9 14 3 11 13 995301.3879362956
 1024 11 12 3 11 13 995189.3412069349
 1025 9 14 3 11 13 994918.3031464141
 1026 10 14 2 11 13 994828.06397449
 1027 10 14 2 11 13 994709.0148090955
 1028 9 14 2 11 14 994716.2250748537
 1029 10 14 2 11 13 994481.1092533125
 1030 10 13 3 11 13 994386.9176022063
 1031 10 14 2 11 13 994243.9082438776
 1032 10 14 2 11 13 994139.56859069
 1033 10 14 3 11 12 993755.967927367
 1034 9 15 2 11 13 993759.3265526161
 1035 10 13 3 11 13 993618.2678794482
 1036 9 13 4 11 13 993450.8569156465
 1037 10 14 2 11 13 993288.6664371748
 1038 10 14 2 11 13 993317.0278368687
 1039 11 12 2 11 14 992914.2139093321
 1040 10 14 2 11 13 992964.2985287647
 1041 9 14 2 11 14 993072.9585346945
 1042 9 15 2 11 13 993225.7470865238
 1043 9 15 2 11 13 993227.1086431745
 1044 10 14 2 11 13 993207.9790216379
 1045 10 14 2 11 13 993190.1759508909
 1046 8 15 4 11 12 992996.3692394877
 1047 10 14 3 11 12 992720.262962714
 1048 9 14 2 12 13 992591.9692695965
 1049 9 13 2 12 14 992568.017726454
 1050 9 14 3 12 12 992313.5698910484
 1051 9 15 2 11 13 992474.6872764599
 1052 11 14 1 11 13 992256.2491012869
 1053 9 14 3 11 13 992214.0400222624
 1054 10 14 2 11 13 992019.4694700838
 1055 9 13 4 11 13 992023.1611257615
 1056 11 12 2 11 14 991441.6332873997
 1057 10 12 3 11 14 990949.8395255454
 1058 9 12 4 12 13 990609.5529587677
 1059 10 13 2 12 13 990202.7241291559
 1060 10 13 2 12 13 989940.318223933
 1061 11 12 2 11 14 989435.2846149155
 1062 9 14 2 11 14 989356.0024918063
 1063 10 12 4 11 13 988788.9655674082
 1064 9 14 2 11 14 988850.7076146705
 1065 9 13 3 11 14 988563.5050156846
 1066 10 12 3 11 14 988304.9042688495
 1067 9 13 2 12 14 988166.9533519545
 1068 11 12 2 11 14 987927.3712684532
 1069 10 13 2 11 14 987657.1943748614
 1070 11 12 2 11 14 987342.2869891679
 1071 10 13 2 11 14 987039.0978896779
 1072 11 11 6 10 12 988099.1345250341
 1073 11 12 3 11 13 989404.4962963776
 1074 9 12 5 11 13 990528.829055779
 1075 10 10 5 11 14 991505.2719796012
 1076 10 12 5 11 12 992437.5588231299
 1077 10 12 5 11 12 993593.2268650067
 1078 11 11 5 11 12 994612.1120995039
 1079 10 12 4 11 13 995852.0554263255
 1080 11 10 5 11 13 996934.7906626225
 1081 10 11 5 11 13 998231.0472534273
 1082 11 10 5 11 13 999312.1671652559
 1083 11 12 4 11 12 1000430.8367147386
 1084 9 13 4 11 13 1001647.832566204
 1085 10 11 5 11 13 1002670.0842976725
 1086 9 11 5 11 14 1003760.5882843307
 1087 10 12 4 11 13 1004969.8659450721
 1088 9 13 4 11 13 1006158.0019459971
 1089 9 11 4 12 14 1007365.6491875793
 1090 11 11 2 12 14 1008610.9848843584
 1091 10 11 3 12 14 1010008.6912917185
 1092 9 11 4 12 14 1011278.9919711505
 1093 11 11 2 12 14 1012458.4828071924
 1094 9 11 4 12 14 1013726.9527045181
 1095 9 12 3 12 14 1015204.2478393445
 1096 10 10 3 12 15 1016741.4802050336
 1097 9 11 4 12 14 1018277.1474948622
 1098 8 11 4 12 15 1019716.4472366853
 1099 9 12 3 12 14 1021035.5183482281
 1100 9 13 2 12 14 1022830.5245614861
 1101 8 12 3 12 15 1024476.287736272
 1102 10 12 2 12 14 1025955.9535740289
 1103 8 13 3 12 14 1027366.4574767293
 1104 11 11 3 11 14 1028702.3404900813
 1105 10 11 4 11 14 1030076.2876501093
 1106 10 10 5 11 14 1031337.9827654543
 1107 9 10 6 11 14 1032639.663497786
 1108 11 11 3 11 14 1034108.244032298
 1109 9 11 4 11 15 1035501.226509815
 1110 8 11 5 11 15 1036909.1964159848
 1111 9 13 4 11 13 1038555.907629952
 1112 9 12 5 11 13 1039999.251403986
 1113 10 11 4 11 14 1041503.6786533598
 1114 10 11 4 11 14 1042929.613095818
 1115 9 10 6 11 14 1044264.4217908839
 1116 10 10 5 11 14 1045855.0432247914
 1117 9 10 5 11 15 1047196.273871895
 1118 10 10 6 11 13 1048569.541996586
 1119 9 10 6 11 14 1049824.9717097387
 1120 9 10 6 11 14 1051316.3547195727
 1121 9 10 6 11 14 1052907.1632876468
 1122 10 10 6 11 13 1054218.1221861623
 1123 9 11 6 11 13 1055803.5770475783
 1124 8 11 6 11 14 1057258.7216992963
 1125 9 11 5 11 14 1058708.763132135
 1126 9 11 5 11 14 1060139.3649002588
 1127 9 11 5 11 14 1061571.7435523723
 1128 9 12 4 11 14 1062831.0365046638
 1129 8 13 3 11 15 1064322.649652959
 1130 9 11 5 11 14 1065507.4337522672
 1131 9 13 3 11 14 1067183.3363707107
 1132 9 11 5 11 14 1068616.3941409271
 1133 8 11 5 11 15 1070036.0458498371
 1134 10 12 3 11 14 1071605.2234906037
 1135 10 12 3 11 14 1072967.528715996
 1136 9 12 4 11 14 1074547.2145253522
 1137 10 10 5 11 14 1075945.0883576006
 1138 11 10 4 11 14 1077463.6174721376
 1139 11 11 4 11 13 1078551.7652452022
 1140 10 11 4 11 14 1079924.2480738459
 1141 10 12 4 11 13 1081286.758099463
 1142 10 10 6 11 13 1082626.164316564
 1143 11 10 5 11 13 1083699.1343942303
 1144 10 11 5 11 13 1085148.3225950988
 1145 11 11 4 11 13 1086429.5978569947
 1146 10 11 5 11 13 1087916.7612698933
 1147 11 10 5 11 13 1089072.313087121
 1148 10 12 4 11 13 1090547.5724447325
 1149 8 12 5 11 14 1092071.4352019273
 1150 9 12 4 11 14 1093622.328635167
 1151 9 13 4 11 13 1095097.319244871
 1152 10 11 6 11 12 1096322.5556542731
 1153 10 11 4 11 14 1097538.5800340232
 1154 8 11 5 11 15 1098948.8618313954
 1155 7 12 5 11 15 1100246.4119811635
 1156 8 12 4 11 15 1101633.5832222893
 1157 10 11 3 11 15 1103081.1419628484
 1158 10 10 4 11 15 1104568.0884252088
 1159 10 11 3 11 15 1106262.591496543
 1160 10 10 4 11 15 1107642.686454909
 1161 10 11 3 11 15 1108904.354967192
 1162 10 11 3 11 15 1110310.4197977216
 1163 9 12 3 12 14 1111965.6540980383
 1164 10 12 3 12 13 1113397.0522313737
 1165 8 14 3 12 13 1114854.601971919
 1166 11 12 3 11 13 1116350.5002492284
 1167 10 13 3 11 13 1118009.803806548
 1168 9 11 5 11 14 1119505.5222094392
 1169 9 11 5 11 14 1121002.0186712695
 1170 8 13 4 12 13 1122495.835932866
 1171 7 13 5 12 13 1124291.8956305569
 1172 11 12 3 11 13 1125830.393654059
 1173 11 10 4 11 14 1127201.436855056
 1174 12 11 3 11 13 1128156.8686619904
 1175 8 13 4 11 14 1130050.1978015546
 1176 12 10 2 11 15 1131469.4799298728
 1177 8 13 3 11 15 1133021.5416931508
 1178 9 13 3 11 14 1134695.0140754392
 1179 8 12 4 11 15 1136034.7524769234
 1180 8 13 3 11 15 1137686.954297033
 1181 10 11 3 11 15 1139296.8473934082
 1182 9 11 4 11 15 1141040.9583058797
 1183 9 11 4 11 15 1142567.8454919492
 1184 10 11 2 12 15 1144152.4497227026
 1185 10 11 2 12 15 1145632.3513846828
 1186 9 12 3 11 15 1147303.4186523936
 1187 10 11 3 11 15 1148984.026902072
 1188 9 12 3 11 15 1150507.381383837
 1189 9 12 3 11 15 1152190.9751368945
 1190 8 11 5 11 15 1153865.8120307801
 1191 10 11 3 11 15 1155616.1474922688
 1192 9 12 3 11 15 1157568.6864406506
 1193 9 12 3 11 15 1159257.9658477698
 1194 9 12 3 11 15 1161193.1657791173
 1195 10 12 2 11 15 1162967.447426112
 1196 10 11 3 11 15 1164788.488112949
 1197 11 10 3 11 15 1166277.2369853999
 1198 12 10 2 11 15 1167806.9468337325
 1199 9 11 3 12 15 1169445.3377331467
 1200 13 11 3 10 13 1170879.454483944
 1201 10 12 3 12 13 1172238.1179757642
 1202 10 11 4 12 13 1173970.1282460333
 1203 10 11 5 11 13 1175503.6622914043
 1204 9 11 5 11 14 1177325.305587431
 1205 10 11 5 11 13 1178801.1747575444
 1206 11 11 4 11 13 1180461.521592282
 1207 10 11 4 11 14 1181997.5837565071
 1208 10 12 3 11 14 1183557.7065080137
 1209 10 11 4 11 14 1185149.9608957488
 1210 10 11 4 11 14 1186700.62169702
 1211 10 10 5 11 14 1188425.6800892886
 1212 9 12 4 11 14 1190061.7277448457
 1213 9 10 5 11 15 1191485.8567183504
 1214 9 10 5 11 15 1192837.9257454136
 1215 10 10 5 11 14 1194344.3482570194
 1216 11 10 4 11 14 1195695.75358833
 1217 10 11 4 11 14 1196965.8132514602
 1218 9 12 4 11 14 1198557.5354809228
 1219 11 11 3 11 14 1199933.1775340075
 1220 10 12 3 11 14 1201463.124216497
 1221 8 12 4 11 15 1203179.8882802352
 1222 9 12 4 11 14 1204766.615877952
 1223 9 12 4 11 14 1206298.0995339516
 1224 9 12 3 11 15 1208268.9809680535
 1225 11 12 2 11 14 1209929.2332272357
 1226 12 12 1 11 14 1211484.820524534
 1227 11 11 3 11 14 1213161.9355248646
 1228 10 12 3 11 14 1214829.6669674413
 1229 8 13 3 11 15 1216591.5500487066
 1230 10 12 4 11 13 1218258.2620965855
 1231 9 11 5 11 14 1219564.9671615986
 1232 11 11 4 11 13 1221211.742979163
 1233 11 11 4 11 13 1222780.7506155341
 1234 11 11 4 11 13 1224363.4778270042
 1235 11 10 5 11 13 1225758.2740124518
 1236 10 10 5 11 14 1227278.358175112
 1237 9 12 6 11 12 1228803.2662781249
 1238 9 11 6 11 13 1230276.3843923465
 1239 10 10 5 11 14 1231384.7272232997
 1240 10 12 3 11 14 1232952.20104466
 1241 9 12 3 11 15 1234697.9771239725
 1242 9 12 4 11 14 1236341.555474515
 1243 9 12 4 11 14 1237775.50902011
 1244 10 13 3 11 13 1239252.2375492868
 1245 11 11 4 11 13 1240686.295118654
 1246 11 11 4 11 13 1241914.9911093642
 1247 11 12 3 11 13 1243058.5127132623
 1248 10 11 4 12 13 1244353.3457598726
 1249 9 12 3 12 14 1245880.6139197585
 1250 11 11 3 12 13 1247345.8900672928
 1251 9 11 4 12 14 1248867.716959976
 1252 9 11 5 12 13 1250279.8914577272
 1253 9 11 5 12 13 1251185.7370163726
 1254 11 11 3 12 13 1252281.1848825805
 1255 10 11 4 12 13 1253518.8553020596
 1256 11 12 2 12 13 1254952.3365578793
 1257 9 11 5 12 13 1255933.6440038544
 1258 10 12 3 12 13 1257175.1124799931
 1259 11 12 2 12 13 1258480.7468200356
 1260 11 10 4 12 13 1259544.526173308
 1261 10 11 4 12 13 1260905.2390784256
 1262 11 10 4 12 13 1262298.1056605785
 1263 10 10 5 12 13 1263593.3129440367
 1264 11 10 5 11 13 1265167.353714262
 1265 10 11 5 11 13 1266877.854305321
 1266 10 10 5 11 14 1268309.1740160328
 1267 10 11 4 11 14 1269953.815543904
 1268 10 11 5 11 13 1271592.2248500115
 1269 12 11 3 11 13 1273358.80485044
 1270 10 11 4 11 14 1275126.2863807774
 1271 9 12 3 11 15 1277033.8652232168
 1272 8 12 4 11 15 1278885.533930896
 1273 11 11 2 11 15 1280451.7277365194
 1274 8 12 4 11 15 1282227.481584229
 1275 10 11 4 11 14 1283931.9253564384
 1276 10 11 4 11 14 1285796.5523558327
 1277 10 11 4 11 14 1287337.8450867091
 1278 10 11 4 11 14 1289151.0910473613
 1279 9 12 4 11 14 1290831.4939015836
 1280 9 12 4 11 14 1292696.0410312389
 1281 10 11 4 11 14 1294336.928425115
 1282 8 11 6 11 14 1296101.8052400337
 1283 9 11 5 11 14 1297713.2462379532
 1284 11 12 3 11 13 1299275.7524966635
 1285 9 12 4 11 14 1300993.846508794
 1286 7 12 5 11 15 1302913.109600053
 1287 8 12 5 11 14 1304750.6063642052
 1288 9 12 4 11 14 1306298.7603023003
 1289 8 11 6 11 14 1307906.5956543854
 1290 10 11 4 11 14 1309472.4617495586
 1291 9 12 4 11 14 1311359.2181021704
 1292 10 11 4 11 14 1313113.3797025825
 1293 10 11 4 11 14 1314789.649801999
 1294 8 12 5 11 14 1316496.364628219
 1295 8 12 5 11 14 1318419.4721533174
 1296 9 11 5 11 14 1320030.58102972
 1297 9 11 5 11 14 1321721.3253933988
 1298 10 10 5 11 14 1323270.5169102172
 1299 9 11 4 11 15 1324791.2608732074
 1300 9 12 4 11 14 1326508.4221525327
 1301 11 10 4 11 14 1328036.704095452
 1302 8 12 4 12 14 1329984.6058269513
 1303 9 11 4 12 14 1331593.619221843
 1304 10 12 2 12 14 1333219.1980810738
 1305 11 10 4 11 14 1334788.6497392613
 1306 11 11 3 11 14 1336546.1446417798
 1307 9 13 3 11 14 1338178.0080264173
 1308 9 13 3 11 14 1340064.0963177832
 1309 11 12 2 11 14 1341746.9460856004
 1310 9 11 5 11 14 1343453.3197575852
 1311 10 11 4 11 14 1345138.0049802426
 1312 9 10 6 11 14 1346447.64378016
 1313 9 12 4 11 14 1348069.3692243577
 1314 9 12 4 11 14 1349577.51672638
 1315 10 11 4 11 14 1351178.0779411502
 1316 9 12 4 11 14 1352825.8691966191
 1317 8 13 4 11 14 1354452.473529968
 1318 7 13 4 11 15 1356580.8723587217
 1319 9 12 4 11 14 1358402.5385248258
 1320 9 11 5 11 14 1359867.725392361
 1321 8 11 6 11 14 1361309.4499276762
 1322 8 13 5 11 13 1362861.7348722466
 1323 9 13 4 11 13 1364734.408192591
 1324 10 11 5 11 13 1366372.0252047821
 1325 10 10 6 11 13 1367755.9010460854
 1326 10 12 4 11 13 1369486.46103427
 1327 9 11 5 11 14 1371341.6500094438
 1328 11 10 5 11 13 1373066.402874588
 1329 11 10 5 11 13 1374632.8155291602
 1330 11 10 5 11 13 1375937.8473743426
 1331 10 11 4 11 14 1377359.0859269353
 1332 10 12 4 11 13 1379308.0863222235
 1333 9 11 4 11 15 1381081.6852797635
 1334 12 10 3 11 14 1382840.9142980024
 1335 10 11 3 11 15 1384847.7298555672
 1336 11 11 3 11 14 1386666.1004200599
 1337 9 12 5 11 13 1388312.90214554
 1338 10 11 5 11 13 1389958.8040686673
 1339 9 12 4 11 14 1391752.72551489
 1340 9 11 5 11 14 1393576.480680539
 1341 9 11 5 11 14 1394976.4812804135
 1342 10 11 4 11 14 1396811.647763106
 1343 10 11 4 11 14 1398712.7073872618
 1344 10 10 5 11 14 1400342.5101492673
 1345 9 12 5 11 13 1402011.6007030935
 1346 9 13 4 11 13 1403567.7769996864
 1347 8 13 4 11 14 1405374.2721635392
 1348 9 12 4 11 14 1407190.1419704773
 1349 9 11 4 11 15 1408815.80260316
 1350 9 11 5 11 14 1410706.7514076293
 1351 8 11 5 11 15 1412471.2514521084
 1352 9 11 5 11 14 1414415.792697553
 1353 9 11 5 11 14 1416083.030622831
 1354 10 11 4 11 14 1417819.6011079042
 1355 10 11 4 11 14 1419602.9313138046
 1356 11 10 4 11 14 1421180.723726082
 1357 10 11 4 11 14 1422828.9821569568
 1358 10 11 4 11 14 1424486.6745111854
 1359 11 10 4 11 14 1426130.3165360007
 1360 10 10 4 11 15 1427680.395476878
 1361 10 12 3 11 14 1429583.2111747926
 1362 10 11 4 11 14 1431200.3058515042
 1363 10 11 4 11 14 1432867.0111767582
 1364 10 10 5 11 14 1434420.2391600064
 1365 11 11 3 11 14 1436168.5430997992
 1366 10 11 4 11 14 1438002.5689055184
 1367 10 10 5 11 14 1439620.8463999128
 1368 10 10 5 11 14 1441220.2845996276
 1369 10 10 5 11 14 1442824.82000697
 1370 11 10 4 11 14 1444378.9563956847
 1371 10 11 4 11 14 1445983.4734551948
 1372 9 10 6 11 14 1447470.5892357668
 1373 9 12 3 11 15 1449209.8086902297
 1374 10 11 3 11 15 1450883.9514025517
 1375 9 11 5 11 14 1452580.6034922672
 1376 11 12 2 11 14 1454246.849539747
 1377 10 12 3 11 14 1456248.5145357684
 1378 10 11 4 11 14 1457903.1470672337
 1379 9 13 3 11 14 1459707.4852003055
 1380 9 11 5 11 14 1461462.5044647318
 1381 9 11 5 11 14 1463360.7480191262
 1382 8 12 4 11 15 1465148.0187424642
 1383 10 11 4 11 14 1466933.3318033295
 1384 9 12 4 11 14 1468800.7031884992
 1385 8 11 5 11 15 1470490.3335174532
 1386 9 11 5 11 14 1472037.0348468155
 1387 10 13 2 11 14 1474111.0876501577
 1388 10 11 4 11 14 1475790.409692415
 1389 9 11 5 11 14 1477547.2593100443
 1390 10 11 4 11 14 1479105.1336990676
 1391 9 12 4 11 14 1480976.3897609299
 1392 10 11 4 11 14 1482736.3683593336
 1393 9 11 5 11 14 1484313.7929207194
 1394 9 11 4 11 15 1486260.343161103
 1395 8 11 5 11 15 1488024.604203672
 1396 8 12 5 11 14 1489943.0203001634
 1397 10 11 4 11 14 1491817.4710205467
 1398 8 12 4 11 15 1493892.45123008
 1399 8 12 5 11 14 1495642.685760914
 1400 9 11 5 11 14 1497462.5456518242
 1401 8 11 6 11 14 1499045.9238665784
 1402 9 12 4 11 14 1500748.5403516975
 1403 9 12 4 11 14 1502338.3631664352
 1404 9 12 4 11 14 1504213.5538978798
 1405 11 11 3 11 14 1505762.4866806325
 1406 9 11 5 11 14 1507462.1675065998
 1407 10 11 4 11 14 1509104.330463437
 1408 9 12 4 11 14 1510776.0192521892
 1409 9 12 4 11 14 1512458.5759646627
 1410 9 12 4 11 14 1514180.0353330716
 1411 9 12 4 11 14 1515924.555466555
 1412 10 11 4 11 14 1517807.4225031806
 1413 11 10 4 11 14 1519317.1322899992
 1414 11 10 4 11 14 1521017.8861871576
 1415 10 11 5 11 13 1522488.179411493
 1416 11 11 4 11 13 1523964.1894250247
 1417 10 12 4 11 13 1525760.756551939
 1418 11 11 4 11 13 1527295.4587267481
 1419 10 11 5 11 13 1528906.473492769
 1420 10 11 4 11 14 1530686.8315023396
 1421 11 10 4 11 14 1532012.3999411925
 1422 10 11 4 11 14 1533871.6738608903
 1423 11 10 4 11 14 1535501.3457734678
 1424 9 12 4 11 14 1537186.08411437
 1425 9 12 3 11 15 1538922.700938064
 1426 8 12 4 11 15 1540756.9293243818
 1427 9 12 4 11 14 1542474.6618182631
 1428 9 12 4 11 14 1544083.6411558548
 1429 9 11 5 11 14 1545752.526336767
 1430 9 11 5 11 14 1547391.1547395852
 1431 11 11 3 11 14 1548735.8077152094
 1432 9 10 6 11 14 1550191.9614824187
 1433 9 11 5 11 14 1551615.283319949
 1434 8 10 6 11 15 1553331.5468339305
 1435 8 12 4 11 15 1554896.9880409061
 1436 8 11 4 12 15 1556656.486746744
 1437 7 11 5 12 15 1558151.3151486465
 1438 7 10 5 12 16 1559818.4128281074
 1439 7 10 5 12 16 1561415.0587529147
 1440 9 11 3 12 15 1563096.7260786383
 1441 8 11 4 12 15 1564657.1563850879
 1442 8 11 4 12 15 1566523.252000563
 1443 7 11 5 12 15 1568367.1135892028
 1444 8 10 5 12 15 1570266.5538639408
 1445 8 10 5 12 15 1572053.434533691
 1446 7 11 5 12 15 1573790.9992307166
 1447 8 10 5 12 15 1575570.949872382
 1448 8 10 5 12 15 1577181.7635811337
 1449 7 10 6 12 15 1578703.9840596365
 1450 7 11 5 12 15 1580612.8747493664
 1451 7 11 5 12 15 1582481.4741217834
 1452 8 10 5 12 15 1584107.0123469597
 1453 7 11 5 12 15 1585870.6446943942
 1454 7 9 6 12 16 1587468.1952347883
 1455 7 9 6 12 16 1589043.5869387698
 1456 9 10 5 11 15 1590665.0359281248
 1457 9 10 5 11 15 1591981.0761971911
 1458 8 11 5 11 15 1593243.07380902
 1459 8 11 5 11 15 1594427.3046043557
 1460 9 11 4 11 15 1595669.1683239923
 1461 9 11 4 11 15 1597293.341767734
 1462 9 10 5 11 15 1598550.0731193444
 1463 8 11 5 11 15 1600132.0401583079
 1464 8 11 5 11 15 1601539.5616334176
 1465 10 11 4 11 14 1602887.4090017483
 1466 11 10 4 11 14 1604092.4521728177
 1467 9 10 6 11 14 1605412.0852824638
 1468 9 10 5 12 14 1606633.860336621
 1469 9 11 4 12 14 1608167.4411914584
 1470 9 11 4 11 15 1609446.0387809253
 1471 9 11 5 11 14 1610964.2168845246
 1472 10 10 5 11 14 1612052.305273917
 1473 9 11 5 11 14 1613323.298325912
 1474 9 11 4 11 15 1614633.4287820952
 1475 9 12 4 11 14 1616045.557813831
 1476 11 10 4 11 14 1617365.3551275677
 1477 9 10 5 11 15 1618772.2559162332
 1478 9 11 5 11 14 1620062.0948728684
 1479 9 11 5 11 14 1621513.9888246742
 1480 10 10 5 11 14 1622859.433458088
 1481 9 10 6 11 14 1624001.9367868248
 1482 9 11 5 11 14 1625279.4057452593
 1483 9 12 4 11 14 1626746.8139491996
 1484 10 11 4 11 14 1628124.315830882
 1485 9 12 4 11 14 1629625.6556015941
 1486 9 11 5 11 14 1631190.363385579
 1487 10 10 5 11 14 1632518.2427415561
 1488 9 11 4 11 15 1634081.9367466676
 1489 9 10 5 11 15 1635831.9022289014
 1490 10 10 4 11 15 1637334.1362354339
 1491 9 11 5 11 14 1638690.3210686815
 1492 10 11 4 11 14 1640037.5834593284
 1493 9 11 5 11 14 1641567.9487986749
 1494 10 10 5 11 14 1642876.5397767404
 1495 9 11 5 11 14 1644394.4608633518
 1496 9 11 5 11 14 1645813.5013908765
 1497 9 11 5 11 14 1647114.4488694107
 1498 9 11 5 11 14 1648563.8320554283
 1499 9 11 5 11 14 1649961.1086294185
 1500 9 11 5 11 14 1651324.0654421211
 1501 9 10 6 11 14 1652693.15584009
 1502 10 10 5 11 14 1654187.50539179
 1503 10 10 4 11 15 1655802.8088373304
 1504 9 10 5 11 15 1657491.0713457344
 1505 8 11 4 11 16 1659294.994642757
 1506 9 10 5 11 15 1661058.4142812681
 1507 9 10 6 11 14 1662518.9339474118
 1508 10 9 5 11 15 1663839.6117271362
 1509 11 9 4 11 15 1665232.3720524067
 1510 10 9 5 11 15 1666618.3223805
 1511 9 10 5 11 15 1668067.8220453518
 1512 9 10 5 11 15 1669539.8688151694
 1513 10 10 4 11 15 1670863.0198511344
 1514 8 11 4 11 16 1672197.30252442
 1515 8 11 4 11 16 1673744.7481708727
 1516 8 11 4 11 16 1675162.8703286052
 1517 9 10 4 11 16 1676738.1418131494
 1518 9 10 5 11 15 1678359.8680887925
 1519 9 10 5 11 15 1679741.3936419995
 1520 9 11 4 11 15 1681214.830611181
 1521 9 10 5 11 15 1682516.8010554141
 1522 9 11 4 11 15 1683881.4148390486
 1523 9 11 4 11 15 1685593.3401416675
 1524 10 10 4 11 15 1687000.9934801883
 1525 9 11 4 11 15 1688377.2141452453
 1526 8 11 4 11 16 1689947.0699108988
 1527 9 10 4 11 16 1691536.4857108206
 1528 8 10 5 11 16 1692849.9802874643
 1529 9 11 4 11 15 1694258.2172448838
 1530 8 9 6 11 16 1695701.8803090528
 1531 9 9 6 11 15 1696910.806216327
 1532 8 10 5 11 16 1698257.4368463391
 1533 8 10 6 11 15 1699811.6855984146
 1534 9 10 5 11 15 1700948.5349638718
 1535 8 10 6 11 15 1702249.0819664525
 1536 10 9 4 11 16 1703494.7587642085
 1537 8 11 4 11 16 1704799.512539745
 1538 10 10 4 11 15 1705954.6803463527
 1539 9 11 4 11 15 1707375.1201054482
 1540 8 11 5 11 15 1708777.4219250837
 1541 9 10 5 11 15 1710258.389313167
 1542 9 13 2 11 15 1711899.897524644
 1543 8 11 5 11 15 1713671.7500714276
 1544 8 11 5 11 15 1715329.7283888736
 1545 8 11 5 11 15 1716916.2552743158
 1546 7 11 6 11 15 1718118.845326685
 1547 9 13 2 11 15 1719789.030603123
 1548 8 12 4 11 15 1721320.5578174258
 1549 8 11 5 11 15 1722960.1545586616
 1550 8 11 5 11 15 1724549.1429699338
 1551 9 11 4 11 15 1726058.7935491425
 1552 8 11 5 11 15 1727629.7256118811
 1553 8 11 5 11 15 1729236.9503394868
 1554 7 11 6 11 15 1730818.6807454554
 1555 8 11 6 11 14 1732133.277864146
 1556 8 11 5 11 15 1733590.9467842176
 1557 8 11 5 11 15 1735295.2801132589
 1558 9 12 3 11 15 1736848.2907153638
 1559 8 11 5 11 15 1738465.8833750887
 1560 9 11 4 11 15 1740092.8846679418
 1561 8 10 6 11 15 1741739.3567982398
 1562 12 10 4 11 13 1742971.5289569069
 1563 11 10 5 11 13 1744232.8275979692
 1564 11 11 4 11 13 1745551.94006509
 1565 12 11 3 11 13 1746959.0789125103
 1566 10 11 5 11 13 1748424.4084665114
 1567 10 11 5 11 13 1749891.9239288566
 1568 9 12 4 12 13 1751556.9846121853
 1569 10 11 4 12 13 1753041.5142341675
 1570 10 11 4 12 13 1754411.1264173144
 1571 12 10 3 12 13 1755566.6310732376
 1572 10 11 4 12 13 1756880.3388069058
 1573 11 11 2 12 14 1758287.3623528325
 1574 9 11 4 12 14 1759660.5779546725
 1575 12 11 2 12 13 1760934.5698139654
 1576 10 11 4 12 13 1762396.0938673883
 1577 10 11 4 12 13 1763660.8784168991
 1578 10 11 4 12 13 1765015.4607048729
 1579 10 11 4 12 13 1766562.0904582625
 1580 9 11 5 12 13 1768155.9938835455
 1581 9 11 5 12 13 1769635.1841316852
 1582 9 11 5 12 13 1770904.1247792945
 1583 9 11 5 12 13 1772102.2175175822
 1584 10 11 5 11 13 1773656.4732630048
 1585 9 11 5 11 14 1775124.6808767947
 1586 11 10 5 11 13 1776360.7411551091
 1587 9 11 5 11 14 1778098.5334683496
 1588 10 12 4 11 13 1779802.855571501
 1589 9 11 5 11 14 1781505.0745806182
 1590 9 11 5 11 14 1783029.490489403
 1591 9 11 5 11 14 1784399.925852063
 1592 8 11 6 11 14 1786000.935486939
 1593 9 11 5 11 14 1787289.9597382809
 1594 9 11 5 11 14 1788805.9539685836
 1595 10 11 4 11 14 1790455.449111382
 1596 9 11 5 11 14 1792099.1243618475
 1597 9 11 5 11 14 1793694.4032194477
 1598 10 10 5 11 14 1794968.9361238969
 1599 8 12 5 11 14 1796679.1509801033
 1600 9 11 5 11 14 1798278.3985560075
 1601 9 11 5 11 14 1799758.132691342
 1602 9 11 5 11 14 1801469.990639591
 1603 10 11 4 11 14 1803099.5292446876
 1604 10 11 4 11 14 1804799.9555766303
 1605 9 11 5 11 14 1806303.4212592163
 1606 8 12 5 11 14 1807827.376141541
 1607 9 12 4 11 14 1809647.3354373937
 1608 9 11 5 11 14 1811112.9346541613
 1609 9 11 5 11 14 1812763.9318214601
 1610 9 11 5 11 14 1814301.4850794936
 1611 9 11 5 11 14 1815805.8347163433
 1612 9 11 5 11 14 1817290.7095561766
 1613 9 11 5 11 14 1818754.8024438133
 1614 9 11 5 11 14 1820340.8787972718
 1615 10 11 4 11 14 1821826.7679421084
 1616 9 11 5 11 14 1823552.58729713
 1617 8 11 6 11 14 1825259.8688214058
 1618 10 11 4 11 14 1827088.849291242
 1619 9 11 5 11 14 1828569.601532275
 1620 9 12 4 11 14 1830383.1105745279
 1621 9 11 5 11 14 1832097.142655481
 1622 8 11 6 11 14 1833880.615110694
 1623 9 11 5 11 14 1835533.8559497634
 1624 9 11 5 11 14 1837223.2994610632
 1625 8 11 6 11 14 1838908.0681223955
 1626 9 11 5 11 14 1840519.44404975
 1627 9 11 5 11 14 1842239.599694433
 1628 9 11 5 11 14 1843773.3616269922
 1629 11 11 3 11 14 1845561.1024235555
 1630 11 11 3 11 14 1847151.4539527106
 1631 9 11 5 11 14 1848784.0170124862
 1632 10 11 4 11 14 1850393.9361556782
 1633 10 11 4 11 14 1851947.877338439
 1634 8 12 5 11 14 1853760.8523497414
 1635 9 11 5 11 14 1855144.448927476
 1636 9 12 4 11 14 1856883.132689575
 1637 9 11 5 11 14 1858272.1394748592
 1638 9 11 5 11 14 1860031.801341137
 1639 10 11 4 11 14 1861567.8064754158
 1640 10 11 5 11 13 1862962.9559625725
 1641 10 11 5 11 13 1864538.390868678
 1642 10 11 5 11 13 1865930.1351611977
 1643 11 10 5 11 13 1867060.046279825
 1644 10 11 5 11 13 1868419.9659487277
 1645 9 11 5 12 13 1869884.4278358147
 1646 10 10 5 12 13 1871337.2546973482
 1647 10 10 5 12 13 1872874.6796424047
 1648 9 11 5 12 13 1874490.1504154226
 1649 8 11 6 12 13 1876026.5835132098
 1650 8 11 6 12 13 1877427.5784133705
 1651 9 11 5 12 13 1879015.0775440303
 1652 10 10 5 12 13 1880294.7285927946
 1653 9 11 5 12 13 1881707.336247983
 1654 8 12 5 12 13 1883154.4202365708
 1655 8 12 5 12 13 1884774.4343497849
 1656 9 12 4 12 13 1886517.5921607988
 1657 10 11 4 12 13 1888064.8553179381
 1658 9 11 5 12 13 1889557.2851009858
 1659 9 11 5 12 13 1890985.7336989809
 1660 10 11 4 12 13 1892512.5476976854
 1661 10 11 4 12 13 1894026.3469659374
 1662 11 10 4 12 13 1895275.8083606875
 1663 11 10 4 12 13 1896761.5460499441
 1664 11 10 4 12 13 1898161.2734106272
 1665 10 12 3 12 13 1899714.8767005813
 1666 9 13 3 12 13 1901379.9238557771
 1667 9 12 4 12 13 1903012.6562413864
 1668 9 11 5 12 13 1904791.337954252
 1669 8 11 5 12 14 1906642.4188343198
 1670 8 11 5 12 14 1908317.3623477686
 1671 8 11 5 12 14 1909729.9902229363
 1672 10 11 4 12 13 1911274.5246659785
 1673 9 11 5 12 13 1912705.5171485632
 1674 11 10 4 12 13 1913764.9027658107
 1675 10 11 4 12 13 1915378.157603992
 1676 11 10 4 12 13 1916685.1199951605
 1677 9 11 5 12 13 1918065.4620308748
 1678 10 11 4 12 13 1919424.204124255
 1679 9 12 4 12 13 1920914.3105901077
 1680 9 12 4 12 13 1922546.8839376953
 1681 9 12 4 12 13 1924279.0417160327
 1682 9 10 5 12 14 1925713.4531801133
 1683 8 12 5 12 13 1927095.1593154054
 1684 9 12 4 12 13 1928533.0491204748
 1685 10 11 4 12 13 1929886.1164676643
 1686 9 12 4 12 13 1931529.4574030905
 1687 9 11 4 12 14 1932892.807310417
 1688 7 12 5 12 14 1934400.0045653898
 1689 9 12 4 12 13 1935985.2973630584
 1690 9 11 5 12 13 1937270.506249182
 1691 9 12 4 12 13 1938759.0536593134
 1692 9 12 4 12 13 1939923.4400151614
 1693 11 11 3 12 13 1941183.1403389915
 1694 9 11 5 12 13 1942597.8594042107
 1695 10 14 2 10 14 27490.646542740298
 1696 9 14 2 10 15 27808.431742683537
 1697 8 15 2 11 14 28212.16464946275
 1698 8 15 2 10 15 28588.518266411193
 1699 8 14 3 10 15 28833.461857544473
 1700 9 14 2 10 15 29223.871769269128
 1701 9 14 2 10 15 29536.96883598945
 1702 10 13 2 10 15 29735.19810664476
 1703 8 15 2 10 15 30165.369240230364
 1704 7 16 2 10 15 30848.57019341654
 1705 7 14 2 11 16 31475.483502619565
 1706 8 13 2 11 16 31960.475893784893
 1707 9 14 1 11 15 32599.575099215006
 1708 5 15 2 11 17 33336.16945342753
 1709 7 14 1 11 17 34089.09356324239
 1710 6 15 2 10 17 34788.46080151868
 1711 6 15 2 10 17 35516.309952877345
 1712 10 12 2 10 16 37611.54272810852
 1713 10 12 1 10 17 39851.889389132375
 1714 6 14 2 11 17 42429.357855047296
 1715 5 15 2 11 17 45115.969446654904
 1716 6 15 2 11 16 47635.55366596381
 1717 5 15 1 11 18 50287.17037660871
 1718 9 12 1 10 18 52738.22294188809
 1719 7 12 2 10 19 55270.88490059705
 1720 5 13 2 11 19 57875.79238611963
 1721 4 14 1 11 20 60615.60973134538
 1722 4 15 2 11 18 63197.01853005268
 1723 6 13 2 11 18 65430.550219568424
 1724 5 12 2 11 20 67841.17440711416
 1725 4 15 1 11 19 70617.32663951215
 1726 6 13 1 11 19 73074.49156724502
 1727 5 13 3 10 19 75511.84410068308
 1728 8 12 0 11 19 78010.97319395724
 1729 4 14 2 11 19 80701.22159207957
 1730 6 12 0 11 21 83589.94731273109
 1731 5 13 1 11 20 86293.64443656361
 1732 6 12 1 11 20 89019.1521241333
 1733 5 12 1 12 20 91606.44463548598
 1734 3 14 2 12 19 94199.15544524441
 1735 5 12 2 12 19 96739.43482640237
 1736 5 12 2 12 19 99234.1629102473
 1737 4 13 1 12 20 101883.52655869212
 1738 4 13 1 12 20 104508.13581377514
 1739 6 12 1 12 19 106983.81331227349
 1740 4 13 2 12 19 109641.44147432201
 1741 4 14 2 12 18 112216.41252445617
 1742 6 13 1 12 18 114747.76706729858
 1743 6 12 1 12 19 117309.96327339282
 1744 6 12 1 12 19 119783.73116539436
 1745 7 12 0 12 19 122316.60929872729
 1746 5 13 1 12 19 124902.87289573869
 1747 5 13 1 12 19 127577.60822932834
 1748 4 13 1 12 20 130146.57404559077
 1749 2 14 2 12 20 132882.60826069786
 1750 3 14 1 12 20 135639.66468356852
 1751 4 14 1 12 19 138402.46204818712
 1752 4 14 1 12 19 141062.10499745022
 1753 3 14 2 12 19 143712.7809105909
 1754 4 14 1 12 19 146383.45024689694
 1755 5 12 1 12 20 148990.66745533093
 1756 5 12 1 12 20 151484.54527689397
 1757 3 13 2 12 20 154138.02683988216
 1758 2 14 1 12 21 156868.66935682506
 1759 3 14 1 12 20 159664.58339181292
 1760 3 14 1 12 20 162483.7697751442
 1761 4 14 1 12 19 165286.42479109325
 1762 4 14 1 12 19 167981.07264058027
 1763 4 13 2 12 19 170732.7532215143
 1764 4 13 1 12 20 173342.781013844
 1765 3 14 1 12 20 176133.91476024556
 1766 4 13 1 12 20 178931.58742797843
 1767 4 13 1 12 20 181647.8364496762
 1768 3 14 1 12 20 184496.46670754335
 1769 2 14 1 12 21 187339.70220046735
 1770 4 12 1 12 21 189997.33549847963
 1771 1 15 1 12 21 192927.71986192596
 1772 2 14 1 12 21 195799.35930452007
 1773 1 15 1 12 21 198832.79390565332
 1774 2 14 1 12 21 201702.41905431647
 1775 3 13 1 12 21 204464.4091154116
 1776 2 14 1 12 21 207326.5458713102
 1777 4 12 1 12 21 209919.6169362576
 1778 4 12 1 12 21 212366.4537196294
 1779 3 12 2 12 21 214946.8929465194
 1780 2 13 2 12 21 217654.6775459322
 1781 3 12 2 12 21 220255.54569372736
 1782 2 14 1 12 21 222973.2761638081
 1783 1 14 2 12 21 225768.87562648152
 1784 2 14 1 12 21 228639.37369614173
 1785 2 14 1 12 21 231513.06854640652
 1786 3 13 1 12 21 234401.3467315636
 1787 3 13 1 12 21 237245.54019752055
 1788 4 12 1 12 21 239993.75040701445
 1789 5 10 1 12 22 242506.83896193944
 1790 3 13 1 12 21 245283.52770328018
 1791 1 15 1 12 21 248292.4911545435
 1792 3 13 1 12 21 251100.17417136554
 1793 4 12 1 12 21 253716.42189017116
 1794 3 13 1 12 21 256416.74562321848
 1794 3 13 1 12 21 259003.51877377075
 1794 3 12 2 12 21 261765.22848736477