 "ticks" "state 0" "state 1" "state 2" "state 3" "state 4" "bioenergy success"
 0 0 0 0 0 50 27497.180000000004
 1 0 0 0 0 50 28722.000937941233
 2 0 0 0 0 50 29800.899257225206
 3 0 0 0 0 50 30950.458177849734
 4 0 0 0 0 50 32125.116418726953
 5 0 0 0 0 50 33296.31613857138
 6 0 0 0 0 50 34461.18326326867
 7 0 0 0 0 50 35670.269967722
 8 0 0 0 0 50 36918.58612726068
 9 0 0 0 0 50 38158.00534897497
 10 0 0 0 0 50 39405.54400960626
 11 0 0 0 0 50 40542.22457400903
 12 0 0 0 0 50 41745.92407984632
 13 0 0 0 0 50 43005.20937503455
 14 0 0 0 0 50 44135.98082630313
 15 0 0 0 0 50 45423.00795997111
 16 0 0 0 0 50 46616.15596859586
 17 0 0 0 0 50 47822.265082361235
 18 0 0 0 0 50 48990.60973180524
 19 0 0 0 0 50 50124.92794062849
 20 0 0 0 0 50 51351.542215732894
 21 0 0 0 0 50 52590.48522534044
 22 0 0 0 0 50 53738.43645100736
 23 0 0 0 0 50 54962.93868029844
 24 0 0 0 0 50 56207.31567411089
 25 0 0 0 0 50 57468.98470555831
 26 0 0 0 0 50 58681.0142263948
 27 0 0 0 0 50 59875.09328918222
 28 0 0 0 0 50 61039.328882670336
 29 0 0 0 0 50 62272.44078641288
 30 0 0 0 0 50 63516.765224032606
 31 0 0 0 0 50 64715.08893785179
 32 0 0 0 0 50 65841.60911663418
 33 0 0 0 0 50 67025.07354362476
 34 0 0 0 0 50 68191.6850959847
 35 0 0 0 0 50 69362.95054343704
 36 0 0 0 0 50 70531.79466192238
 37 0 0 0 0 50 71727.03274000059
 38 0 0 0 0 50 72946.45236452304
 39 0 0 0 0 50 74213.87644704059
 40 0 0 0 0 50 75462.78516606396
 41 0 0 0 0 50 76711.67806454285
 42 0 0 0 0 50 77885.16616400731
 43 0 0 0 0 50 79063.78511723492
 44 0 0 0 0 50 80229.85935533837
 45 0 0 0 0 50 81380.8903977571
 46 0 0 0 0 50 82645.08788202751
 47 0 0 0 0 50 83861.47215458222
 48 0 0 0 0 50 84981.63025160268
 49 0 0 0 0 50 86181.38414211977
 50 0 0 0 0 50 87325.19462443584
 51 0 0 0 0 50 88456.22058181453
 52 0 0 0 0 50 89646.76032456648
 53 0 0 0 0 50 90866.46243268054
 54 0 0 0 0 50 92119.33101101765
 55 0 0 0 0 50 93296.00176938286
 56 0 0 0 0 50 94542.25216029825
 57 0 0 0 0 50 95772.06252001919
 58 0 0 0 0 50 96987.44408063158
 59 0 0 0 0 50 98119.98830254338
 60 0 0 0 0 50 99241.40068786756
 61 0 0 0 0 50 100412.27258632318
 62 0 0 0 0 50 101552.65406075165
 63 0 0 0 0 50 102706.63760424194
 64 0 0 0 0 50 103881.58938779231
 65 0 0 0 0 50 105097.03808886898
 66 0 0 0 0 50 106300.9842976394
 67 0 0 0 0 50 107486.38405980357
 68 0 0 0 0 50 108688.84164183884
 69 0 0 0 0 50 109853.1047432243
 70 0 0 0 0 50 111069.53485166925
 71 0 0 0 0 50 112277.78815172205
 72 0 0 0 0 50 113564.49730792416
 73 0 0 0 0 50 114891.66521262663
 74 0 0 0 0 50 116179.42253396698
 75 0 0 0 0 50 117411.49576482172
 76 0 0 0 0 50 118573.46906647811
 77 0 0 0 0 50 119773.00608860684
 78 0 0 0 0 50 120944.794875516
 79 0 0 0 0 50 122200.22275986029
 80 0 0 0 0 50 123385.98687707708
 81 0 0 0 0 50 124552.21705502598
 82 0 0 0 0 50 125776.77549184588
 83 0 0 0 0 50 127009.61873438767
 84 0 0 0 0 50 128125.45268820997
 85 0 0 0 0 50 129329.56828440414
 86 0 0 0 0 50 130493.72820984972
 87 0 0 0 0 50 131733.70848200526
 88 0 0 0 0 50 132932.51407585482
 89 0 0 0 0 50 134123.0998789291
 90 0 0 0 0 50 135326.92147976178
 91 0 0 0 0 50 136514.52245237504
 92 0 0 0 0 50 137642.07795028784
 93 0 0 0 0 50 138837.98047731695
 94 0 0 0 0 50 140109.37475063038
 95 0 0 0 0 50 141376.71671400144
 96 0 0 0 0 50 142579.02358110744
 97 0 0 0 0 50 143814.30970596953
 98 0 0 0 0 50 144943.59276229647
 99 0 0 0 0 50 146023.46814117825
 100 0 0 0 0 50 147197.45754611437
 101 0 0 0 0 50 148419.49786645197
 102 0 0 0 0 50 149640.02515358542
 103 0 0 0 0 50 150825.7841551396
 104 0 0 0 0 50 152017.10042260058
 105 0 0 0 0 50 153202.03226866043
 106 0 0 0 0 50 154426.52768489142
 107 0 0 0 0 50 155662.64490927916
 108 0 0 0 0 50 156816.39333103067
 109 0 0 0 0 50 157948.15872924085
 110 0 0 0 0 50 159127.69849623356
 111 0 0 0 0 50 160313.7489063549
 112 0 0 0 0 50 161394.824119459
 113 0 0 0 0 50 162504.7342836623
 114 0 0 0 0 50 163660.8026733373
 115 0 0 0 0 50 164764.24528090688
 116 0 0 0 0 50 165927.39707201204
 117 0 0 0 0 50 167075.60206400187
 118 0 0 0 0 50 168237.95130733735
 119 0 0 0 0 50 169405.15671028534
 120 0 0 0 0 50 170563.2264914748
 121 0 0 0 0 50 171770.8760105308
 122 0 0 0 0 50 172974.02248847354
 123 0 0 0 0 50 174190.50978356472
 124 0 0 0 0 50 175400.07080487433
 125 0 0 0 0 50 176609.6957843557
 126 0 0 0 0 50 177756.24812699534
 127 0 0 0 0 50 178945.2079623139
 128 0 0 0 0 50 180120.3085892657
 129 0 0 0 0 50 181312.46419165115
 130 0 0 0 0 50 182479.64147004287
 131 0 0 0 0 50 183660.3698590095
 132 0 0 0 0 50 184793.8872733058
 133 0 0 0 0 50 185925.22021533392
 134 0 0 0 0 50 187077.1239454704
 135 0 0 0 0 50 188238.9034429762
 136 0 0 0 0 50 189419.33168547452
 137 0 0 0 0 50 190660.8250860931
 138 0 0 0 0 50 191749.88043036245
 139 0 0 0 0 50 192824.83108206643
 140 0 0 0 0 50 193931.57322155396
 141 0 0 0 0 50 195092.242530478
 142 0 0 0 0 50 196368.80063582494
 143 0 0 0 0 50 197591.31582823637
 144 0 0 0 0 50 199098.5443281549
 145 0 0 0 0 50 200570.401125203
 146 0 0 0 0 50 202082.89708928778
 147 0 0 0 0 50 203537.7291240908
 148 0 0 0 0 50 204959.9846960627
 149 0 0 0 0 50 206441.40988913167
 150 0 0 0 0 50 208042.5258117878
 151 0 0 0 0 50 209547.09832031585
 152 0 0 0 0 50 211085.54557725257
 153 0 0 0 0 50 212662.15264078707
 154 0 0 0 0 50 214211.0419512781
 155 0 0 0 0 50 215696.90515465706
 156 0 0 0 0 50 217188.77903316572
 157 0 0 0 0 50 218684.75282824915
 158 0 0 0 0 50 220122.01944154908
 159 0 0 0 0 50 221513.7879117505
 160 0 0 0 0 50 222964.3132704379
 161 0 0 0 0 50 224386.95088661555
 162 0 0 0 0 50 225877.63999186005
 163 0 0 0 0 50 227417.3643057328
 164 0 0 0 0 50 228949.4066153798
 165 0 0 0 0 50 230427.22699947425
 166 0 0 0 0 50 231870.91297069512
 167 0 0 0 0 50 233277.27008548236
 168 0 0 0 0 50 234750.0843280265
 169 0 0 0 0 50 236198.08622412625
 170 0 0 0 0 50 237571.34785733753
 171 0 0 0 0 50 239046.48916223366
 172 0 0 0 0 50 240530.57761812233
 173 0 0 0 0 50 242076.71222125975
 174 0 0 0 0 50 243581.55510323224
 175 0 0 0 0 50 245020.83554982516
 176 0 0 0 0 50 246473.97225571462
 177 0 0 0 0 50 247831.93380365666
 178 0 0 0 0 50 249299.2968085244
 179 0 0 0 0 50 250819.6936881279
 180 0 0 0 0 50 252335.28157987748
 181 0 0 0 0 50 253932.34476481416
 182 0 0 0 0 50 255368.56558034764
 183 0 0 0 0 50 256816.96560974407
 184 0 0 0 0 50 258347.25514017054
 185 0 0 0 0 50 259731.89650172478
 186 0 0 0 0 50 261307.00254690048
 187 0 0 0 0 50 262772.988678065
 188 0 0 0 0 50 264331.9849370199
 189 0 0 0 0 50 265762.48001419724
 190 0 0 0 0 50 267203.03228506364
 191 0 0 0 0 50 268595.47136153816
 192 0 0 0 0 50 270015.3563699716
 193 0 0 0 0 50 271414.5360406785
 194 0 0 0 0 50 272837.1049112235
 195 0 0 0 0 50 274319.953176823
 196 0 0 0 0 50 275857.8156562703
 197 0 0 0 0 50 277449.30974834086
 198 0 0 0 0 50 278889.1744712749
 199 0 0 0 0 50 280367.8765756346
 200 0 0 0 0 50 281821.14782582934
 201 0 0 0 0 50 283313.2970562808
 202 0 0 0 0 50 284791.9151397224
 203 0 0 0 0 50 286252.8882485673
 204 0 0 0 0 50 287846.0137060428
 205 0 0 0 0 50 289447.86173369875
 206 0 0 0 0 50 290998.33048869966
 207 0 0 0 0 50 292546.65196364326
 208 0 0 0 0 50 294119.82282251085
 209 0 0 0 0 50 295696.0547207612
 210 0 0 0 0 50 297037.48841104726
 211 0 0 0 0 50 298448.0306327695
 212 0 0 0 0 50 299845.81367884675
 213 0 0 0 0 50 301283.48446374433
 214 0 0 0 0 50 302776.63277213747
 215 0 0 0 0 50 304262.8488272303
 216 0 0 0 0 50 305775.4748415847
 217 0 0 0 0 50 307318.91467583645
 218 0 0 0 0 50 308781.06507017446
 219 0 0 0 0 50 310256.13127737783
 220 0 0 0 0 50 311758.55652499327
 221 0 0 0 0 50 313207.5826208097
 222 0 0 0 0 50 314675.21372743446
 223 0 0 0 0 50 316133.9781673971
 224 0 0 0 0 50 317605.97590762627
 225 0 0 0 0 50 319101.5981117445
 226 0 0 0 0 50 320640.56965249224
 227 0 0 0 0 50 322170.3874274555
 228 0 0 0 0 50 323688.17689639697
 229 0 0 0 0 50 325101.80401110306
 230 0 0 0 0 50 326599.5855834393
 231 0 0 0 0 50 328072.7533975328
 232 0 0 0 0 50 329480.30736245733
 233 0 0 0 0 50 330929.5965991578
 234 0 0 0 0 50 332398.6816307645
 235 0 0 0 0 50 333918.3782677573
 236 0 0 0 0 50 335370.2061681824
 237 0 0 0 0 50 336906.04094233253
 238 0 0 0 0 50 338412.35057981365
 239 0 0 0 0 50 339837.1912772506
 240 0 0 0 0 50 341173.21241965756
 241 0 0 0 0 50 342510.6268885306
 242 0 0 0 0 50 343888.48022859305
 243 0 0 0 0 50 345136.0832548856
 244 0 0 0 0 50 346400.9302043333
 245 0 0 0 0 50 347601.8676631634
 246 0 0 0 0 50 348860.0071930625
 247 0 0 0 0 50 350078.4905184336
 248 0 0 0 0 50 351227.89429866767
 249 0 0 0 0 50 352385.0473572647
 250 0 0 0 0 50 353490.7515160085
 251 0 0 0 0 50 354598.5360468778
 252 0 0 0 0 50 355811.0431463642
 253 0 0 0 0 50 357050.0133899399
 254 0 0 0 0 50 358353.11064083176
 255 0 0 0 0 50 359520.9492572942
 256 0 0 0 0 50 360759.0907810178
 257 0 0 0 0 50 361884.64005452365
 258 0 0 0 0 50 363113.24569123273
 259 0 0 0 0 50 364451.399317205
 260 0 0 0 0 50 365717.14213315473
 261 0 0 0 0 50 366949.2013826944
 262 0 0 0 0 50 368182.1465796826
 263 0 0 0 0 50 369396.5312033867
 264 0 0 0 0 50 370511.1266081094
 265 0 0 0 0 50 371711.440769369
 266 0 0 0 0 50 372928.00223404507
 267 0 0 0 0 50 374191.21253577655
 268 0 0 0 0 50 375321.3684481715
 269 0 0 0 0 50 376477.6851002213
 270 0 0 0 0 50 377655.495806005
 271 0 0 0 0 50 378906.9429726167
 272 0 0 0 0 50 380131.38145000965
 273 0 0 0 0 50 381359.7188708103
 274 0 0 0 0 50 382593.3162629658
 275 0 0 0 0 50 383766.10691216425
 276 0 0 0 0 50 384886.2987710998
 277 0 0 0 0 50 386059.4946120777
 278 0 0 0 0 50 387241.8128108311
 279 0 0 0 0 50 388397.9640043727
 280 0 0 0 0 50 389548.0613168355
 281 0 0 0 0 50 390735.3999289095
 282 0 0 0 0 50 391928.2323034584
 283 0 0 0 0 50 393087.4918326062
 284 0 0 0 0 50 394324.0231700318
 285 0 0 0 0 50 395577.974425773
 286 0 0 0 0 50 396852.7057578403
 287 0 0 0 0 50 398134.7355747548
 288 0 0 0 0 50 399491.8271815792
 289 0 0 0 0 50 400871.2161907061
 290 0 0 0 0 50 402279.78600717115
 291 0 0 0 0 50 403553.7525472494
 292 0 0 0 0 50 404848.4937153069
 293 0 0 0 0 50 406082.067218586
 294 0 0 0 0 50 407316.8346188495
 295 0 0 0 0 50 408438.6800445191
 296 0 0 0 0 50 409771.8274633263
 297 0 0 0 0 50 411015.28579613584
 298 0 0 0 0 50 412254.4409562211
 299 0 0 0 0 50 413420.5979415274
 300 0 0 0 0 50 414687.45425803936
 301 0 0 0 0 50 415964.9864403818
 302 0 0 0 0 50 417263.52613713307
 303 0 0 0 0 50 418343.0173088139
 304 0 0 0 0 50 419485.18854239525
 305 0 0 0 0 50 420662.5300971349
 306 0 0 0 0 50 421776.7260693045
 307 0 0 0 0 50 422997.43272842636
 308 0 0 0 0 50 424278.34916178643
 309 0 0 0 0 50 425589.37754016067
 310 0 0 0 0 50 426895.1556663791
 311 0 0 0 0 50 428176.22475038416
 312 0 0 0 0 50 429529.48913921433
 313 0 0 0 0 50 430872.5001899457
 314 0 0 0 0 50 432197.09895556787
 315 0 0 0 0 50 433528.3219351926
 316 0 0 0 0 50 434884.08476813906
 317 0 0 0 0 50 436290.9069202412
 318 0 0 0 0 50 437635.36698532867
 319 0 0 0 0 50 438975.45224646747
 320 0 0 0 0 50 440206.99946927885
 321 0 0 0 0 50 441519.2539968937
 322 0 0 0 0 50 442804.3164803831
 323 0 0 0 0 50 444080.04916516243
 324 0 0 0 0 50 445254.44179624046
 325 0 0 0 0 50 446526.666787412
 326 0 0 0 0 50 447783.7163255443
 327 0 0 0 0 50 449110.6008921122
 328 0 0 0 0 50 450312.58229811536
 329 0 0 0 0 50 451607.56865166634
 330 0 0 0 0 50 452831.41760521656
 331 0 0 0 0 50 453906.6235519403
 332 0 0 0 0 50 454977.5420760082
 333 0 0 0 0 50 456113.612461271
 334 0 0 0 0 50 457359.8045627489
 335 0 0 0 0 50 458672.19247084414
 336 0 0 0 0 50 459873.93742113863
 337 0 0 0 0 50 461103.0245707605
 338 0 0 0 0 50 462257.37853709405
 339 0 0 0 0 50 463460.2569026632
 340 0 0 0 0 50 464756.8782813025
 341 0 0 0 0 50 466058.400511372
 342 0 0 0 0 50 467321.69199751137
 343 0 0 0 0 50 468630.07169910724
 344 0 0 0 0 50 469832.4073192717
 345 0 0 0 0 50 471000.6563645936
 346 0 0 0 0 50 472316.91800324246
 347 0 0 0 0 50 473616.8887697932
 348 0 0 0 0 50 474916.2849463506
 349 0 0 0 0 50 476221.49171847815
 350 0 0 0 0 50 477557.38506247173
 351 0 0 0 0 50 478848.8793895357
 352 0 0 0 0 50 480043.97514972696
 353 0 0 0 0 50 481260.0691942273
 354 0 0 0 0 50 482388.736794852
 355 0 0 0 0 50 483618.80067303404
 356 0 0 0 0 50 484813.3475099101
 357 0 0 0 0 50 486126.9450149072
 358 0 0 0 0 50 487276.30447197123
 359 0 0 0 0 50 488506.663564054
 360 0 0 0 0 50 489724.65382036
 361 0 0 0 0 50 490981.99813371035
 362 0 0 0 0 50 492132.0115008825
 363 0 0 0 0 50 493367.17103016167
 364 0 0 0 0 50 494698.39278350986
 365 0 0 0 0 50 496130.51184526813
 366 0 0 0 0 50 497404.88061845186
 367 0 0 0 0 50 498549.1027546773
 368 0 0 0 0 50 499781.88256478275
 369 0 0 0 0 50 501085.1312863468
 370 0 0 0 0 50 502422.07009716675
 371 0 0 0 0 50 503704.94385016995
 372 0 0 0 0 50 504898.23641794286
 373 0 0 0 0 50 506059.5353317958
 374 0 0 0 0 50 507454.0771700613
 375 0 0 0 0 50 508749.42209045193
 376 0 0 0 0 50 510066.35343405366
 377 0 0 0 0 50 511398.37652890803
 378 0 0 0 0 50 512694.1416934197
 379 0 0 0 0 50 514070.1255639328
 380 0 0 0 0 50 515405.0279364339
 381 0 0 0 0 50 516761.5059878672
 382 0 0 0 0 50 518166.5039696715
 383 0 0 0 0 50 519381.65139191935
 384 0 0 0 0 50 520799.8600069584
 385 0 0 0 0 50 522126.875040716
 386 0 0 0 0 50 523426.0744703393
 387 0 0 0 0 50 524742.6370212272
 388 0 0 0 0 50 525832.8119290366
 389 0 0 0 0 50 527065.2168147254
 390 0 0 0 0 50 528182.7235869793
 391 0 0 0 0 50 529302.8914660617
 392 0 0 0 0 50 530509.831908379
 393 0 0 0 0 50 531641.7826350923
 394 0 0 0 0 50 532912.6322168267
 395 0 0 0 0 50 534158.8948062736
 396 0 0 0 0 50 535461.2186616672
 397 0 0 0 0 50 536794.0639981704
 398 0 0 0 0 50 538046.9519175441
 399 0 0 0 0 50 539336.8302927882
 400 0 0 0 0 50 540552.3541850055
 401 0 0 0 0 50 541823.0146513822
 402 0 0 0 0 50 543058.8833360162
 403 0 0 0 0 50 544279.5182291556
 404 0 0 0 0 50 545493.3738154685
 405 0 0 0 0 50 546786.8740107423
 406 0 0 0 0 50 547957.227025676
 407 0 0 0 0 50 549056.4118078273
 408 0 0 0 0 50 550291.4026392903
 409 0 0 0 0 50 551609.625248144
 410 0 0 0 0 50 552970.7751179036
 411 0 0 0 0 50 554414.2986064405
 412 0 0 0 0 50 555754.7599901052
 413 0 0 0 0 50 557101.1593599392
 414 0 0 0 0 50 558544.158503055
 415 0 0 0 0 50 559821.3562974602
 416 0 0 0 0 50 561216.7297148113
 417 0 0 0 0 50 562622.4146601208
 418 0 0 0 0 50 563929.7669624952
 419 0 0 0 0 50 565150.4174097829
 420 0 0 0 0 50 566473.0399496525
 421 0 0 0 0 50 567678.5507244478
 422 0 0 0 0 50 568983.1976783484
 423 0 0 0 0 50 570338.400704309
 424 0 0 0 0 50 571697.9623266351
 425 0 0 0 0 50 573063.3260711584
 426 0 0 0 0 50 574399.1750495565
 427 0 0 0 0 50 575660.5108315777
 428 0 0 0 0 50 576997.9285009357
 429 0 0 0 0 50 578350.0982855258
 430 0 0 0 0 50 579505.7536492789
 431 0 0 0 0 50 580790.727153341
 432 0 0 0 0 50 582085.0092801243
 433 0 0 0 0 50 583411.7405974682
 434 0 0 0 0 50 584803.174246264
 435 0 0 0 0 50 586120.1516085921
 436 0 0 0 0 50 587415.3359125726
 437 0 0 0 0 50 588754.6907542349
 438 0 0 0 0 50 590086.6687009012
 439 0 0 0 0 50 591371.2884025394
 440 0 0 0 0 50 592600.888787027
 441 0 0 0 0 50 593727.9194269796
 442 0 0 0 0 50 594937.2659430829
 443 0 0 0 0 50 596166.3262033557
 444 0 0 0 0 50 597490.202565358
 445 0 0 0 0 50 598612.3014872614
 446 0 0 0 0 50 599802.8945335279
 447 0 0 0 0 50 601169.5410227126
 448 0 0 0 0 50 602405.5723061794
 449 0 0 0 0 50 603607.4884275075
 450 0 0 0 0 50 604946.7898771788
 451 0 0 0 0 50 606103.0065489017
 452 0 0 0 0 50 607423.0365644025
 453 0 0 0 0 50 608654.2294099458
 454 0 0 0 0 50 609995.6477953623
 455 0 0 0 0 50 611289.0741493928
 456 0 0 0 0 50 612619.876410452
 457 0 0 0 0 50 613900.3829270615
 458 0 0 0 0 50 615207.2648003926
 459 0 0 0 0 50 616390.780677779
 460 0 0 0 0 50 617638.121167794
 461 0 0 0 0 50 618958.5840481716
 462 0 0 0 0 50 620178.3571591122
 463 0 0 0 0 50 621444.3903590239
 464 0 0 0 0 50 622657.3292720494
 465 0 0 0 0 50 623833.3755319737
 466 0 0 0 0 50 625028.7483614458
 467 0 0 0 0 50 626186.3210034291
 468 0 0 0 0 50 627409.0204349125
 469 0 0 0 0 50 628661.6954621172
 470 0 0 0 0 50 629903.8976379216
 471 0 0 0 0 50 630930.1479577716
 472 0 0 0 0 50 632045.0041756569
 473 0 0 0 0 50 633094.4809866329
 474 0 0 0 0 50 634030.2048030782
 475 0 0 0 0 50 635042.0208377384
 476 0 0 0 0 50 636084.4920746699
 477 0 0 0 0 50 637140.72945527
 478 0 0 0 0 50 638092.5729074288
 479 0 0 0 0 50 639057.4769844298
 480 0 0 0 0 50 639461.4892395319
 481 0 0 0 0 50 640068.9373754578
 482 0 0 0 0 50 640756.3203147803
 483 0 0 0 0 50 641365.6253044072
 484 0 0 0 0 50 641893.9560960481
 485 0 0 0 0 50 642454.4878289837
 486 0 0 0 0 50 643069.232587296
 487 0 0 0 0 50 643703.102796449
 488 0 0 0 0 50 644354.3729944942
 489 0 0 0 0 50 644923.4006663945
 490 0 0 0 0 50 645612.5053017441
 491 0 0 0 0 50 646332.9440542149
 492 0 0 0 0 50 646925.4756550777
 493 0 0 0 0 50 647494.8403503494
 494 0 0 0 0 50 648087.3993649825
 495 0 0 0 0 50 648663.25043663
 496 0 0 0 0 50 649343.9137881057
 497 0 0 0 0 50 649915.4136866274
 498 0 0 0 0 50 650508.3529307195
 499 0 0 0 0 50 651100.615422713
 500 0 0 0 0 50 651782.2383673798
 501 0 0 0 0 50 652426.3649681206
 502 0 0 0 0 50 653109.2522755634
 503 0 0 0 0 50 653791.644610574
 504 0 0 0 0 50 654457.5237766409
 505 0 0 0 0 50 655124.9872955998
 506 0 0 0 0 50 655680.1021348077
 507 0 0 0 0 50 656372.6850293712
 508 0 0 0 0 50 657130.2173734764
 509 0 0 0 0 50 657770.4151413895
 510 0 0 0 0 50 658433.0712643105
 511 0 0 0 0 50 659150.4870875736
 512 0 0 0 0 50 659806.8711768991
 513 0 0 0 0 50 660352.2840946636
 514 0 0 0 0 50 660963.2572398557
 515 0 0 0 0 50 661503.1775339931
 516 0 0 0 0 50 662231.0069209025
 517 0 0 0 0 50 662922.4183138527
 518 0 0 0 0 50 663571.4954888505
 519 0 0 0 0 50 664184.671929483
 520 0 0 0 0 50 664882.4707229858
 521 0 0 0 0 50 665553.3195713253
 522 0 0 0 0 50 666234.0126570483
 523 0 0 0 0 50 666901.4040236406
 524 0 0 0 0 50 667616.4240654163
 525 0 0 0 0 50 668351.2110715822
 526 0 0 0 0 50 669040.2897047588
 527 0 0 0 0 50 669645.1639552541
 528 0 0 0 0 50 670310.6689970916
 529 0 0 0 0 50 670959.9492283018
 530 0 0 0 0 50 671471.085816661
 531 0 0 0 0 50 671990.8525193997
 532 0 0 0 0 50 672596.2699364381
 533 0 0 0 0 50 673224.1791606083
 534 0 0 0 0 50 673894.3322406108
 535 0 0 0 0 50 674557.9316782455
 536 0 0 0 0 50 675210.913515481
 537 0 0 0 0 50 675646.7416808674
 538 0 0 0 0 50 676199.5584425238
 539 0 0 0 0 50 676724.2065121804
 540 0 0 0 0 50 677391.3578363584
 541 0 0 0 0 50 677929.932740248
 542 0 0 0 0 50 678382.119372592
 543 0 0 0 0 50 678867.0219725328
 544 0 0 0 0 50 679381.4753999237
 545 0 0 0 0 50 679868.5164571241
 546 0 0 0 0 50 680367.5935295052
 547 0 0 0 0 50 680950.0101962509
 548 0 0 0 0 50 681409.5922224161
 549 0 0 0 0 50 681978.367313526
 550 0 0 0 0 50 682583.8828478717
 551 0 0 0 0 50 683205.8404056142
 552 0 0 0 0 50 683771.4918787373
 553 0 0 0 0 50 684361.1969468656
 554 0 0 0 0 50 684979.1876240325
 555 0 0 0 0 50 685548.050170745
 556 0 0 0 0 50 686110.7232403004
 557 0 0 0 0 50 686873.6563293118
 558 0 0 0 0 50 687604.4884666576
 559 0 0 0 0 50 688236.6236045978
 560 0 0 0 0 50 688913.6317382158
 561 0 0 0 0 50 689403.6799505316
 562 0 0 0 0 50 689948.6028541267
 563 0 0 0 0 50 690515.3317526501
 564 0 0 0 0 50 691198.3750036098
 565 0 0 0 0 50 691794.5625965121
 566 0 0 0 0 50 692413.9874693411
 567 0 0 0 0 50 693179.2412604061
 568 0 0 0 0 50 693758.843583038
 569 0 0 0 0 50 694425.7662070655
 570 0 0 0 0 50 695075.4649857492
 571 0 0 0 0 50 695646.2540929413
 572 0 0 0 0 50 696214.9408487759
 573 0 0 0 0 50 696712.5714467209
 574 0 0 0 0 50 697134.6178995877
 575 0 0 0 0 50 697634.4292093624
 576 0 0 0 0 50 698296.9536197707
 577 0 0 0 0 50 698962.7852554121
 578 0 0 0 0 50 699560.0035109717
 579 0 0 0 0 50 700104.579837224
 580 0 0 0 0 50 700703.0400725086
 581 0 0 0 0 50 701330.1721296799
 582 0 0 0 0 50 702006.0538417174
 583 0 0 0 0 50 702645.7551558076
 584 0 0 0 0 50 703197.5757540455
 585 0 0 0 0 50 703919.393339172
 586 0 0 0 0 50 704658.3286142967
 587 0 0 0 0 50 705333.4125053998
 588 0 0 0 0 50 705904.1637409664
 589 0 0 0 0 50 706566.668467876
 590 0 0 0 0 50 707128.8934017686
 591 0 0 0 0 50 707741.3935860945
 592 0 0 0 0 50 708250.0824673222
 593 0 0 0 0 50 708868.9817918609
 594 0 0 0 0 50 709428.5913377163
 595 0 0 0 0 50 710084.6885996528
 596 0 0 0 0 50 710690.7470380195
 597 0 0 0 0 50 711300.338646247
 598 0 0 0 0 50 711863.5679768489
 599 0 0 0 0 50 712506.0449102962
 600 0 0 0 0 50 713153.1086450049
 601 0 0 0 0 50 713810.7919749531
 602 0 0 0 0 50 714384.0557831025
 603 0 0 0 0 50 714979.0906071359
 604 0 0 0 0 50 715480.7667877811
 605 0 0 0 0 50 716077.6921253673
 606 0 0 0 0 50 716773.4532487859
 607 0 0 0 0 50 717470.1550074533
 608 0 0 0 0 50 718154.5662724449
 609 0 0 0 0 50 718907.7851090628
 610 0 0 0 0 50 719756.6641068499
 611 0 0 0 0 50 720477.2988148136
 612 0 0 0 0 50 721070.2649659466
 613 0 0 0 0 50 721682.226742024
 614 0 0 0 0 50 722296.8722620426
 615 0 0 0 0 50 722784.3244746312
 616 0 0 0 0 50 723317.7440084916
 617 0 0 0 0 50 723870.1332643573
 618 0 0 0 0 50 724545.0221666029
 619 0 0 0 0 50 725084.9671947435
 620 0 0 0 0 50 725671.2775659012
 621 0 0 0 0 50 726193.1774401494
 622 0 0 0 0 50 726859.1394916188
 623 0 0 0 0 50 727555.1728691586
 624 0 0 0 0 50 728172.3014547876
 625 0 0 0 0 50 728800.1610992089
 626 0 0 0 0 50 729287.4363126163
 627 0 0 0 0 50 729828.114067387
 628 0 0 0 0 50 730407.1631026311
 629 0 0 0 0 50 731010.928031408
 630 0 0 0 0 50 731598.6511308678
 631 0 0 0 0 50 732196.9341443632
 632 0 0 0 0 50 732729.4635194746
 633 0 0 0 0 50 733315.9739274837
 634 0 0 0 0 50 733899.2834243686
 635 0 0 0 0 50 734435.5827367214
 636 0 0 0 0 50 734932.6679088193
 637 0 0 0 0 50 735520.9829828542
 638 0 0 0 0 50 736214.5079635308
 639 0 0 0 0 50 736826.4381738722
 640 0 0 0 0 50 737471.9696970447
 641 0 0 0 0 50 738172.2866606945
 642 0 0 0 0 50 738786.2308954612
 643 0 0 0 0 50 739394.5712681088
 644 0 0 0 0 50 739967.2106660452
 645 0 0 0 0 50 740690.7649279496
 646 0 0 0 0 50 741416.144010818
 647 0 0 0 0 50 742152.6559906002
 648 0 0 0 0 50 742848.511779271
 649 0 0 0 0 50 743315.519222585
 650 0 0 0 0 50 743903.0182551318
 651 0 0 0 0 50 744464.5567215485
 652 0 0 0 0 50 745058.0687853612
 653 0 0 0 0 50 745647.9353151823
 654 0 0 0 0 50 746220.7440411936
 655 0 0 0 0 50 746792.1284950796
 656 0 0 0 0 50 747327.9079095714
 657 0 0 0 0 50 747818.8104188673
 658 0 0 0 0 50 748472.7941004093
 659 0 0 0 0 50 749092.565948662
 660 0 0 0 0 50 749649.9345298097
 661 0 0 0 0 50 750172.2938783135
 662 0 0 0 0 50 750788.5916382623
 663 0 0 0 0 50 751355.1766439102
 664 0 0 0 0 50 752008.8499298613
 665 0 0 0 0 50 752612.8959327065
 666 0 0 0 0 50 753245.3344289277
 667 0 0 0 0 50 753817.4913436206
 668 0 0 0 0 50 754338.9741895328
 669 0 0 0 0 50 754945.513816549
 670 0 0 0 0 50 755503.5920294959
 671 0 0 0 0 50 756167.5954805948
 672 0 0 0 0 50 756699.7569480197
 673 0 0 0 0 50 757396.9950355232
 674 0 0 0 0 50 758046.3440723033
 675 0 0 0 0 50 758560.344930164
 676 0 0 0 0 50 759114.2398890354
 677 0 0 0 0 50 759687.1878486522
 678 0 0 0 0 50 760155.7370517191
 679 0 0 0 0 50 760632.476492579
 680 0 0 0 0 50 761218.8047282003
 681 0 0 0 0 50 761859.1383368233
 682 0 0 0 0 50 762460.5513052354
 683 0 0 0 0 50 763074.29687859
 684 0 0 0 0 50 763679.5131032071
 685 0 0 0 0 50 764234.3993743524
 686 0 0 0 0 50 764902.6391970101
 687 0 0 0 0 50 765522.6998243761
 688 0 0 0 0 50 766138.4405635599
 689 0 0 0 0 50 766742.3383649382
 690 0 0 0 0 50 767254.2461417957
 691 0 0 0 0 50 767763.4022240659
 692 0 0 0 0 50 768257.3242703708
 693 0 0 0 0 50 768750.5703736095
 694 0 0 0 0 50 769219.3292411097
 695 0 0 0 0 50 769846.712186525
 696 0 0 0 0 50 770425.7512260583
 697 0 0 0 0 50 771095.4616718203
 698 0 0 0 0 50 771670.4669257886
 699 0 0 0 0 50 772342.8646314451
 700 0 0 0 0 50 772874.2289941395
 701 0 0 0 0 50 773395.2859813714
 702 0 0 0 0 50 773901.6464933561
 703 0 0 0 0 50 774451.0758916691
 704 0 0 0 0 50 774985.3550180895
 705 0 0 0 0 50 775551.2687513537
 706 0 0 0 0 50 776097.4274949713
 707 0 0 0 0 50 776657.6347407833
 708 0 0 0 0 50 777137.7628480257
 709 0 0 0 0 50 777737.6709812777
 710 0 0 0 0 50 778348.1269489431
 711 0 0 0 0 50 778884.6530188143
 712 0 0 0 0 50 779406.9615090863
 713 0 0 0 0 50 779898.0602116206
 714 0 0 0 0 50 780480.9598354204
 715 0 0 0 0 50 781012.3686821774
 716 0 0 0 0 50 781626.1706560971
 717 0 0 0 0 50 782189.2930817218
 718 0 0 0 0 50 782745.3869182926
 719 0 0 0 0 50 783380.1818867064
 720 0 0 0 0 50 783523.6137517493
 721 0 0 0 0 50 783645.6584649747
 722 0 0 0 0 50 783840.2898195736
 723 0 0 0 0 50 784037.0371744982
 724 0 0 0 0 50 784247.7983314963
 725 0 0 0 0 50 784373.1712780186
 726 0 0 0 0 50 784644.9373708968
 727 0 0 0 0 50 784908.5589812729
 728 0 0 0 0 50 785157.9528396823
 729 0 0 0 0 50 785383.6376431723
 730 0 0 0 0 50 785564.2513159903
 731 0 0 0 0 50 785672.2628350153
 732 0 0 0 0 50 785859.1583894786
 733 0 0 0 0 50 785936.4260332627
 734 0 0 0 0 50 786093.858126641
 735 0 0 0 0 50 786349.3266637329
 736 0 0 0 0 50 786521.7797938345
 737 0 0 0 0 50 786675.3693872265
 738 0 0 0 0 50 786815.3220909261
 739 0 0 0 0 50 787065.484403547
 740 0 0 0 0 50 787237.6866438367
 741 0 0 0 0 50 787342.4803129248
 742 0 0 0 0 50 787539.8162120455
 743 0 0 0 0 50 787707.6583771938
 744 0 0 0 0 50 787875.7984824767
 745 0 0 0 0 50 788086.1481448873
 746 0 0 0 0 50 788438.8436055243
 747 0 0 0 0 50 788731.1898813753
 748 0 0 0 0 50 788927.5827821947
 749 0 0 0 0 50 789140.6344203732
 750 0 0 0 0 50 789339.2600350892
 751 0 0 0 0 50 789483.0567485213
 752 0 0 0 0 50 789581.0971477668
 753 0 0 0 0 50 789736.6514184284
 754 0 0 0 0 50 789944.9250692396
 755 0 0 0 0 50 790083.3589694862
 756 0 0 0 0 50 790329.8744642262
 757 0 0 0 0 50 790545.1013298018
 758 0 0 0 0 50 790753.7569710353
 759 0 0 0 0 50 790940.3230306825
 760 0 0 0 0 50 791132.5014623685
 761 0 0 0 0 50 791426.5877159894
 762 0 0 0 0 50 791637.1056080711
 763 0 0 0 0 50 791852.965640828
 764 0 0 0 0 50 792065.4039230457
 765 0 0 0 0 50 792248.462875149
 766 0 0 0 0 50 792437.396681171
 767 0 0 0 0 50 792666.8726633994
 768 0 0 0 0 50 792898.8598937423
 769 0 0 0 0 50 793067.5226206152
 770 0 0 0 0 50 793236.9071562287
 771 0 0 0 0 50 793392.2298645682
 772 0 0 0 0 50 793611.842009921
 773 0 0 0 0 50 793770.0470164467
 774 0 0 0 0 50 793896.874375934
 775 0 0 0 0 50 794091.1177511236
 776 0 0 0 0 50 794309.1039664901
 777 0 0 0 0 50 794516.9799963491
 778 0 0 0 0 50 794674.9602031825
 779 0 0 0 0 50 794835.2468608445
 780 0 0 0 0 50 794959.8980384764
 781 0 0 0 0 50 795109.8880212343
 782 0 0 0 0 50 795241.3350184406
 783 0 0 0 0 50 795446.9102244846
 784 0 0 0 0 50 795659.3571065777
 785 0 0 0 0 50 795876.5248001496
 786 0 0 0 0 50 796078.9044597241
 787 0 0 0 0 50 796266.1517050627
 788 0 0 0 0 50 796440.635510195
 789 0 0 0 0 50 796602.2632298229
 790 0 0 0 0 50 796758.8259197497
 791 0 0 0 0 50 796906.8517775956
 792 0 0 0 0 50 797063.0101879634
 793 0 0 0 0 50 797255.2633604826
 794 0 0 0 0 50 797498.9477255328
 795 0 0 0 0 50 797642.7961248099
 796 0 0 0 0 50 797820.3883176696
 797 0 0 0 0 50 797985.3205228035
 798 0 0 0 0 50 798242.8210361578
 799 0 0 0 0 50 798429.4446851684
 800 0 0 0 0 50 798634.5854860917
 801 0 0 0 0 50 798846.5066571839
 802 0 0 0 0 50 799019.5808393108
 803 0 0 0 0 50 799212.6421444399
 804 0 0 0 0 50 799376.0008700968
 805 0 0 0 0 50 799568.8328938369
 806 0 0 0 0 50 799738.8554345095
 807 0 0 0 0 50 799910.5213985924
 808 0 0 0 0 50 800088.8766353427
 809 0 0 0 0 50 800263.7455596318
 810 0 0 0 0 50 800456.5876693188
 811 0 0 0 0 50 800736.5626443969
 812 0 0 0 0 50 800953.5734902619
 813 0 0 0 0 50 801166.9068388187
 814 0 0 0 0 50 801327.6598511329
 815 0 0 0 0 50 801517.8711445426
 816 0 0 0 0 50 801697.6660720914
 817 0 0 0 0 50 801927.2832872728
 818 0 0 0 0 50 802145.3181857936
 819 0 0 0 0 50 802262.8260053652
 820 0 0 0 0 50 802484.7076415063
 821 0 0 0 0 50 802612.9024062853
 822 0 0 0 0 50 802780.7789781676
 823 0 0 0 0 50 802899.2424492125
 824 0 0 0 0 50 803028.6727795458
 825 0 0 0 0 50 803202.7604146369
 826 0 0 0 0 50 803416.0671875066
 827 0 0 0 0 50 803617.7002889449
 828 0 0 0 0 50 803856.7101464956
 829 0 0 0 0 50 804099.431323423
 830 0 0 0 0 50 804269.8284279094
 831 0 0 0 0 50 804451.023054926
 832 0 0 0 0 50 804674.4212876059
 833 0 0 0 0 50 804893.3944246685
 834 0 0 0 0 50 805067.7317311545
 835 0 0 0 0 50 805324.0816458134
 836 0 0 0 0 50 805558.4688808244
 837 0 0 0 0 50 805779.6306586245
 838 0 0 0 0 50 805946.8243799949
 839 0 0 0 0 50 806177.0795663046
 840 0 0 0 0 50 806478.5476725554
 841 0 0 0 0 50 806729.1837064759
 842 0 0 0 0 50 806996.1957025724
 843 0 0 0 0 50 807207.1776328866
 844 0 0 0 0 50 807417.9024104695
 845 0 0 0 0 50 807731.7084409652
 846 0 0 0 0 50 808017.7031784191
 847 0 0 0 0 50 808214.6803550613
 848 0 0 0 0 50 808385.6214730601
 849 0 0 0 0 50 808590.4395407838
 850 0 0 0 0 50 808777.5460215184
 851 0 0 0 0 50 808992.806046787
 852 0 0 0 0 50 809152.0723890252
 853 0 0 0 0 50 809425.2233505425
 854 0 0 0 0 50 809525.8134991336
 855 0 0 0 0 50 809618.063382952
 856 0 0 0 0 50 809808.989896614
 857 0 0 0 0 50 809945.2445556149
 858 0 0 0 0 50 810111.8970758127
 859 0 0 0 0 50 810313.5565672064
 860 0 0 0 0 50 810505.0014011401
 861 0 0 0 0 50 810726.0030394366
 862 0 0 0 0 50 810947.9591443106
 863 0 0 0 0 50 811144.9674821614
 864 0 0 0 0 50 811401.189627574
 865 0 0 0 0 50 811566.4228858673
 866 0 0 0 0 50 811754.6664246592
 867 0 0 0 0 50 811941.1011536467
 868 0 0 0 0 50 812160.1563415639
 869 0 0 0 0 50 812328.4518018313
 870 0 0 0 0 50 812524.6228554142
 871 0 0 0 0 50 812653.5464532125
 872 0 0 0 0 50 812856.7043505934
 873 0 0 0 0 50 813090.9079227308
 874 0 0 0 0 50 813270.2789299887
 875 0 0 0 0 50 813565.6065504941
 876 0 0 0 0 50 813822.9551798254
 877 0 0 0 0 50 814083.6922808974
 878 0 0 0 0 50 814327.2960438919
 879 0 0 0 0 50 814490.6678613045
 880 0 0 0 0 50 814660.8242778778
 881 0 0 0 0 50 814978.3966174125
 882 0 0 0 0 50 815210.4403307706
 883 0 0 0 0 50 815437.0779089397
 884 0 0 0 0 50 815697.2463271655
 885 0 0 0 0 50 815943.7781983038
 886 0 0 0 0 50 816211.7096698602
 887 0 0 0 0 50 816392.7085691002
 888 0 0 0 0 50 816611.4945134652
 889 0 0 0 0 50 816727.1826699883
 890 0 0 0 0 50 816968.3344190302
 891 0 0 0 0 50 817168.1632751693
 892 0 0 0 0 50 817393.1508694476
 893 0 0 0 0 50 817617.4864003338
 894 0 0 0 0 50 817831.9833342666
 895 0 0 0 0 50 817990.403718057
 896 0 0 0 0 50 818162.9227776149
 897 0 0 0 0 50 818362.9931912717
 898 0 0 0 0 50 818664.156095948
 899 0 0 0 0 50 818952.5782814377
 900 0 0 0 0 50 819160.7488408684
 901 0 0 0 0 50 819372.3608734149
 902 0 0 0 0 50 819621.8984035635
 903 0 0 0 0 50 819886.9980795444
 904 0 0 0 0 50 820039.4559911366
 905 0 0 0 0 50 820292.5905650486
 906 0 0 0 0 50 820526.887491876
 907 0 0 0 0 50 820652.9177471937
 908 0 0 0 0 50 820866.439181246
 909 0 0 0 0 50 821110.1710957702
 910 0 0 0 0 50 821342.832402531
 911 0 0 0 0 50 821562.481528658
 912 0 0 0 0 50 821712.2850979748
 913 0 0 0 0 50 821925.2071093023
 914 0 0 0 0 50 822184.0374134381
 915 0 0 0 0 50 822307.6203451147
 916 0 0 0 0 50 822552.3600082665
 917 0 0 0 0 50 822770.0600667564
 918 0 0 0 0 50 822996.6771072006
 919 0 0 0 0 50 823287.8761027858
 920 0 0 0 0 50 823547.0787589722
 921 0 0 0 0 50 823755.8229017176
 922 0 0 0 0 50 823924.4217592687
 923 0 0 0 0 50 824193.6280068494
 924 0 0 0 0 50 824449.3512658199
 925 0 0 0 0 50 824699.928116219
 926 0 0 0 0 50 824890.1492858054
 927 0 0 0 0 50 825030.1137815091
 928 0 0 0 0 50 825192.9632658917
 929 0 0 0 0 50 825450.0421836439
 930 0 0 0 0 50 825702.6061040391
 931 0 0 0 0 50 825878.1816811238
 932 0 0 0 0 50 826087.9680557795
 933 0 0 0 0 50 826355.5062219946
 934 0 0 0 0 50 826610.3053796698
 935 0 0 0 0 50 826839.6027541865
 936 0 0 0 0 50 827000.0349665891
 937 0 0 0 0 50 827108.9262670623
 938 0 0 0 0 50 827219.5028090965
 939 0 0 0 0 50 827498.7249760261
 940 0 0 0 0 50 827680.9196789399
 941 0 0 0 0 50 827891.6788377492
 942 0 0 0 0 50 828123.4096419951
 943 0 0 0 0 50 828272.5513203203
 944 0 0 0 0 50 828465.2452171716
 945 0 0 0 0 50 828605.9101848128
 946 0 0 0 0 50 828715.8441091669
 947 0 0 0 0 50 828861.2585226895
 948 0 0 0 0 50 829035.6845812615
 949 0 0 0 0 50 829186.4059626397
 950 0 0 0 0 50 829340.803685028
 951 0 0 0 0 50 829546.7826735392
 952 0 0 0 0 50 829803.5111170348
 953 0 0 0 0 50 830017.6183415687
 954 0 0 0 0 50 830227.4280450525
 955 0 0 0 0 50 830472.0571140994
 956 0 0 0 0 50 830670.7577427462
 957 0 0 0 0 50 830937.6634078397
 958 0 0 0 0 50 831139.8056875905
 959 0 0 0 0 50 831331.8036747247
 960 0 0 0 0 50 831424.9328304129
 961 0 0 0 0 50 831668.6549699259
 962 0 0 0 0 50 831902.9346893834
 963 0 0 0 0 50 832062.5149053932
 964 0 0 0 0 50 832208.2377694596
 965 0 0 0 0 50 832358.9286147044
 966 0 0 0 0 50 832512.6062457039
 967 0 0 0 0 50 832680.3234463525
 968 0 0 0 0 50 832830.4917668909
 969 0 0 0 0 50 833067.7229430065
 970 0 0 0 0 50 833231.457516557
 971 0 0 0 0 50 833446.396465572
 972 0 0 0 0 50 833622.2937648286
 973 0 0 0 0 50 833745.93888515
 974 0 0 0 0 50 833971.4858679607
 975 0 0 0 0 50 834098.8402378185
 976 0 0 0 0 50 834294.8398075252
 977 0 0 0 0 50 834470.0524937968
 978 0 0 0 0 50 834771.5679651329
 979 0 0 0 0 50 834957.185241
 980 0 0 0 0 50 835181.4595120689
 981 0 0 0 0 50 835441.6510973617
 982 0 0 0 0 50 835639.6236985627
 983 0 0 0 0 50 835866.9427108073
 984 0 0 0 0 50 836029.2909237965
 985 0 0 0 0 50 836171.5967247656
 986 0 0 0 0 50 836412.0550774108
 987 0 0 0 0 50 836624.3716656922
 988 0 0 0 0 50 836809.4241967967
 989 0 0 0 0 50 837011.2663214988
 990 0 0 0 0 50 837142.8286825191
 991 0 0 0 0 50 837335.1068808702
 992 0 0 0 0 50 837502.4951032087
 993 0 0 0 0 50 837636.3760622505
 994 0 0 0 0 50 837756.5982461056
 995 0 0 0 0 50 837903.1872301257
 996 0 0 0 0 50 838117.3346238949
 997 0 0 0 0 50 838275.2315771941
 998 0 0 0 0 50 838455.7294964549
 999 0 0 0 0 50 838598.1737873522
 1000 0 0 0 0 50 838846.0998321135
 1001 0 0 0 0 50 839023.130833128
 1002 0 0 0 0 50 839177.7461780793
 1003 0 0 0 0 50 839392.5985432704
 1004 0 0 0 0 50 839575.2489578209
 1005 0 0 0 0 50 839771.3377009551
 1006 0 0 0 0 50 839866.7111684474
 1007 0 0 0 0 50 840066.434821645
 1008 0 0 0 0 50 840245.846833032
 1009 0 0 0 0 50 840353.3591599943
 1010 0 0 0 0 50 840444.2766600023
 1011 0 0 0 0 50 840557.1808916132
 1012 0 0 0 0 50 840677.7285847835
 1013 0 0 0 0 50 840814.2793921697
 1014 0 0 0 0 50 841001.3793130305
 1015 0 0 0 0 50 841152.2748286348
 1016 0 0 0 0 50 841260.6258683448
 1017 0 0 0 0 50 841411.1588250897
 1018 0 0 0 0 50 841537.2609823486
 1019 0 0 0 0 50 841643.865599397
 1020 0 0 0 0 50 841724.0642273941
 1021 0 0 0 0 50 841802.3694919469
 1022 0 0 0 0 50 841923.4318735201
 1023 0 0 0 0 50 842033.7848354498
 1024 0 0 0 0 50 842165.4813618138
 1025 0 0 0 0 50 842288.4422182606
 1026 0 0 0 0 50 842439.4483637434
 1027 0 0 0 0 50 842630.9702438891
 1028 0 0 0 0 50 842781.1528768343
 1029 0 0 0 0 50 842928.9194337518
 1030 0 0 0 0 50 843071.7004878785
 1031 0 0 0 0 50 843187.0324293065
 1032 0 0 0 0 50 843310.245267596
 1033 0 0 0 0 50 843438.6492297162
 1034 0 0 0 0 50 843581.0332124638
 1035 0 0 0 0 50 843735.1604432388
 1036 0 0 0 0 50 843896.0500560892
 1037 0 0 0 0 50 844054.6600538625
 1038 0 0 0 0 50 844203.4732341234
 1039 0 0 0 0 50 844437.3056968278
 1040 0 0 0 0 50 844576.1554282052
 1041 0 0 0 0 50 844807.3578427535
 1042 0 0 0 0 50 845007.9811220628
 1043 0 0 0 0 50 845150.5561425211
 1044 0 0 0 0 50 845299.2147288905
 1045 0 0 0 0 50 845429.253193809
 1046 0 0 0 0 50 845572.6205577542
 1047 0 0 0 0 50 845723.5383745251
 1048 0 0 0 0 50 845886.8774143376
 1049 0 0 0 0 50 846030.772305282
 1050 0 0 0 0 50 846159.7209836063
 1051 0 0 0 0 50 846283.0763894853
 1052 0 0 0 0 50 846411.7093666923
 1053 0 0 0 0 50 846517.1928019534
 1054 0 0 0 0 50 846622.2564590205
 1055 0 0 0 0 50 846697.1262490557
 1056 0 0 0 0 50 846825.8007404539
 1057 0 0 0 0 50 846964.7020482544
 1058 0 0 0 0 50 847092.7674817506
 1059 0 0 0 0 50 847196.8828218451
 1060 0 0 0 0 50 847347.1522020155
 1061 0 0 0 0 50 847493.4878070798
 1062 0 0 0 0 50 847608.7160539549
 1063 0 0 0 0 50 847772.5314840605
 1064 0 0 0 0 50 847889.4866803827
 1065 0 0 0 0 50 848076.5306144219
 1066 0 0 0 0 50 848265.5586718273
 1067 0 0 0 0 50 848425.5599608037
 1068 0 0 0 0 50 848511.209337241
 1069 0 0 0 0 50 848638.7407038738
 1070 0 0 0 0 50 848823.0363866888
 1071 0 0 0 0 50 849066.031949644
 1072 0 0 0 0 50 849935.7686247277
 1073 0 0 0 0 50 850778.8311640178
 1074 0 0 0 0 50 851749.529398528
 1075 0 0 0 0 50 852592.6209526431
 1076 0 0 0 0 50 853343.4919233551
 1077 0 0 0 0 50 854174.5793065593
 1078 0 0 0 0 50 855026.6665692038
 1079 0 0 0 0 50 855956.3559193246
 1080 0 0 0 0 50 856894.0801982986
 1081 0 0 0 0 50 857806.2507074751
 1082 0 0 0 0 50 858728.1830601321
 1083 0 0 0 0 50 859670.0369541815
 1084 0 0 0 0 50 860580.0675596171
 1085 0 0 0 0 50 861385.7527695255
 1086 0 0 0 0 50 862230.2803179953
 1087 0 0 0 0 50 863125.6933057238
 1088 0 0 0 0 50 864022.6863248493
 1089 0 0 0 0 50 864736.3010364826
 1090 0 0 0 0 50 865461.2522304174
 1091 0 0 0 0 50 866366.3928862074
 1092 0 0 0 0 50 867195.4884562051
 1093 0 0 0 0 50 868164.0130459453
 1094 0 0 0 0 50 869056.0867093854
 1095 0 0 0 0 50 869974.775633629
 1096 0 0 0 0 50 870850.8732530747
 1097 0 0 0 0 50 871778.7319823009
 1098 0 0 0 0 50 872797.0385441418
 1099 0 0 0 0 50 873880.2735920337
 1100 0 0 0 0 50 874802.2796371158
 1101 0 0 0 0 50 875888.1354892338
 1102 0 0 0 0 50 876760.7716405012
 1103 0 0 0 0 50 877528.8983890484
 1104 0 0 0 0 50 878331.8775428231
 1105 0 0 0 0 50 879246.0843465249
 1106 0 0 0 0 50 880140.3703870379
 1107 0 0 0 0 50 881114.4625662136
 1108 0 0 0 0 50 881888.7990247817
 1109 0 0 0 0 50 882633.6574463238
 1110 0 0 0 0 50 883539.7084417758
 1111 0 0 0 0 50 884445.4933052671
 1112 0 0 0 0 50 885224.090326348
 1113 0 0 0 0 50 886067.423912222
 1114 0 0 0 0 50 886884.2352767042
 1115 0 0 0 0 50 887814.6646734959
 1116 0 0 0 0 50 888711.1647611118
 1117 0 0 0 0 50 889694.2544543939
 1118 0 0 0 0 50 890557.1232393035
 1119 0 0 0 0 50 891585.8491497525
 1120 0 0 0 0 50 892439.1252910979
 1121 0 0 0 0 50 893233.6245277788
 1122 0 0 0 0 50 894319.1961852094
 1123 0 0 0 0 50 895171.119441438
 1124 0 0 0 0 50 895812.5550654633
 1125 0 0 0 0 50 896663.3987396888
 1126 0 0 0 0 50 897478.1819415812
 1127 0 0 0 0 50 898454.8756949971
 1128 0 0 0 0 50 899517.1646336693
 1129 0 0 0 0 50 900466.7738947512
 1130 0 0 0 0 50 901318.9995448455
 1131 0 0 0 0 50 902324.3768261853
 1132 0 0 0 0 50 903157.4281733559
 1133 0 0 0 0 50 904022.2016328092
 1134 0 0 0 0 50 904993.7885140607
 1135 0 0 0 0 50 906003.1973038513
 1136 0 0 0 0 50 907089.4817339897
 1137 0 0 0 0 50 908105.1457567911
 1138 0 0 0 0 50 909132.7032919698
 1139 0 0 0 0 50 910109.3042335327
 1140 0 0 0 0 50 911319.4241685511
 1141 0 0 0 0 50 912355.9201114699
 1142 0 0 0 0 50 913537.6020143091
 1143 0 0 0 0 50 914608.945720272
 1144 0 0 0 0 50 915542.4027335589
 1145 0 0 0 0 50 916496.0938368747
 1146 0 0 0 0 50 917559.2016435011
 1147 0 0 0 0 50 918599.6108307223
 1148 0 0 0 0 50 919468.1210489053
 1149 0 0 0 0 50 920529.0312549403
 1150 0 0 0 0 50 921498.129681185
 1151 0 0 0 0 50 922387.8246398265
 1152 0 0 0 0 50 923136.200349854
 1153 0 0 0 0 50 923983.4141857825
 1154 0 0 0 0 50 925014.437766918
 1155 0 0 0 0 50 925901.5219848232
 1156 0 0 0 0 50 926773.4538024657
 1157 0 0 0 0 50 927642.1235049458
 1158 0 0 0 0 50 928608.833200375
 1159 0 0 0 0 50 929411.619062693
 1160 0 0 0 0 50 930347.8555335995
 1161 0 0 0 0 50 931320.7719077906
 1162 0 0 0 0 50 932216.864810611
 1163 0 0 0 0 50 933371.9413498299
 1164 0 0 0 0 50 934429.4639388804
 1165 0 0 0 0 50 935380.597858114
 1166 0 0 0 0 50 936321.3750490438
 1167 0 0 0 0 50 937159.2767130316
 1168 0 0 0 0 50 938035.4048495335
 1169 0 0 0 0 50 938948.8927126564
 1170 0 0 0 0 50 939873.4001701289
 1171 0 0 0 0 50 940871.1325290713
 1172 0 0 0 0 50 941673.0444231705
 1173 0 0 0 0 50 942724.1602598578
 1174 0 0 0 0 50 943644.2395132747
 1175 0 0 0 0 50 944532.2989758645
 1176 0 0 0 0 50 945470.1286506415
 1177 0 0 0 0 50 946408.2306698113
 1178 0 0 0 0 50 947182.8745081316
 1179 0 0 0 0 50 948185.8432059229
 1180 0 0 0 0 50 949096.0041155485
 1181 0 0 0 0 50 950040.6568451935
 1182 0 0 0 0 50 950845.5425533406
 1183 0 0 0 0 50 951696.3593127547
 1184 0 0 0 0 50 952641.6881300804
 1185 0 0 0 0 50 953497.2029762107
 1186 0 0 0 0 50 954264.8677074617
 1187 0 0 0 0 50 955159.4785864477
 1188 0 0 0 0 50 956106.7464563508
 1189 0 0 0 0 50 957119.0221400635
 1190 0 0 0 0 50 958061.9056642767
 1191 0 0 0 0 50 958973.3013098026
 1192 0 0 0 0 50 959862.805614314
 1193 0 0 0 0 50 960906.6159688846
 1194 0 0 0 0 50 961880.6904104761
 1195 0 0 0 0 50 962735.601414691
 1196 0 0 0 0 50 963721.6495700142
 1197 0 0 0 0 50 964622.5275076621
 1198 0 0 0 0 50 965500.046256075
 1199 0 0 0 0 50 966493.4469882469
 1200 0 0 0 0 50 967431.8725251486
 1201 0 0 0 0 50 968293.4137375525
 1202 0 0 0 0 50 969268.0105463228
 1203 0 0 0 0 50 970027.2605841164
 1204 0 0 0 0 50 970886.7200746554
 1205 0 0 0 0 50 971694.194793175
 1206 0 0 0 0 50 972527.8573542067
 1207 0 0 0 0 50 973315.4076546797
 1208 0 0 0 0 50 974129.1508471475
 1209 0 0 0 0 50 974984.3564789313
 1210 0 0 0 0 50 975816.4602831416
 1211 0 0 0 0 50 976581.1914116117
 1212 0 0 0 0 50 977329.2498406237
 1213 0 0 0 0 50 978048.0019476918
 1214 0 0 0 0 50 978888.9828253536
 1215 0 0 0 0 50 979711.9545140439
 1216 0 0 0 0 50 980601.5485851447
 1217 0 0 0 0 50 981295.8355128862
 1218 0 0 0 0 50 982128.666687662
 1219 0 0 0 0 50 982906.6425303216
 1220 0 0 0 0 50 983737.0509346195
 1221 0 0 0 0 50 984660.6229773448
 1222 0 0 0 0 50 985506.0349146016
 1223 0 0 0 0 50 986333.1323451274
 1224 0 0 0 0 50 987138.1717202892
 1225 0 0 0 0 50 988141.3119052574
 1226 0 0 0 0 50 988954.2583832043
 1227 0 0 0 0 50 989856.6030102748
 1228 0 0 0 0 50 990784.7780402761
 1229 0 0 0 0 50 991613.1231307115
 1230 0 0 0 0 50 992527.0481151405
 1231 0 0 0 0 50 993362.9849456534
 1232 0 0 0 0 50 994248.719137923
 1233 0 0 0 0 50 995031.8176269616
 1234 0 0 0 0 50 995823.7631933264
 1235 0 0 0 0 50 996827.1144009557
 1236 0 0 0 0 50 997801.5509106106
 1237 0 0 0 0 50 998717.7135666935
 1238 0 0 0 0 50 999583.7545965787
 1239 0 0 0 0 50 1000395.7669802345
 1240 0 0 0 0 50 1001349.6052104784
 1241 0 0 0 0 50 1002203.6813730474
 1242 0 0 0 0 50 1003090.3876708613
 1243 0 0 0 0 50 1004064.7680751156
 1244 0 0 0 0 50 1004870.0814620511
 1245 0 0 0 0 50 1005835.7356940698
 1246 0 0 0 0 50 1006589.1807468449
 1247 0 0 0 0 50 1007381.5700419934
 1248 0 0 0 0 50 1008172.7790017938
 1249 0 0 0 0 50 1008994.3916944743
 1250 0 0 0 0 50 1009782.312120782
 1251 0 0 0 0 50 1010527.1945823283
 1252 0 0 0 0 50 1011211.6581890448
 1253 0 0 0 0 50 1011953.7568348892
 1254 0 0 0 0 50 1012784.0094560852
 1255 0 0 0 0 50 1013594.4749577879
 1256 0 0 0 0 50 1014542.4043768314
 1257 0 0 0 0 50 1015465.5598198911
 1258 0 0 0 0 50 1016191.7196987529
 1259 0 0 0 0 50 1016902.096257196
 1260 0 0 0 0 50 1017472.5899670337
 1261 0 0 0 0 50 1018192.8074373332
 1262 0 0 0 0 50 1019057.6883205725
 1263 0 0 0 0 50 1019896.1306998151
 1264 0 0 0 0 50 1020826.5077186727
 1265 0 0 0 0 50 1021719.5897456057
 1266 0 0 0 0 50 1022640.3471873025
 1267 0 0 0 0 50 1023573.6311530457
 1268 0 0 0 0 50 1024524.5338249189
 1269 0 0 0 0 50 1025543.1049379526
 1270 0 0 0 0 50 1026347.6664756079
 1271 0 0 0 0 50 1027226.4981919483
 1272 0 0 0 0 50 1028118.2503747973
 1273 0 0 0 0 50 1029109.359664098
 1274 0 0 0 0 50 1030091.307424111
 1275 0 0 0 0 50 1031126.639396542
 1276 0 0 0 0 50 1032117.0517952114
 1277 0 0 0 0 50 1033144.0972510559
 1278 0 0 0 0 50 1034096.4476270791
 1279 0 0 0 0 50 1035123.7500420532
 1280 0 0 0 0 50 1035939.4739533169
 1281 0 0 0 0 50 1036697.6812216537
 1282 0 0 0 0 50 1037491.5367857106
 1283 0 0 0 0 50 1038480.596205727
 1284 0 0 0 0 50 1039313.1686385669
 1285 0 0 0 0 50 1040158.1129029841
 1286 0 0 0 0 50 1040875.5050556356
 1287 0 0 0 0 50 1041736.1530624198
 1288 0 0 0 0 50 1042618.5270988975
 1289 0 0 0 0 50 1043538.819503831
 1290 0 0 0 0 50 1044484.4703357364
 1291 0 0 0 0 50 1045492.523826889
 1292 0 0 0 0 50 1046360.2665073079
 1293 0 0 0 0 50 1047241.0067710414
 1294 0 0 0 0 50 1048281.3344002264
 1295 0 0 0 0 50 1049201.5342569565
 1296 0 0 0 0 50 1050201.052382017
 1297 0 0 0 0 50 1051179.9846455015
 1298 0 0 0 0 50 1052168.9317403645
 1299 0 0 0 0 50 1053138.9363984852
 1300 0 0 0 0 50 1054007.9591288622
 1301 0 0 0 0 50 1054927.0926728668
 1302 0 0 0 0 50 1055966.7107206497
 1303 0 0 0 0 50 1056987.805691161
 1304 0 0 0 0 50 1057760.584340235
 1305 0 0 0 0 50 1058662.2597573614
 1306 0 0 0 0 50 1059527.6444311682
 1307 0 0 0 0 50 1060318.0100796407
 1308 0 0 0 0 50 1061230.6887683717
 1309 0 0 0 0 50 1062119.6060674181
 1310 0 0 0 0 50 1063169.421974387
 1311 0 0 0 0 50 1064192.5066612705
 1312 0 0 0 0 50 1064866.789514561
 1313 0 0 0 0 50 1065737.402705318
 1314 0 0 0 0 50 1066458.0905313904
 1315 0 0 0 0 50 1067186.975998848
 1316 0 0 0 0 50 1068047.6682743586
 1317 0 0 0 0 50 1068864.7715576082
 1318 0 0 0 0 50 1069840.2564844307
 1319 0 0 0 0 50 1070889.5292439652
 1320 0 0 0 0 50 1071798.5211304775
 1321 0 0 0 0 50 1072726.0885197157
 1322 0 0 0 0 50 1073588.4286158923
 1323 0 0 0 0 50 1074448.9131682145
 1324 0 0 0 0 50 1075266.2712552885
 1325 0 0 0 0 50 1076229.577015145
 1326 0 0 0 0 50 1077052.9023297667
 1327 0 0 0 0 50 1077961.7293232994
 1328 0 0 0 0 50 1078833.6289059687
 1329 0 0 0 0 50 1079828.5632412394
 1330 0 0 0 0 50 1080779.7044873505
 1331 0 0 0 0 50 1081657.5143017797
 1332 0 0 0 0 50 1082595.831204786
 1333 0 0 0 0 50 1083561.9160065982
 1334 0 0 0 0 50 1084327.9452676473
 1335 0 0 0 0 50 1085204.6852124278
 1336 0 0 0 0 50 1086143.0546817693
 1337 0 0 0 0 50 1087085.9916908264
 1338 0 0 0 0 50 1087908.5607561236
 1339 0 0 0 0 50 1088870.0468862692
 1340 0 0 0 0 50 1089767.9561382376
 1341 0 0 0 0 50 1090688.830956058
 1342 0 0 0 0 50 1091504.5972582684
 1343 0 0 0 0 50 1092392.146662371
 1344 0 0 0 0 50 1093199.3328054259
 1345 0 0 0 0 50 1094124.961432054
 1346 0 0 0 0 50 1095088.249618946
 1347 0 0 0 0 50 1095961.9994355305
 1348 0 0 0 0 50 1096755.7659245094
 1349 0 0 0 0 50 1097741.5567262978
 1350 0 0 0 0 50 1098695.597444917
 1351 0 0 0 0 50 1099643.8360620197
 1352 0 0 0 0 50 1100452.6137599119
 1353 0 0 0 0 50 1101340.0096915793
 1354 0 0 0 0 50 1102208.1810949668
 1355 0 0 0 0 50 1103055.4548143737
 1356 0 0 0 0 50 1103823.4790404509
 1357 0 0 0 0 50 1104670.1659901915
 1358 0 0 0 0 50 1105653.7035819353
 1359 0 0 0 0 50 1106606.0176199588
 1360 0 0 0 0 50 1107630.4817599948
 1361 0 0 0 0 50 1108355.2564997121
 1362 0 0 0 0 50 1109303.7705925556
 1363 0 0 0 0 50 1110289.4815932177
 1364 0 0 0 0 50 1111209.3893231044
 1365 0 0 0 0 50 1112191.8194361033
 1366 0 0 0 0 50 1112989.5279318742
 1367 0 0 0 0 50 1113852.5123872624
 1368 0 0 0 0 50 1114818.351274877
 1369 0 0 0 0 50 1115841.3359467033
 1370 0 0 0 0 50 1116719.6474284627
 1371 0 0 0 0 50 1117577.5791000398
 1372 0 0 0 0 50 1118392.5503896086
 1373 0 0 0 0 50 1119297.8758383363
 1374 0 0 0 0 50 1120113.8618210126
 1375 0 0 0 0 50 1121056.1252748421
 1376 0 0 0 0 50 1122082.7210732098
 1377 0 0 0 0 50 1123079.388431188
 1378 0 0 0 0 50 1123918.343943301
 1379 0 0 0 0 50 1124687.1996402803
 1380 0 0 0 0 50 1125545.0262712124
 1381 0 0 0 0 50 1126384.2210122237
 1382 0 0 0 0 50 1127290.3860769158
 1383 0 0 0 0 50 1128108.5483606374
 1384 0 0 0 0 50 1129106.4487774633
 1385 0 0 0 0 50 1130173.707408241
 1386 0 0 0 0 50 1131170.5868599014
 1387 0 0 0 0 50 1132108.6333285812
 1388 0 0 0 0 50 1133148.1021315537
 1389 0 0 0 0 50 1134173.7472984917
 1390 0 0 0 0 50 1135089.3968668976
 1391 0 0 0 0 50 1136046.2577834115
 1392 0 0 0 0 50 1136995.5920811037
 1393 0 0 0 0 50 1137883.2151214941
 1394 0 0 0 0 50 1138722.8104607796
 1395 0 0 0 0 50 1139745.1999953678
 1396 0 0 0 0 50 1140749.4529298742
 1397 0 0 0 0 50 1141669.4203312986
 1398 0 0 0 0 50 1142465.8886952589
 1399 0 0 0 0 50 1143383.0574873157
 1400 0 0 0 0 50 1144246.6556540702
 1401 0 0 0 0 50 1145005.0751338475
 1402 0 0 0 0 50 1145869.431489752
 1403 0 0 0 0 50 1146753.5928764734
 1404 0 0 0 0 50 1147472.0157989853
 1405 0 0 0 0 50 1148286.7548519836
 1406 0 0 0 0 50 1149111.1943830394
 1407 0 0 0 0 50 1149966.784052435
 1408 0 0 0 0 50 1150765.6330595454
 1409 0 0 0 0 50 1151639.0609377143
 1410 0 0 0 0 50 1152458.3978351697
 1411 0 0 0 0 50 1153331.2031604068
 1412 0 0 0 0 50 1154196.4339771846
 1413 0 0 0 0 50 1155048.1049809789
 1414 0 0 0 0 50 1155816.7167075975
 1415 0 0 0 0 50 1156802.7963047652
 1416 0 0 0 0 50 1157657.3925281134
 1417 0 0 0 0 50 1158607.8770335629
 1418 0 0 0 0 50 1159465.8884493215
 1419 0 0 0 0 50 1160390.1914846634
 1420 0 0 0 0 50 1161227.1171834227
 1421 0 0 0 0 50 1162051.134348254
 1422 0 0 0 0 50 1162937.3602844619
 1423 0 0 0 0 50 1163824.3686049583
 1424 0 0 0 0 50 1164741.7231490253
 1425 0 0 0 0 50 1165613.440794028
 1426 0 0 0 0 50 1166389.6128666503
 1427 0 0 0 0 50 1167214.8663983562
 1428 0 0 0 0 50 1168049.6007693314
 1429 0 0 0 0 50 1168899.8404960094
 1430 0 0 0 0 50 1169766.545365427
 1431 0 0 0 0 50 1170673.7282578168
 1432 0 0 0 0 50 1171487.9051139816
 1433 0 0 0 0 50 1172386.8642031366
 1434 0 0 0 0 50 1173275.7278503724
 1435 0 0 0 0 50 1174249.4045018973
 1436 0 0 0 0 50 1175190.8938401206
 1437 0 0 0 0 50 1175880.8661501033
 1438 0 0 0 0 50 1176707.5405543663
 1439 0 0 0 0 50 1177522.724151263
 1440 0 0 0 0 50 1178481.0883704256
 1441 0 0 0 0 50 1179318.2922116825
 1442 0 0 0 0 50 1180131.9996196365
 1443 0 0 0 0 50 1181085.2945697315
 1444 0 0 0 0 50 1182008.6587642028
 1445 0 0 0 0 50 1182799.4399344441
 1446 0 0 0 0 50 1183648.4110333999
 1447 0 0 0 0 50 1184607.6089790347
 1448 0 0 0 0 50 1185638.365837275
 1449 0 0 0 0 50 1186421.5185952694
 1450 0 0 0 0 50 1187267.5567159075
 1451 0 0 0 0 50 1188020.593658804
 1452 0 0 0 0 50 1188872.778373809
 1453 0 0 0 0 50 1189686.6156070505
 1454 0 0 0 0 50 1190538.578437455
 1455 0 0 0 0 50 1191317.1901050792
 1456 0 0 0 0 50 1192101.2875688444
 1457 0 0 0 0 50 1193015.0763830666
 1458 0 0 0 0 50 1193874.4859136415
 1459 0 0 0 0 50 1194626.5527825952
 1460 0 0 0 0 50 1195532.0040566185
 1461 0 0 0 0 50 1196386.066763147
 1462 0 0 0 0 50 1197120.1847171301
 1463 0 0 0 0 50 1197884.506515528
 1464 0 0 0 0 50 1198608.7123937642
 1465 0 0 0 0 50 1199446.7295173083
 1466 0 0 0 0 50 1200376.0115638322
 1467 0 0 0 0 50 1201310.235441641
 1468 0 0 0 0 50 1202176.4417409159
 1469 0 0 0 0 50 1202966.6810307025
 1470 0 0 0 0 50 1203731.8492849534
 1471 0 0 0 0 50 1204524.317516027
 1472 0 0 0 0 50 1205386.2129724422
 1473 0 0 0 0 50 1206133.130780993
 1474 0 0 0 0 50 1206854.7186768688
 1475 0 0 0 0 50 1207517.0822392653
 1476 0 0 0 0 50 1208346.4221587481
 1477 0 0 0 0 50 1209155.1721700162
 1478 0 0 0 0 50 1209924.663416205
 1479 0 0 0 0 50 1210748.3245267542
 1480 0 0 0 0 50 1211564.4510734861
 1481 0 0 0 0 50 1212434.244647163
 1482 0 0 0 0 50 1213253.557410027
 1483 0 0 0 0 50 1214205.2847820697
 1484 0 0 0 0 50 1215241.8934002803
 1485 0 0 0 0 50 1216147.5133635162