 "ticks" "state 0" "state 1" "state 2" "state 3" "state 4" "bioenergy success"
 0 10 14 7 11 8 25709.5995
 1 8 12 12 12 6 24393.917267708937
 2 8 12 8 11 11 23429.214871000037
 3 7 13 8 13 9 22516.344347195383
 4 7 12 9 12 10 21521.3582684971
 5 8 11 9 12 10 20450.811217792296
 6 8 11 9 12 10 19379.498563509416
 7 8 11 9 12 10 18280.43704832181
 8 8 11 9 12 10 17183.48823970159
 9 8 11 9 12 10 16111.537059127153
 10 8 11 9 12 10 15068.985853575592
 11 8 11 9 12 10 14025.379108906996
 12 8 11 9 12 10 12973.15359372613
 13 8 11 9 12 10 11929.889501808322
 14 8 11 9 12 10 10841.35743583604
 15 8 11 9 12 10 9791.981850802515
 16 8 11 9 12 10 8782.284729491925
 17 8 11 9 12 10 7763.608529893763
 18 8 11 9 12 10 6764.254549726802
 19 8 11 9 12 10 5721.225165812755
 20 8 11 9 12 10 4667.647259513021
 21 8 11 9 12 10 3675.5737333149987
 22 8 11 9 12 10 2651.8093850398513
 23 8 11 9 12 10 1646.7634154482841
 24 8 11 9 12 10 617.6193275173338
 25 8 11 9 12 10 -414.86451673489535
 26 8 11 9 12 10 -1409.966687054053
 27 8 11 9 12 10 -2460.055937200822
 28 8 11 9 12 10 -3482.734158234895
 29 8 11 9 12 10 -4452.0244289349075
 30 8 11 9 12 10 -5411.9947898633045
 31 8 11 9 12 10 -6412.078970902218
 32 8 11 9 12 10 -7443.34724935712
 33 8 11 9 12 10 -8460.39555605331
 34 8 11 9 12 10 -9485.962046005878
 35 8 11 9 12 10 -10460.680578166275
 36 8 11 9 12 10 -11403.311178312826
 37 8 11 9 12 10 -12404.511816225757
 38 8 11 9 12 10 -13351.810960385345
 39 8 11 9 12 10 -14365.72287184754
 40 8 11 9 12 10 -15355.940634250275
 41 8 11 9 12 10 -16286.417466973513
 42 8 11 9 12 10 -17244.014095319177
 43 8 11 9 12 10 -18242.575667206893
 44 8 11 9 12 10 -19261.16310827413
 45 8 11 9 12 10 -20360.144676343116
 46 8 11 9 12 10 -21385.049324519463
 47 8 11 9 12 10 -22418.155222224003
 48 8 11 9 12 10 -23411.477975019865
 49 8 11 9 12 10 -24430.43701321056
 50 8 11 9 12 10 -25522.221965160334
 51 8 11 9 12 10 -26499.08763419433
 52 8 11 9 12 10 -27510.883062562454
 53 8 11 9 12 10 -28519.396802098818
 54 8 11 9 12 10 -29552.97295844728
 55 8 11 9 12 10 -30510.180461915614
 56 8 11 9 12 10 -31452.725392763132
 57 8 11 9 12 10 -32504.851745587974
 58 8 11 9 12 10 -33481.33277309438
 59 8 11 9 12 10 -34469.54902563647
 60 8 11 9 12 10 -35409.02095804341
 61 8 11 9 12 10 -36424.201917354505
 62 8 11 9 12 10 -37446.69289258553
 63 8 11 9 12 10 -38469.33368485191
 64 8 11 9 12 10 -39459.713941349175
 65 8 11 9 12 10 -40425.512148649286
 66 8 11 9 12 10 -41359.02802407273
 67 8 11 9 12 10 -42402.41021147068
 68 8 11 9 12 10 -43393.045922206504
 69 8 11 9 12 10 -44414.5057878737
 70 8 11 9 12 10 -45455.78096853347
 71 8 11 9 12 10 -46418.497615673485
 72 8 11 9 12 10 -47448.062100371135
 73 8 11 9 12 10 -48424.07736146278
 74 8 11 9 12 10 -49453.81841466177
 75 8 11 9 12 10 -50479.28407001083
 76 8 11 9 12 10 -51485.47706505697
 77 8 11 9 12 10 -52460.65184935306
 78 8 11 9 12 10 -53498.2196571678
 79 8 11 9 12 10 -54560.2388162453
 80 8 11 9 12 10 -55580.40632843177
 81 8 11 9 12 10 -56602.00317484928
 82 8 11 9 12 10 -57665.40653393118
 83 8 11 9 12 10 -58728.19728910268
 84 8 11 9 12 10 -59764.24006713524
 85 8 11 9 12 10 -60829.38926834399
 86 8 11 9 12 10 -61866.73332907433
 87 8 11 9 12 10 -62848.53978025931
 88 8 11 9 12 10 -63861.416216197766
 89 8 11 9 12 10 -64809.26964220414
 90 8 11 9 12 10 -65786.70086005674
 91 8 11 9 12 10 -66778.42065890404
 92 8 11 9 12 10 -67794.28563446934
 93 8 11 9 12 10 -68813.0927069866
 94 8 11 9 12 10 -69805.73681557135
 95 8 11 9 12 10 -70802.54279207259
 96 8 11 9 12 10 -71798.61750107404
 97 8 11 9 12 10 -72826.59567225413
 98 8 11 9 12 10 -73874.44510346759
 99 8 11 9 12 10 -74861.50173523385
 100 8 11 9 12 10 -75819.51479349544
 101 8 11 9 12 10 -76842.68493224875
 102 8 11 9 12 10 -77834.02547078542
 103 8 11 9 12 10 -78828.88651407459
 104 8 11 9 12 10 -79844.30974678669
 105 8 11 9 12 10 -80845.16354710216
 106 8 11 9 12 10 -81843.77326863096
 107 8 11 9 12 10 -82866.51461237647
 108 8 11 9 12 10 -83924.67573159395
 109 8 11 9 12 10 -84923.73132544519
 110 8 11 9 12 10 -85888.04054919326
 111 8 11 9 12 10 -86898.75652294607
 112 8 11 9 12 10 -87893.55894389657
 113 8 11 9 12 10 -88915.46760247584
 114 8 11 9 12 10 -89898.11604983611
 115 8 11 9 12 10 -90900.15208505234
 116 8 11 9 12 10 -91889.41995564793
 117 8 11 9 12 10 -92908.22549981349
 118 8 11 9 12 10 -93928.04769437994
 119 8 11 9 12 10 -94932.11194323322
 120 8 11 9 12 10 -95891.32850909418
 121 8 11 9 12 10 -96923.76807668766
 122 8 11 9 12 10 -97872.03216347963
 123 8 11 9 12 10 -98871.24712424813
 124 8 11 9 12 10 -99870.59726505785
 125 8 11 9 12 10 -100865.39357268171
 126 8 11 9 12 10 -101827.49897028267
 127 8 11 9 12 10 -102788.80126652746
 128 8 11 9 12 10 -103784.2977317139
 129 8 11 9 12 10 -104754.69990138098
 130 8 11 9 12 10 -105727.85035915552
 131 8 11 9 12 10 -106683.67468848191
 132 8 11 9 12 10 -107680.54619431809
 133 8 11 9 12 10 -108668.72732504645
 134 8 11 9 12 10 -109653.36902955825
 135 8 11 9 12 10 -110600.86132393965
 136 8 11 9 12 10 -111644.5502267777
 137 8 11 9 12 10 -112657.08488941104
 138 8 11 9 12 10 -113679.45077541504
 139 8 11 9 12 10 -114681.18362891812
 140 8 11 9 12 10 -115732.37282568241
 141 8 11 9 12 10 -116800.5046975347
 142 8 11 9 12 10 -117792.22145607787
 143 8 11 9 12 10 -118827.73374233054
 144 8 11 9 12 10 -119791.29324600939
 145 8 11 9 12 10 -120639.16059944335
 146 8 11 9 12 10 -121498.70229640705
 147 8 11 9 12 10 -122355.20087026863
 148 8 11 9 12 10 -123208.4648093795
 149 8 11 9 12 10 -124093.0269737245
 150 8 11 9 12 10 -124987.20639957029
 151 8 11 9 12 10 -125844.34070137568
 152 8 11 9 12 10 -126828.84842111995
 153 8 11 9 12 10 -127749.79872495051
 154 8 11 9 12 10 -128639.44891648012
 155 8 11 9 12 10 -129457.85734100446
 156 8 11 9 12 10 -130367.55312647916
 157 8 11 9 12 10 -131253.9269328182
 158 8 11 9 12 10 -132157.07109765205
 159 8 11 9 12 10 -132988.81353639736
 160 8 11 9 12 10 -133869.0057999653
 161 8 11 9 12 10 -134837.88804784254
 162 8 11 9 12 10 -135786.03559639156
 163 8 11 9 12 10 -136623.13854033474
 164 8 11 9 12 10 -137521.3864972796
 165 8 11 9 12 10 -138357.33552672894
 166 8 11 9 12 10 -139282.89914023498
 167 8 11 9 12 10 -140209.88156848235
 168 8 11 9 12 10 -141127.16351209005
 169 8 11 9 12 10 -141997.50378595368
 170 8 11 9 12 10 -142941.76168587443
 171 8 11 9 12 10 -143815.64718758682
 172 8 11 9 12 10 -144705.0675973759
 173 8 11 9 12 10 -145699.70772107545
 174 8 11 9 12 10 -146544.72701650544
 175 8 11 9 12 10 -147485.59645227308
 176 8 11 9 12 10 -148420.0455509658
 177 8 11 9 12 10 -149296.46664273218
 178 8 11 9 12 10 -150203.79662759547
 179 8 11 9 12 10 -151160.6211919813
 180 8 11 9 12 10 -152047.82127635196
 181 8 11 9 12 10 -153019.7500795714
 182 8 11 9 12 10 -153935.12109862347
 183 8 11 9 12 10 -154812.36860554447
 184 8 11 9 12 10 -155742.31491076126
 185 8 11 9 12 10 -156659.2795558962
 186 8 11 9 12 10 -157556.5505223333
 187 8 11 9 12 10 -158415.47901599234
 188 8 11 9 12 10 -159273.79260284881
 189 8 11 9 12 10 -160113.33310769222
 190 8 11 9 12 10 -160974.93571663753
 191 8 11 9 12 10 -161824.58819573032
 192 8 11 9 12 10 -162697.1066401168
 193 8 11 9 12 10 -163651.6746282112
 194 8 11 9 12 10 -164631.26868756345
 195 8 11 9 12 10 -165547.09250935423
 196 8 11 9 12 10 -166504.3788024113
 197 8 11 9 12 10 -167408.1159357037
 198 8 11 9 12 10 -168367.13097230982
 199 8 11 9 12 10 -169240.68475116068
 200 8 11 9 12 10 -170142.13569937024
 201 8 11 9 12 10 -171117.23813085048
 202 8 11 9 12 10 -171992.76374321964
 203 8 11 9 12 10 -172904.04964705196
 204 8 11 9 12 10 -173892.01344819338
 205 8 11 9 12 10 -174818.11294418183
 206 8 11 9 12 10 -175733.68808951188
 207 8 11 9 12 10 -176673.66564144235
 208 8 11 9 12 10 -177498.28423955402
 209 8 11 9 12 10 -178351.5228505166
 210 8 11 9 12 10 -179274.3898570031
 211 8 11 9 12 10 -180151.15416843534
 212 8 11 9 12 10 -181006.4143526875
 213 8 11 9 12 10 -181852.3080405859
 214 8 11 9 12 10 -182714.89492023748
 215 8 11 9 12 10 -183559.93380570973
 216 8 11 9 12 10 -184375.1280787634
 217 8 11 9 12 10 -185261.1080157768
 218 8 11 9 12 10 -186156.98940937882
 219 8 11 9 12 10 -187021.84725548647
 220 8 11 9 12 10 -187870.40861199584
 221 8 11 9 12 10 -188721.74027699654
 222 8 11 9 12 10 -189620.79214095228
 223 8 11 9 12 10 -190433.85430538352
 224 8 11 9 12 10 -191274.8613491027
 225 8 11 9 12 10 -192208.40727634812
 226 8 11 9 12 10 -193039.00992994066
 227 8 11 9 12 10 -193940.33592682323
 228 8 11 9 12 10 -194887.2537612892
 229 8 11 9 12 10 -195794.2803138596
 230 8 11 9 12 10 -196621.33132619792
 231 8 11 9 12 10 -197476.56550420413
 232 8 11 9 12 10 -198291.73338587896
 233 8 11 9 12 10 -199164.24187232237
 234 8 11 9 12 10 -200042.35513926027
 235 8 11 9 12 10 -200921.3271794898
 236 8 11 9 12 10 -201747.16647476668
 237 8 11 9 12 10 -202599.9864528608
 238 8 11 9 12 10 -203436.17232095718
 239 8 11 9 12 10 -204247.75073073644
 240 8 11 9 12 10 -205205.1428430299
 241 8 11 9 12 10 -206098.70551096453
 242 8 11 9 12 10 -206949.9128798623
 243 8 11 9 12 10 -207800.50916916915
 244 8 11 9 12 10 -208733.46377589257
 245 8 11 9 12 10 -209602.2508615732
 246 8 11 9 12 10 -210549.31236345548
 247 8 11 9 12 10 -211373.36669754738
 248 8 11 9 12 10 -212255.31971120776
 249 8 11 9 12 10 -213099.75710137465
 250 8 11 9 12 10 -214011.61172416623
 251 8 11 9 12 10 -214863.3121078242
 252 8 11 9 12 10 -215790.10915678498
 253 8 11 9 12 10 -216696.6240581717
 254 8 11 9 12 10 -217586.5370417537
 255 8 11 9 12 10 -218440.09982684132
 256 8 11 9 12 10 -219286.46904293812
 257 8 11 9 12 10 -220110.84308462526
 258 8 11 9 12 10 -220973.16495236036
 259 8 11 9 12 10 -221905.7618992196
 260 8 11 9 12 10 -222766.34297426685
 261 8 11 9 12 10 -223632.64648423108
 262 8 11 9 12 10 -224512.10039328184
 263 8 11 9 12 10 -225369.9971609407
 264 8 11 9 12 10 -226239.32907917572
 265 8 11 9 12 10 -227117.69388713696
 266 8 11 9 12 10 -227974.62322996373
 267 8 11 9 12 10 -228877.90757899135
 268 8 11 9 12 10 -229754.3438603657
 269 8 11 9 12 10 -230688.2366113959
 270 8 11 9 12 10 -231511.61454472927
 271 8 11 9 12 10 -232392.00092928667
 272 8 11 9 12 10 -233374.3433071726
 273 8 11 9 12 10 -234344.52705706574
 274 8 11 9 12 10 -235318.32348436784
 275 8 11 9 12 10 -236376.031962958
 276 8 11 9 12 10 -237338.23698817645
 277 8 11 9 12 10 -238320.561613219
 278 8 11 9 12 10 -239296.41407379255
 279 8 11 9 12 10 -240374.90296080412
 280 8 11 9 12 10 -241393.7024048451
 281 8 11 9 12 10 -242416.62949327863
 282 8 11 9 12 10 -243375.50216683265
 283 8 11 9 12 10 -244427.7713891356
 284 8 11 9 12 10 -245505.4258856329
 285 8 11 9 12 10 -246504.4003477019
 286 8 11 9 12 10 -247521.22127108526
 287 8 11 9 12 10 -248510.0389389852
 288 8 11 9 12 10 -249536.94715106869
 289 8 11 9 12 10 -250528.4050686053
 290 8 11 9 12 10 -251539.27359741845
 291 8 11 9 12 10 -252511.7646817944
 292 8 11 9 12 10 -253512.63775423644
 293 8 11 9 12 10 -254508.1010154004
 294 8 11 9 12 10 -255522.53287414063
 295 8 11 9 12 10 -256507.9566036231
 296 8 11 9 12 10 -257471.0359063211
 297 8 11 9 12 10 -258534.57824653428
 298 8 11 9 12 10 -259532.51421511994
 299 8 11 9 12 10 -260506.55492310628
 300 8 11 9 12 10 -261537.8052774579
 301 8 11 9 12 10 -262513.1747315982
 302 8 11 9 12 10 -263549.6857731261
 303 8 11 9 12 10 -264545.9796252991
 304 8 11 9 12 10 -265594.4409314065
 305 8 11 9 12 10 -266664.55143415654
 306 8 11 9 12 10 -267654.90724980854
 307 8 11 9 12 10 -268679.8530713807
 308 8 11 9 12 10 -269705.1665260985
 309 8 11 9 12 10 -270669.08854847064
 310 8 11 9 12 10 -271758.15169672365
 311 8 11 9 12 10 -272810.11411977606
 312 8 11 9 12 10 -273873.020881865
 313 8 11 9 12 10 -274897.12348144
 314 8 11 9 12 10 -275900.721157077
 315 8 11 9 12 10 -276919.28583350766
 316 8 11 9 12 10 -278012.83684631233
 317 8 11 9 12 10 -279071.6121672454
 318 8 11 9 12 10 -280136.1788324801
 319 8 11 9 12 10 -281120.31024856586
 320 8 11 9 12 10 -282075.5492087981
 321 8 11 9 12 10 -283073.4861869251
 322 8 11 9 12 10 -284128.886950916
 323 8 11 9 12 10 -285194.31089598086
 324 8 11 9 12 10 -286194.8593966003
 325 8 11 9 12 10 -287240.5608222813
 326 8 11 9 12 10 -288225.82498054876
 327 8 11 9 12 10 -289255.05276742915
 328 8 11 9 12 10 -290215.1073898152
 329 8 11 9 12 10 -291223.6240752506
 330 8 11 9 12 10 -292204.9227514352
 331 8 11 9 12 10 -293195.60288739053
 332 8 11 9 12 10 -294198.0927672803
 333 8 11 9 12 10 -295262.5481364245
 334 8 11 9 12 10 -296252.0851656874
 335 8 11 9 12 10 -297274.2386193044
 336 8 11 9 12 10 -298258.654733534
 337 8 11 9 12 10 -299320.384113772
 338 8 11 9 12 10 -300366.96894131805
 339 8 11 9 12 10 -301364.38089765987
 340 8 11 9 12 10 -302329.63295031135
 341 8 11 9 12 10 -303248.8964725135
 342 8 11 9 12 10 -304263.12695877126
 343 8 11 9 12 10 -305320.7478838628
 344 8 11 9 12 10 -306344.75391887
 345 8 11 9 12 10 -307419.2584467978
 346 8 11 9 12 10 -308357.7116303846
 347 8 11 9 12 10 -309389.24702463596
 348 8 11 9 12 10 -310395.2865771614
 349 8 11 9 12 10 -311491.2506791361
 350 8 11 9 12 10 -312556.7267659746
 351 8 11 9 12 10 -313540.9554013133
 352 8 11 9 12 10 -314551.8132068489
 353 8 11 9 12 10 -315570.412264697
 354 8 11 9 12 10 -316609.8175930203
 355 8 11 9 12 10 -317605.50077180646
 356 8 11 9 12 10 -318684.746414424
 357 8 11 9 12 10 -319690.2375721594
 358 8 11 9 12 10 -320643.3532266945
 359 8 11 9 12 10 -321695.97947630147
 360 8 11 9 12 10 -322684.227591527
 361 8 11 9 12 10 -323670.2803104508
 362 8 11 9 12 10 -324720.4931636421
 363 8 11 9 12 10 -325822.1624345235
 364 8 11 9 12 10 -326904.4474755428
 365 8 11 9 12 10 -327853.9699934565
 366 8 11 9 12 10 -328902.9528360019
 367 8 11 9 12 10 -329941.1371687826
 368 8 11 9 12 10 -330972.01528891025
 369 8 11 9 12 10 -332006.089451203
 370 8 11 9 12 10 -333020.54386110033
 371 8 11 9 12 10 -334090.31298152584
 372 8 11 9 12 10 -335100.63841068756
 373 8 11 9 12 10 -336055.1794818402
 374 8 11 9 12 10 -337062.85792958597
 375 8 11 9 12 10 -338039.05436917377
 376 8 11 9 12 10 -339042.68497725966
 377 8 11 9 12 10 -340013.17260337825
 378 8 11 9 12 10 -340986.3953580577
 379 8 11 9 12 10 -341970.1437731106
 380 8 11 9 12 10 -342921.7506279209
 381 8 11 9 12 10 -343902.36703076394
 382 8 11 9 12 10 -344859.46605582343
 383 4 14 4 16 12 26825.201732990685
 384 1 12 6 20 11 26256.162154745427
 385 0 12 6 18 14 25782.34951107698
 386 0 11 5 19 15 25400.553266567647
 387 0 11 5 19 15 24999.53148054994
 388 0 11 5 18 16 24609.41367553761
 389 0 11 5 17 17 24218.476958655752
 390 0 11 5 17 17 23819.610207352656
 391 0 11 5 17 17 23404.680534071937
 392 0 11 5 17 17 23044.68715664363
 393 0 11 5 17 17 22692.45141091705
 394 0 11 5 17 17 22382.63364767152
 395 0 11 5 17 17 22044.28953158811
 396 0 11 5 17 17 21703.555942930565
 397 0 11 5 17 17 21358.30209329202
 398 0 11 5 17 17 21017.549507030664
 399 0 11 5 17 17 20651.14557889278
 400 0 11 5 17 17 20559.71279255662
 401 0 11 5 17 17 20533.987563786566
 402 0 11 5 17 17 20463.306621367145
 403 0 11 5 17 17 20396.02182725297
 404 0 11 5 17 17 20363.95003911269
 405 0 11 5 17 17 20314.35717581444
 406 0 11 5 17 17 20248.3846058607
 407 0 11 5 17 17 20184.977853834796
 408 0 11 5 17 17 20137.05402562736
 409 0 11 5 17 17 20138.185384553526
 410 0 11 5 17 17 20121.547000442843
 411 0 11 5 17 17 20101.49933033813
 412 0 11 5 17 17 20084.69991472324
 413 0 11 5 17 17 20043.215719608106
 414 0 11 5 17 17 20009.336746401816
 415 0 11 5 17 17 19988.48697932041
 416 0 11 5 17 17 19974.415828095513
 417 0 11 5 17 17 19945.73803829011
 418 0 11 5 17 17 19944.694802480015
 419 0 11 5 17 17 19899.848563935244
 420 0 11 5 17 17 19868.29065563013
 421 0 11 5 17 17 19820.99686399038
 422 0 11 5 17 17 19779.176159571227
 423 0 11 5 17 17 19729.62077349611
 424 0 11 5 17 17 19649.666675288452
 425 0 11 5 17 17 19584.805039845076
 426 0 11 5 17 17 19561.102363666116
 427 0 11 5 17 17 19514.56858052168
 428 0 11 5 17 17 19507.36258746838
 429 0 11 5 17 17 19459.630730886383
 430 0 11 5 17 17 19447.976768368782
 431 0 11 5 17 17 19443.314134510736
 432 0 11 5 17 17 19474.92215991859
 433 0 11 5 17 17 19506.830920471362
 434 0 11 5 17 17 19534.18349885245
 435 0 11 5 17 17 19509.73575560419
 436 0 11 5 17 17 19501.696758480986
 437 0 11 5 17 17 19479.11596688817
 438 0 11 5 17 17 19447.822952654384
 439 0 11 5 17 17 19416.014872944317
 440 0 11 5 17 17 19369.047953239122
 441 0 11 5 17 17 19352.09787120895
 442 0 11 5 17 17 19398.408358321318
 443 0 11 5 17 17 19417.541387648787
 444 0 11 5 17 17 19443.983926029658
 445 0 11 5 17 17 19433.380479753654
 446 0 11 5 17 17 19394.69214391602
 447 0 11 5 17 17 19388.204621032095
 448 0 11 5 17 17 19320.895264783758
 449 0 11 5 17 17 19311.510486803443
 450 0 11 5 17 17 19289.724268753653
 451 0 11 5 17 17 19297.727994736837
 452 0 11 5 17 17 19273.542523018652
 453 0 11 5 17 17 19227.153689048468
 454 0 11 5 17 17 19226.767332583207
 455 0 11 5 17 17 19269.583827175535
 456 0 11 5 17 17 19308.686420761846
 457 0 11 5 17 17 19367.760306709075
 458 0 11 5 17 17 19383.241848016925
 459 0 11 5 17 17 19392.47125694349
 460 0 11 5 17 17 19321.158495084797
 461 0 11 5 17 17 19389.602528244126
 462 0 11 5 17 17 19417.105473059783
 463 0 11 5 17 17 19464.02832911234
 464 0 11 5 17 17 19496.544572838575
 465 0 11 5 17 17 19499.158971740562
 466 0 11 5 17 17 19513.940718941118
 467 0 11 5 17 17 19530.45850811555
 468 0 11 5 17 17 19543.437344356953
 469 0 11 5 17 17 19573.55224083683
 470 0 11 5 17 17 19602.220195460308
 471 0 11 5 17 17 19634.297997676833
 472 0 11 5 17 17 19685.54412760128
 473 0 11 5 17 17 19721.08521597359
 474 0 11 5 17 17 19781.207339490065
 475 0 11 5 17 17 19803.571447171933
 476 0 11 5 17 17 19823.362338359017
 477 0 11 5 17 17 19857.581184134167
 478 0 11 5 17 17 19881.018429924832
 479 0 11 5 17 17 19933.31001183289
 480 0 11 5 17 17 19973.03801424827
 481 0 11 5 17 17 19992.37049935978
 482 0 11 5 17 17 19971.93994813731
 483 0 11 5 17 17 19983.158796015803
 484 0 11 5 17 17 19980.96042415668
 485 0 11 5 17 17 19931.10304002638
 486 0 11 5 17 17 19951.148505028523
 487 0 11 5 17 17 19967.962807749842
 488 0 11 5 17 17 19971.082769946996
 489 0 11 5 17 17 19979.906215124745
 490 0 11 5 17 17 19989.118354346567
 491 0 11 5 17 17 20029.453947599977
 492 0 11 5 17 17 20082.85037410643
 493 0 11 5 17 17 20090.977164276912
 494 0 11 5 17 17 20075.837603914246
 495 0 11 5 17 17 20013.399787367907
 496 0 11 5 17 17 20002.756829183218
 497 0 11 5 17 17 20012.678259546217
 498 0 11 5 17 17 20052.431618104354
 499 0 11 5 17 17 20040.687021705715
 500 0 11 5 17 17 20083.34619642273
 501 0 11 5 17 17 20118.436674534074
 502 0 11 5 17 17 20112.520559478915
 503 0 11 5 17 17 20097.24920236047
 504 0 11 5 17 17 20112.330177675245
 505 0 11 5 17 17 20119.26275484535
 506 0 11 5 17 17 20166.854555260627
 507 0 11 5 17 17 20088.480659455363
 508 0 11 5 17 17 20154.82517121261
 509 0 11 5 17 17 20135.667065159087
 510 0 11 5 17 17 20113.988642357486
 511 0 11 5 17 17 20156.233801692688
 512 0 11 5 17 17 20177.565179904184
 513 0 11 5 17 17 20200.812541503004
 514 0 11 5 17 17 20203.469379185262
 515 0 11 5 17 17 20222.88379946621
 516 0 11 5 17 17 20257.548226596
 517 0 11 5 17 17 20227.883936169917
 518 0 11 5 17 17 20227.22474354618
 519 0 11 5 17 17 20225.66022590316
 520 0 11 5 17 17 20162.311497369334
 521 0 11 5 17 17 20160.718015072434
 522 0 11 5 17 17 20104.247368448578
 523 0 11 5 17 17 20111.905940199882
 524 0 11 5 17 17 20155.876562139547
 525 0 11 5 17 17 20181.781146269725
 526 0 11 5 17 17 20189.86013165828
 527 0 11 5 17 17 20224.083480180296
 528 0 11 5 17 17 20210.392839174892
 529 0 11 5 17 17 20257.793942822354
 530 0 11 5 17 17 20282.082165763448
 531 0 11 5 17 17 20310.09929497768
 532 0 11 5 17 17 20298.015397403837
 533 0 11 5 17 17 20308.127024418205
 534 0 11 5 17 17 20315.355092886533
 535 0 11 5 17 17 20339.67407316261
 536 0 11 5 17 17 20387.878147839787
 537 0 11 5 17 17 20393.024799406194
 538 0 11 5 17 17 20331.727968279567
 539 0 11 5 17 17 20335.629351023646
 540 0 11 5 17 17 20361.65506893027
 541 0 11 5 17 17 20342.83252596995
 542 0 11 5 17 17 20302.935752558267
 543 0 11 5 17 17 20279.491384969588
 544 0 11 5 17 17 20308.883797495
 545 0 11 5 17 17 20266.14504489875
 546 0 11 5 17 17 20252.11434506542
 547 0 11 5 17 17 20203.39401954738
 548 0 11 5 17 17 20167.544576880427
 549 0 11 5 17 17 20130.536772992684
 550 0 11 5 17 17 20157.512929603978
 551 0 11 5 17 17 20145.05618508593
 552 0 11 5 17 17 20153.577540248563
 553 0 11 5 17 17 20139.329348968877
 554 0 11 5 17 17 20149.925939005043
 555 0 11 5 17 17 20130.289410475423
 556 0 11 5 17 17 20147.743159017213
 557 0 11 5 17 17 20130.6406225823
 558 0 11 5 17 17 20052.38209287329
 559 0 11 5 17 17 20051.132927536426
 560 0 11 5 17 17 20053.117312698254
 561 0 11 5 17 17 20012.362332066878
 562 0 11 5 17 17 19965.592481246396
 563 0 11 5 17 17 19899.305409082266
 564 0 11 5 17 17 19831.071679165816
 565 0 11 5 17 17 19791.57891274056
 566 0 11 5 17 17 19753.354835265112
 567 0 11 5 17 17 19745.33061425873
 568 0 11 5 17 17 19721.591036997175
 569 0 11 5 17 17 19734.384286466775
 570 0 11 5 17 17 19741.82813377665
 571 0 11 5 17 17 19735.56792774441
 572 0 11 5 17 17 19781.477986269372
 573 0 11 5 17 17 19759.282607637615
 574 0 11 5 17 17 19793.316127144804
 575 0 11 5 17 17 19787.391044133772
 576 0 11 5 17 17 19726.20994323235
 577 0 11 5 17 17 19705.920825195317
 578 0 11 5 17 17 19705.501393250073
 579 0 11 5 17 17 19726.89815284892
 580 0 11 5 17 17 19707.665626979586
 581 0 11 5 17 17 19767.729585508114
 582 0 11 5 17 17 19737.079276775363
 583 0 11 5 17 17 19720.92672117467
 584 0 11 5 17 17 19734.32591720953
 585 0 11 5 17 17 19787.755144621937
 586 0 11 5 17 17 19834.862595861683
 587 0 11 5 17 17 19859.633527087954
 588 0 11 5 17 17 19851.5679603718
 589 0 11 5 17 17 19846.13806347194
 590 0 11 5 17 17 19861.994330686946
 591 0 11 5 17 17 19883.25083741632
 592 0 11 5 17 17 19901.89100008925
 593 0 11 5 17 17 19901.708746174696
 594 0 11 5 17 17 19911.34178715483
 595 0 11 5 17 17 19928.081555977136
 596 0 11 5 17 17 19957.923426739642
 597 0 11 5 17 17 20001.922560145802
 598 0 11 5 17 17 20024.600255938727
 599 0 11 5 17 17 20011.1975627513
 600 0 11 5 17 17 20015.446027796424
 601 0 11 5 17 17 20009.628760113992
 602 0 11 5 17 17 20036.871490228496
 603 0 11 5 17 17 20025.148031324545
 604 0 11 5 17 17 19999.477476537562
 605 0 11 5 17 17 19989.629050986026
 606 0 11 5 17 17 19993.852042516806
 607 0 11 5 17 17 19981.180613146385
 608 0 11 5 17 17 19924.486016454306
 609 0 11 5 17 17 19931.671216125116
 610 0 11 5 17 17 19892.999859143914
 611 0 11 5 17 17 19902.34154829784
 612 0 11 5 17 17 19921.584415106798
 613 0 11 5 17 17 19899.947211259623
 614 0 11 5 17 17 19888.879625531416
 615 0 11 5 17 17 19921.544553417378
 616 0 11 5 17 17 19895.005076724527
 617 0 11 5 17 17 19909.043412490817
 618 0 11 5 17 17 19918.658437545524
 619 0 11 5 17 17 19913.841578148014
 620 0 11 5 17 17 19894.712260323522
 621 0 11 5 17 17 19866.199937594673
 622 0 11 5 17 17 19811.619916144722
 623 0 11 5 17 17 19794.267741043026
 624 0 11 5 17 17 19761.7579543169
 625 0 11 5 17 17 19721.329949823157
 626 0 11 5 17 17 19594.26797397035
 627 0 11 5 17 17 19536.40865487146
 628 0 11 5 17 17 19507.888851176
 629 0 11 5 17 17 19440.673718916747
 630 0 11 5 17 17 19434.9504037715
 631 0 11 5 17 17 19350.52920034353
 632 0 11 5 17 17 19316.468428100823
 633 0 11 5 17 17 19217.947387327953
 634 0 11 5 17 17 19130.961285227277
 635 0 11 5 17 17 19062.86857576774
 636 0 11 5 17 17 19001.945373854407
 637 0 11 5 17 17 18950.424847198567
 638 0 11 5 17 17 18897.06599517751
 639 0 11 5 17 17 18800.551682031262
 640 0 11 5 17 17 18815.819037151694
 641 0 11 5 17 17 18729.727262173717
 642 0 11 5 17 17 18669.896455607854
 643 0 11 5 17 17 18590.829356585782
 644 0 11 5 17 17 18426.759167650045
 645 0 11 5 17 17 18365.698456059272
 646 0 11 5 17 17 18269.594359964223
 647 0 11 5 17 17 18248.30953943073
 648 0 11 5 17 17 18208.922116866543
 649 0 11 5 17 17 18137.545441838385
 650 0 11 5 17 17 18038.518701965593
 651 0 11 5 17 17 18020.82328098672
 652 0 11 5 17 17 17946.026398092414
 653 0 11 5 17 17 17807.147531754432
 654 0 11 5 17 17 17730.00840368985
 655 0 11 5 17 17 17630.128249021862
 656 0 11 5 17 17 17575.039914918296
 657 0 11 5 17 17 17510.609438651434
 658 0 11 5 17 17 17451.447671739712
 659 0 11 5 17 17 17420.216707216492
 660 0 11 5 17 17 17370.341692354225
 661 0 11 5 17 17 17335.64828575409
 662 0 11 5 17 17 17290.148162128608
 663 0 11 5 17 17 17230.164877146504
 664 0 11 5 17 17 17186.108668903802
 665 0 11 5 17 17 17146.99867130829
 666 0 11 5 17 17 17103.24041035795
 667 0 11 5 17 17 17050.61702659597
 668 0 11 5 17 17 17005.79725310725
 669 0 11 5 17 17 16981.457141243238
 670 0 11 5 17 17 16871.881841616523
 671 0 11 5 17 17 16768.714019045463
 672 0 11 5 17 17 16661.81270199708
 673 0 11 5 17 17 16579.7571047162
 674 0 11 5 17 17 16494.656944330745
 675 0 11 5 17 17 16437.784215207197
 676 0 11 5 17 17 16335.410438659368
 677 0 11 5 17 17 16260.633719943255
 678 0 11 5 17 17 16082.342787236998
 679 0 11 5 17 17 15929.661865738653
 680 0 11 5 17 17 15753.298232820467
 681 0 11 5 17 17 15716.348855325794
 682 0 11 5 17 17 15626.198742979803
 683 0 11 5 17 17 15553.457414589297
 684 0 11 5 17 17 15486.35428270608
 685 0 11 5 17 17 15351.313252122127
 686 0 11 5 17 17 15325.96120349417
 687 0 11 5 17 17 15240.683574674524
 688 0 11 5 17 17 15269.070903422478
 689 0 11 5 17 17 15281.132000716087
 690 0 11 5 17 17 15243.745401206126
 691 0 11 5 17 17 15206.712625566115
 692 0 11 5 17 17 15141.779727784693
 693 0 11 5 17 17 15136.810013257531
 694 0 11 5 17 17 15107.890454074579
 695 0 11 5 17 17 15027.656306857732
 696 0 11 5 17 17 15031.703920102153
 697 0 11 5 17 17 15045.067904326352
 698 0 11 5 17 17 15077.232581703993
 699 0 11 5 17 17 15031.979591761241
 700 0 11 5 17 17 15056.807748315925
 701 0 11 5 17 17 15058.531877893292
 702 0 11 5 17 17 15098.136199970751
 703 0 11 5 17 17 15091.899477969782
 704 0 11 5 17 17 15117.204336266506
 705 0 11 5 17 17 15120.71665194258
 706 0 11 5 17 17 15092.877330223686
 707 0 11 5 17 17 15098.993022297574
 708 0 11 5 17 17 15107.764655374032
 709 0 11 5 17 17 15051.987395134258
 710 0 11 5 17 17 15038.465115024374
 711 0 11 5 17 17 15021.519308835957
 712 0 11 5 17 17 15037.033435663834
 713 0 11 5 17 17 15030.76482388928
 714 0 11 5 17 17 15059.106969173383
 715 0 11 5 17 17 15024.670766504423
 716 0 11 5 17 17 15004.127403466424
 717 0 11 5 17 17 15030.193534205318
 718 0 11 5 17 17 15019.00062201689
 719 0 11 5 17 17 15028.256648022832
 720 0 11 5 17 17 15057.820610844885
 721 0 11 5 17 17 15083.678691195812
 722 0 11 5 17 17 15047.531522058533
 723 0 11 5 17 17 15031.927378116241
 724 0 11 5 17 17 15050.513632302504
 725 0 11 5 17 17 15004.821342218476
 726 0 11 5 17 17 15002.480181815325
 727 0 11 5 17 17 14966.679654635074
 728 0 11 5 17 17 14975.414566739044
 729 0 11 5 17 17 14937.481832070109
 730 0 11 5 17 17 14820.53493879456
 731 0 11 5 17 17 14809.891957628259
 732 0 11 5 17 17 14834.779741336522
 733 0 11 5 17 17 14860.91261204333
 734 0 11 5 17 17 14878.09422510394
 735 0 11 5 17 17 14885.603253542176
 736 0 11 5 17 17 14846.84878398041
 737 0 11 5 17 17 14830.61462599626
 738 0 11 5 17 17 14836.818952940455
 739 0 11 5 17 17 14805.760424551698
 740 0 11 5 17 17 14797.68840218457
 741 0 11 5 17 17 14805.469936814843
 742 0 11 5 17 17 14790.1857337632
 743 0 11 5 17 17 14781.921394400653
 744 0 11 5 17 17 14785.518750785634
 745 0 11 5 17 17 14802.125985915673
 746 0 11 5 17 17 14757.680560144257
 747 0 11 5 17 17 14790.53963959568
 748 0 11 5 17 17 14775.089957265198
 749 0 11 5 17 17 14747.898557812128
 750 0 11 5 17 17 14765.747833729964
 751 0 11 5 17 17 14760.373641279693
 752 0 11 5 17 17 14766.29651734415
 753 0 11 5 17 17 14749.556598015703
 754 0 11 5 17 17 14735.672627693233
 755 0 11 5 17 17 14740.21521856594
 756 0 11 5 17 17 14761.159635052152
 757 0 11 5 17 17 14777.934402943305
 758 0 11 5 17 17 14724.205136495737
 759 0 11 5 17 17 14717.391954034129
 760 0 11 5 17 17 14678.453890271163
 761 0 11 5 17 17 14663.44723112229
 762 0 11 5 17 17 14671.977439547942
 763 0 11 5 17 17 14653.772127514414
 764 0 11 5 17 17 14676.141160676769
 765 0 11 5 17 17 14674.7867782279
 766 0 11 5 17 17 14661.732116008085
 767 0 11 5 17 17 14643.51580427588
 768 0 11 5 17 17 14655.363067510374
 769 0 11 5 17 17 14603.90323619719
 770 0 11 5 17 17 14636.001978640394
 771 0 11 5 17 17 14633.398859437066
 772 0 11 5 17 17 14653.432739947322
 773 0 11 5 17 17 14671.440319339721
 774 0 11 5 17 17 14661.27296036146
 775 0 11 5 17 17 14701.273728790717
 776 0 11 5 17 17 14714.515338587451
 777 0 11 5 17 17 14762.45276952553
 778 0 11 5 17 17 14733.293822869939
 779 0 11 5 17 17 14715.407954543787
 780 0 11 5 17 17 14699.367807193526
 781 0 11 5 17 17 14702.157885438535
 782 0 11 5 17 17 14706.683076054276
 783 0 11 5 17 17 14726.82884600308
 784 0 11 5 17 17 14715.894077597144
 785 0 11 5 17 17 14774.421433915351
 786 0 11 5 17 17 14739.964332491732
 787 0 11 5 17 17 14725.14778683632
 788 0 11 5 17 17 14690.364591467147
 789 0 11 5 17 17 14698.685750236962
 790 0 11 5 17 17 14715.66527703649
 791 0 11 5 17 17 14735.561688911368
 792 0 11 5 17 17 14761.600787106845
 793 0 11 5 17 17 14746.181064764476
 794 0 11 5 17 17 14751.40625408122
 795 0 11 5 17 17 14762.8893754103
 796 0 11 5 17 17 14796.647610366808
 797 0 11 5 17 17 14837.998036829886
 798 0 11 5 17 17 14824.623825511786
 799 0 11 5 17 17 14842.322961871094
 800 0 11 5 17 17 14777.124191225073
 801 0 11 5 17 17 14808.606044671662
 802 0 11 5 17 17 14805.855756815672
 803 0 11 5 17 17 14830.017081826858
 804 0 11 5 17 17 14859.541913999854
 805 0 11 5 17 17 14888.273830519689
 806 0 11 5 17 17 14928.24366802466
 807 0 11 5 17 17 14950.316533102407
 808 0 11 5 17 17 14925.155139520813
 809 0 11 5 17 17 14962.21356402231
 810 0 11 5 17 17 14999.154954285857
 811 0 11 5 17 17 15051.245572084934
 812 0 11 5 17 17 15029.346291924134
 813 0 11 5 17 17 15045.57919054214
 814 0 11 5 17 17 15083.273982180912
 815 0 11 5 17 17 15081.54923263594
 816 0 11 5 17 17 15096.99342546176
 817 0 11 5 17 17 15052.871674961869
 818 0 11 5 17 17 15026.355180691213
 819 0 11 5 17 17 15000.510516838967
 820 0 11 5 17 17 14975.462773371431
 821 0 11 5 17 17 15018.486140395904
 822 0 11 5 17 17 15038.664419081244
 823 0 11 5 17 17 15077.045046180128
 824 0 11 5 17 17 15086.010513152763
 825 0 11 5 17 17 15104.186813668088
 826 0 11 5 17 17 15084.868639007478
 827 0 11 5 17 17 15057.102848120407
 828 0 11 5 17 17 15041.523632785898
 829 0 11 5 17 17 15072.27322913576
 830 0 11 5 17 17 15082.278432970685
 831 0 11 5 17 17 15090.31536759682
 832 0 11 5 17 17 15103.073799107555
 833 0 11 5 17 17 15129.090607949285
 834 0 11 5 17 17 15191.551103210353
 835 0 11 5 17 17 15216.741647234563
 836 0 11 5 17 17 15202.992122835049
 837 0 11 5 17 17 15221.402476372748
 838 0 11 5 17 17 15188.225352266269
 839 0 11 5 17 17 15134.290020438224
 840 0 11 5 17 17 15145.473376776283
 841 0 11 5 17 17 15176.023235659688
 842 0 11 5 17 17 15187.01448815071
 843 0 11 5 17 17 15180.08623184931
 844 0 11 5 17 17 15146.338569445308
 845 0 11 5 17 17 15130.586403633859
 846 0 11 5 17 17 15081.866325521658
 847 0 11 5 17 17 15086.096409096217
 848 0 11 5 17 17 15053.964608703247
 849 0 11 5 17 17 15037.601602020997
 850 0 11 5 17 17 15009.799847473316
 851 0 11 5 17 17 14934.971506545728
 852 0 11 5 17 17 14938.677206052093
 853 0 11 5 17 17 14907.34492646818
 854 0 11 5 17 17 14932.133343506572
 855 0 11 5 17 17 14938.655330394926
 856 0 11 5 17 17 14906.703232837557
 857 0 11 5 17 17 14847.68188123562
 858 0 11 5 17 17 14818.34524400591
 859 0 11 5 17 17 14763.812580483132
 860 0 11 5 17 17 14702.265739852486
 861 0 11 5 17 17 14686.220843590574
 862 0 11 5 17 17 14660.107511660439
 863 0 11 5 17 17 14606.28659261168
 864 0 11 5 17 17 14393.253047301923
 865 0 11 5 17 17 14122.716454999421
 866 0 11 5 17 17 13925.390911295517
 867 0 11 5 17 17 13697.971462223017
 868 0 11 5 17 17 13522.13710919764
 869 0 11 5 17 17 13349.19398082224
 870 0 11 5 17 17 13091.157408102457
 871 0 11 5 17 17 12904.953014286966
 872 0 11 5 17 17 12688.503361733632
 873 0 11 5 17 17 12442.72056889654
 874 0 11 5 17 17 12253.276289148216
 875 0 11 5 17 17 12023.543023115648
 876 0 11 5 17 17 11828.382282394101
 877 0 11 5 17 17 11649.972185191884
 878 0 11 5 17 17 11497.466602217315
 879 0 11 5 17 17 11278.504624290497
 880 0 11 5 17 17 11058.788986036066
 881 0 11 5 17 17 10800.371081874899
 882 0 11 5 17 17 10528.812390294464
 883 0 11 5 17 17 10270.165173172569
 884 0 11 5 17 17 10108.446661643688
 885 0 11 5 17 17 9991.479847526192
 886 0 11 5 17 17 9821.99040343685
 887 0 11 5 17 17 9655.47427733106
 888 0 11 5 17 17 9511.941201706333
 889 0 11 5 17 17 9270.753315286805
 890 0 11 5 17 17 9117.42515445626
 891 0 11 5 17 17 8915.81794419707
 892 0 11 5 17 17 8801.003328297154
 893 0 11 5 17 17 8589.108850312294
 894 0 11 5 17 17 8426.748348056926
 895 0 11 5 17 17 8279.168498084277
 896 0 11 5 17 17 8092.015140199317
 897 0 11 5 17 17 7908.37933277439
 898 0 11 5 17 17 7776.065023419098
 899 0 11 5 17 17 7601.57641574973
 900 0 11 5 17 17 7489.628821304932
 901 0 11 5 17 17 7313.954135386261
 902 0 11 5 17 17 7172.370159782777
 903 0 11 5 17 17 7038.823389313841
 904 0 11 5 17 17 6798.913859233165
 905 0 11 5 17 17 6666.229210399196
 906 0 11 5 17 17 6480.396642013944
 907 0 11 5 17 17 6267.809979563247
 908 0 11 5 17 17 6133.330277038131
 909 0 11 5 17 17 5931.024366490143
 910 0 11 5 17 17 5705.940226810715
 911 0 11 5 17 17 5544.048082576012
 912 0 11 5 17 17 5339.99552601723
 913 0 11 5 17 17 5078.2914966346225
 914 0 11 5 17 17 4874.512693180841
 915 0 11 5 17 17 4670.874984058039
 916 0 11 5 17 17 4446.53820956757
 917 0 11 5 17 17 4259.036443018616
 918 0 11 5 17 17 4058.8597654181694
 919 0 11 5 17 17 3897.874737331895
 920 0 11 5 17 17 3769.543744256018
 921 0 11 5 17 17 3661.033947888725
 922 0 11 5 17 17 3473.7859585580172
 923 0 11 5 17 17 3355.2628392590304
 924 0 11 5 17 17 3178.079417978176
 925 0 11 5 17 17 3006.6967920222937
 926 0 11 5 17 17 2842.893308940314
 927 0 11 5 17 17 2646.8914372393956
 928 0 11 5 17 17 2497.5127510998423
 929 0 11 5 17 17 2228.4718147740628
 930 0 11 5 17 17 2093.432195381012
 931 0 11 5 17 17 1921.8429526172579
 932 0 11 5 17 17 1739.6754872846266
 933 0 11 5 17 17 1519.7104792177759
 934 0 11 5 17 17 1342.0262254627748
 935 0 11 5 17 17 1113.7736128568627
 936 0 11 5 17 17 902.5454657222144
 937 0 11 5 17 17 760.137900432935
 938 0 11 5 17 17 595.0862507463294
 939 0 11 5 17 17 369.41058592977004
 940 0 11 5 17 17 197.10986363787322
 941 0 11 5 17 17 -26.168304874707246
 942 0 11 5 17 17 -235.01020456629456
 943 0 11 5 17 17 -405.27535494205836
 944 0 11 5 17 17 -609.3042513378185
 945 0 11 5 17 17 -774.1358776970254
 946 0 11 5 17 17 -950.4329503235431
 947 0 11 5 17 17 -1161.2770614106837
 948 0 11 5 17 17 -1308.8467345762567
 949 0 11 5 17 17 -1534.5643366766628
 950 0 11 5 17 17 -1710.4328432196896
 951 0 11 5 17 17 -1937.8985878940696
 952 0 11 5 17 17 -2084.9594204310247
 953 0 11 5 17 17 -2291.575328467119
 954 0 11 5 17 17 -2512.5859878356023
 955 0 11 5 17 17 -2674.9666403906976
 956 0 11 5 17 17 -2918.785499739132
 957 0 11 5 17 17 -3103.8899592551543
 958 0 11 5 17 17 -3302.2576964692817
 959 0 11 5 17 17 -3528.372986026872
 960 0 11 5 17 17 -3677.4843843529497
 961 0 11 5 17 17 -3820.801008184836
 962 0 11 5 17 17 -3988.8563537535815
 963 0 11 5 17 17 -4146.02493056138
 964 0 11 5 17 17 -4340.331876528741
 965 0 11 5 17 17 -4496.636494811573
 966 0 11 5 17 17 -4667.080252810836
 967 0 11 5 17 17 -4837.070521736622
 968 0 11 5 17 17 -5002.501647952222
 969 0 11 5 17 17 -5140.108493296597
 970 0 11 5 17 17 -5251.24725967642
 971 0 11 5 17 17 -5442.24012859917
 972 0 11 5 17 17 -5589.5890069776415
 973 0 11 5 17 17 -5774.826731911478
 974 0 11 5 17 17 -5981.3118685315185
 975 0 11 5 17 17 -6173.1803807177275
 976 0 11 5 17 17 -6398.863261615797
 977 0 11 5 17 17 -6571.812408731661
 978 0 11 5 17 17 -6811.911649050442
 979 0 11 5 17 17 -7013.368361388817
 980 0 11 5 17 17 -7137.390794761528
 981 0 11 5 17 17 -7343.732356725809
 982 0 11 5 17 17 -7592.619662224104
 983 0 11 5 17 17 -7761.834287105169
 984 0 11 5 17 17 -7959.0054849754215
 985 0 11 5 17 17 -8124.5699680973985
 986 0 11 5 17 17 -8245.519678351582
 987 0 11 5 17 17 -8363.015850399071
 988 0 11 5 17 17 -8591.469981843746
 989 0 11 5 17 17 -8733.312995792197
 990 0 11 5 17 17 -8882.949608729401
 991 0 11 5 17 17 -9066.543197854862
 992 0 11 5 17 17 -9279.504548627194
 993 0 11 5 17 17 -9481.710171133174
 994 0 11 5 17 17 -9667.79095109379
 995 0 11 5 17 17 -9878.016809976494
 996 0 11 5 17 17 -10044.220159398554
 997 0 11 5 17 17 -10289.943347788576
 998 0 11 5 17 17 -10462.846092220509
 999 0 11 5 17 17 -10653.665143881999
 1000 0 11 5 17 17 -10819.440920768697
 1001 0 11 5 17 17 -11004.519362903613
 1002 0 11 5 17 17 -11185.985587102203
 1003 0 11 5 17 17 -11407.413259303114
 1004 0 11 5 17 17 -11635.927225528438
 1005 0 11 5 17 17 -11861.163044064655
 1006 0 11 5 17 17 -12095.569557322557
 1007 0 11 5 17 17 -12318.477290872774
 1008 0 11 5 17 17 -12479.383971563177
 1009 0 11 5 17 17 -12607.478129903655
 1010 0 11 5 17 17 -12803.415939862061
 1011 0 11 5 17 17 -12970.0073947682
 1012 0 11 5 17 17 -13146.237219273457
 1013 0 11 5 17 17 -13364.645501054914
 1014 0 11 5 17 17 -13620.532378696129
 1015 0 11 5 17 17 -13764.989016091078
 1016 0 11 5 17 17 -13945.47379973466
 1017 0 11 5 17 17 -14074.759128242442
 1018 0 11 5 17 17 -14246.282537878174
 1019 0 11 5 17 17 -14390.325610672646
 1020 0 11 5 17 17 -14626.06731790862
 1021 0 11 5 17 17 -14803.191398388039
 1022 0 11 5 17 17 -15018.36356263093
 1023 0 11 5 17 17 -15161.783410681985
 1024 0 11 5 17 17 -15423.394497707093
 1025 0 11 5 17 17 -15584.75657775366
 1026 0 11 5 17 17 -15790.175921045304
 1027 0 11 5 17 17 -16044.073603720717
 1028 0 11 5 17 17 -16214.310030940693
 1029 0 11 5 17 17 -16336.82912834425
 1030 0 11 5 17 17 -16541.548340924848
 1031 0 11 5 17 17 -16746.459343224993
 1032 0 11 5 17 17 -16912.57436589167
 1033 0 11 5 17 17 -17139.79579363881
 1034 0 11 5 17 17 -17263.852313137402
 1035 0 11 5 17 17 -17452.312925166665
 1036 0 11 5 17 17 -17603.215173559012
 1037 0 11 5 17 17 -17708.392920971546
 1038 0 11 5 17 17 -17952.53802935326
 1039 0 11 5 17 17 -18040.540131931695
 1040 0 11 5 17 17 -18176.68903081347
 1041 0 11 5 17 17 -18274.586298601265
 1042 0 11 5 17 17 -18472.33534476201
 1043 0 11 5 17 17 -18656.4383889173
 1044 0 11 5 17 17 -18815.78428308212
 1045 0 11 5 17 17 -18999.18216300443
 1046 0 11 5 17 17 -19142.084159901566
 1047 0 11 5 17 17 -19344.350693889024
 1048 0 11 5 17 17 -19530.493594759308
 1049 0 11 5 17 17 -19644.314511051172
 1050 0 11 5 17 17 -19769.02538547341
 1051 0 11 5 17 17 -19915.82310089696
 1052 0 11 5 17 17 -20017.984696146705
 1053 0 11 5 17 17 -20147.631734024795
 1054 0 11 5 17 17 -20338.158885962763
 1055 0 11 5 17 17 -20398.384204102837
 1056 0 11 5 17 17 -20580.855459798757
 1057 0 11 5 17 17 -20716.662602064782
 1058 0 11 5 17 17 -20871.790750265332
 1059 0 11 5 17 17 -21010.67698893082
 1060 0 11 5 17 17 -21151.49641671422
 1061 0 11 5 17 17 -21283.61575018927
 1062 0 11 5 17 17 -21417.344311821773
 1063 0 11 5 17 17 -21598.575298776883
 1064 0 11 5 17 17 -21774.4721583422
 1065 0 11 5 17 17 -21973.196263161317
 1066 0 11 5 17 17 -22174.80113124681
 1067 0 11 5 17 17 -22417.414392760722
 1068 0 11 5 17 17 -22558.271107556226
 1069 0 11 5 17 17 -22740.86423496521
 1070 0 11 5 17 17 -22865.925930825197
 1071 0 11 5 17 17 -23051.99984041392
 1072 0 11 5 17 17 -23245.97794409465
 1073 0 11 5 17 17 -23393.69184953139
 1074 0 11 5 17 17 -23615.633917201776
 1075 0 11 5 17 17 -23782.18983308748
 1076 0 11 5 17 17 -23958.78401009963
 1077 0 11 5 17 17 -24092.910184164335
 1078 0 11 5 17 17 -24257.122939604564
 1079 0 11 5 17 17 -24406.812536527563
 1080 0 11 5 17 17 -24573.105313451913
 1081 0 11 5 17 17 -24692.253424323575
 1082 0 11 5 17 17 -24826.220023505357
 1083 0 11 5 17 17 -25025.190072446094
 1084 0 11 5 17 17 -25161.060603105034
 1085 0 11 5 17 17 -25347.547767412463
 1086 0 11 5 17 17 -25504.229927479402
 1087 0 11 5 17 17 -25642.356541923087
 1088 0 11 5 17 17 -25801.72679892215
 1089 0 11 5 17 17 -25949.858406535728
 1090 0 11 5 17 17 -26170.158661377332
 1091 0 11 5 17 17 -26307.50822755443
 1092 0 11 5 17 17 -26489.088573035075
 1093 0 11 5 17 17 -26676.09528199576
 1094 0 11 5 17 17 -26900.54710803613
 1095 0 11 5 17 17 -27109.478315874367
 1096 0 11 5 17 17 -27314.113362832853
 1097 0 11 5 17 17 -27533.409925532596
 1098 0 11 5 17 17 -27709.4770745957
 1099 0 11 5 17 17 -27855.79068237112
 1100 0 11 5 17 17 -28008.21374118167
 1101 0 11 5 17 17 -28149.019881618515
 1102 0 11 5 17 17 -28302.271296650688
 1103 0 11 5 17 17 -28456.93356383158
 1104 0 11 5 17 17 -28993.780963999674
 1105 0 11 5 17 17 -29488.484905894817
 1106 0 11 5 17 17 -30004.555194275206
 1107 0 11 5 17 17 -30487.746546058766
 1108 0 11 5 17 17 -30953.287691219513
 1109 0 11 5 17 17 -31458.712402994865
 1110 0 11 5 17 17 -31978.32043991738
 1111 0 11 5 17 17 -32492.32650621916
 1112 0 11 5 17 17 -33033.261732978805
 1113 0 11 5 17 17 -33545.455184291895
 1114 0 11 5 17 17 -34033.705192261135
 1115 0 11 5 17 17 -34476.80359449678
 1116 0 11 5 17 17 -34973.53638643969
 1117 0 11 5 17 17 -35427.20042603675
 1118 0 11 5 17 17 -35913.166160543755
 1119 0 11 5 17 17 -36376.584664919224
 1120 0 11 5 17 17 -36810.93510125743
 1121 0 11 5 17 17 -37204.49160979346
 1122 0 11 5 17 17 -37616.18881324537
 1123 0 11 5 17 17 -38003.57966665654
 1124 0 11 5 17 17 -38409.78277530709
 1125 0 11 5 17 17 -38826.145738440006
 1126 0 11 5 17 17 -39223.74191102155
 1127 0 11 5 17 17 -39657.321769832226
 1128 0 11 5 17 17 -40118.123337619305
 1129 0 11 5 17 17 -40506.551640490965
 1130 0 11 5 17 17 -40958.156895822285
 1131 0 11 5 17 17 -41380.706576695426
 1132 0 11 5 17 17 -41805.57397079141
 1133 0 11 5 17 17 -42195.32296163319
 1134 0 11 5 17 17 -42531.22998029539
 1135 0 11 5 17 17 -42879.2637375414
 1136 0 11 5 17 17 -43273.22573585209
 1137 0 11 5 17 17 -43567.84409578298
 1138 0 11 5 17 17 -43971.19980894359
 1139 0 11 5 17 17 -44283.447672107446
 1140 0 11 5 17 17 -44564.02976988851
 1141 0 11 5 17 17 -44850.17877833346
 1142 0 11 5 17 17 -45149.533552447065
 1143 0 11 5 17 17 -45435.62606963732
 1144 0 11 5 17 17 -45813.637990564835
 1145 0 11 5 17 17 -46095.16189061349
 1146 0 11 5 17 17 -46434.9309834378
 1147 0 11 5 17 17 -46789.76614865471
 1148 0 11 5 17 17 -47102.34017930067
 1149 0 11 5 17 17 -47428.564718450885
 1150 0 11 5 17 17 -47788.75889849287
 1151 0 11 5 17 17 -48126.369845605914
 1152 0 11 5 17 17 -48449.97435422502
 1153 0 11 5 17 17 -48815.583064125014
 1154 0 11 5 17 17 -49124.967087988116
 1155 0 11 5 17 17 -49429.44575292666
 1156 0 11 5 17 17 -49688.72474042433
 1157 0 11 5 17 17 -49976.22903352257
 1158 0 11 5 17 17 -50211.70358767875
 1159 0 11 5 17 17 -50531.442153510376
 1160 0 11 5 17 17 -50782.2703770479
 1161 0 11 5 17 17 -51158.31039500059
 1162 0 11 5 17 17 -51371.2766577085
 1163 0 11 5 17 17 -51693.94865576318
 1164 0 11 5 17 17 -51998.17565905299
 1165 0 11 5 17 17 -52288.93574973278
 1166 0 11 5 17 17 -52564.27135126759
 1167 0 11 5 17 17 -52945.146271207566
 1168 0 11 5 17 17 -53211.651306563945
 1169 0 11 5 17 17 -53506.57936284168
 1170 0 11 5 17 17 -53804.61228129156
 1171 0 11 5 17 17 -54114.447576546714
 1172 0 11 5 17 17 -54405.3533203852
 1173 0 11 5 17 17 -54681.43783934954
 1174 0 11 5 17 17 -55038.57744560952
 1175 0 11 5 17 17 -55381.09809259522
 1176 0 11 5 17 17 -55693.357400414345
 1177 0 11 5 17 17 -56054.85065507339
 1178 0 11 5 17 17 -56374.404622262955
 1179 0 11 5 17 17 -56758.20924251266
 1180 0 11 5 17 17 -57019.51533759319
 1181 0 11 5 17 17 -57346.02538505999
 1182 0 11 5 17 17 -57639.831505032686
 1183 0 11 5 17 17 -58031.09373211058
 1184 0 11 5 17 17 -58332.77657287625
 1185 0 11 5 17 17 -58678.17257324452
 1186 0 11 5 17 17 -58968.00845683745
 1187 0 11 5 17 17 -59312.16928161981
 1188 0 11 5 17 17 -59574.53996196127
 1189 0 11 5 17 17 -59901.70804788861
 1190 0 11 5 17 17 -60193.55335082442
 1191 0 11 5 17 17 -60525.12938753852
 1192 0 11 5 17 17 -60833.91903552032
 1193 0 11 5 17 17 -61148.108891057986
 1194 0 11 5 17 17 -61423.60937526071
 1195 0 11 5 17 17 -61799.66779741491
 1196 0 11 5 17 17 -62071.929288527535
 1197 0 11 5 17 17 -62399.82751378497
 1198 0 11 5 17 17 -62740.06417260863
 1199 0 11 5 17 17 -63056.299519445376
 1200 0 11 5 17 17 -63337.69014603076
 1201 0 11 5 17 17 -63718.7831974303
 1202 0 11 5 17 17 -63964.91184449591
 1203 0 11 5 17 17 -64254.29254745931
 1204 0 11 5 17 17 -64614.68258348368
 1205 0 11 5 17 17 -64878.740563466934
 1206 0 11 5 17 17 -65226.50417512882
 1207 0 11 5 17 17 -65558.27675491333
 1208 0 11 5 17 17 -65815.46689322536
 1209 0 11 5 17 17 -66156.93587628422
 1210 0 11 5 17 17 -66427.5452496015
 1211 0 11 5 17 17 -66700.12439389073
 1212 0 11 5 17 17 -67033.86187384372
 1213 0 11 5 17 17 -67307.002143543
 1214 0 11 5 17 17 -67613.30546790456
 1215 0 11 5 17 17 -67956.72340376704
 1216 0 11 5 17 17 -68265.47453937776
 1217 0 11 5 17 17 -68589.88424201058
 1218 0 11 5 17 17 -68937.02666358762
 1219 0 11 5 17 17 -69250.99792551453
 1220 0 11 5 17 17 -69600.79541374813
 1221 0 11 5 17 17 -69911.82233448196
 1222 0 11 5 17 17 -70217.0392925941
 1223 0 11 5 17 17 -70554.6294141249
 1224 0 11 5 17 17 -70877.79083775978
 1225 0 11 5 17 17 -71207.67259543468
 1226 0 11 5 17 17 -71441.9538351422
 1227 0 11 5 17 17 -71720.8566269462
 1228 0 11 5 17 17 -72007.1564367998
 1229 0 11 5 17 17 -72310.25856016946
 1230 0 11 5 17 17 -72590.14582072776
 1231 0 11 5 17 17 -72875.25053446082
 1232 0 11 5 17 17 -73167.60093975777
 1233 0 11 5 17 17 -73479.11174487398
 1234 0 11 5 17 17 -73781.62070258106
 1235 0 11 5 17 17 -74031.84208754194
 1236 0 11 5 17 17 -74333.56232280203
 1237 0 11 5 17 17 -74562.96196125855
 1238 0 11 5 17 17 -74834.31002687455
 1239 0 11 5 17 17 -75057.4557038878
 1240 0 11 5 17 17 -75359.28387515587
 1241 0 11 5 17 17 -75575.18005440153
 1242 0 11 5 17 17 -75855.10817026655
 1243 0 11 5 17 17 -76102.68217034693
 1244 0 11 5 17 17 -76361.93139321222
 1245 0 11 5 17 17 -76564.27623787294
 1246 0 11 5 17 17 -76789.36874968187
 1247 0 11 5 17 17 -77041.44781238408
 1248 0 11 5 17 17 -77234.78777958635
 1249 0 11 5 17 17 -77497.59069322926
 1250 0 11 5 17 17 -77744.97582549148
 1251 0 11 5 17 17 -78018.82459984667
 1252 0 11 5 17 17 -78277.43648324483
 1253 0 11 5 17 17 -78529.88384786237
 1254 0 11 5 17 17 -78855.98929387743
 1255 0 11 5 17 17 -79131.60060055634
 1256 0 11 5 17 17 -79411.80842486926
 1257 0 11 5 17 17 -79779.61661051438
 1258 0 11 5 17 17 -80064.73117355931
 1259 0 11 5 17 17 -80340.8261258793
 1260 0 11 5 17 17 -80619.7488858168
 1261 0 11 5 17 17 -80903.58894741797
 1262 0 11 5 17 17 -81249.85191924073
 1263 0 11 5 17 17 -81470.98270625879
 1264 0 11 5 17 17 -81740.71327479342
 1265 0 11 5 17 17 -82085.23326375215
 1266 0 11 5 17 17 -82417.6690556488
 1267 0 11 5 17 17 -82732.50236992186
 1268 0 11 5 17 17 -82996.18710499251
 1269 0 11 5 17 17 -83253.2542862121
 1270 0 11 5 17 17 -83502.9548906161
 1271 0 11 5 17 17 -83821.59863359317
 1272 0 11 5 17 17 -84091.73622814725
 1273 0 11 5 17 17 -84306.91194888478
 1274 0 11 5 17 17 -84524.64755947176
 1275 0 11 5 17 17 -84772.08426523348
 1276 0 11 5 17 17 -85057.37138019848
 1277 0 11 5 17 17 -85353.2127464268
 1278 0 11 5 17 17 -85616.24078851946
 1279 0 11 5 17 17 -85906.17429071935
 1280 0 11 5 17 17 -86175.40692853101
 1281 0 11 5 17 17 -86530.83797900786
 1282 0 11 5 17 17 -86752.5232387106
 1283 0 11 5 17 17 -87128.00889815475
 1284 0 11 5 17 17 -87378.90546308472
 1285 0 11 5 17 17 -87653.57050054219
 1286 0 11 5 17 17 -87927.95704745216
 1287 0 11 5 17 17 -88189.32721942509
 1288 0 11 5 17 17 -88467.56968579728
 1289 0 11 5 17 17 -88804.61705050532
 1290 0 11 5 17 17 -89099.0277403405
 1291 0 11 5 17 17 -89371.22700708821
 1292 0 11 5 17 17 -89679.21658878741
 1293 0 11 5 17 17 -89965.97150664915
 1294 0 11 5 17 17 -90239.92356347213
 1295 0 11 5 17 17 -90463.6355150125
 1296 0 11 5 17 17 -90715.67071934171
 1297 0 11 5 17 17 -90956.32445626162
 1298 0 11 5 17 17 -91244.93161559041
 1299 0 11 5 17 17 -91473.91566096919
 1300 0 11 5 17 17 -91774.68088337887
 1301 0 11 5 17 17 -91973.27643415483
 1302 0 11 5 17 17 -92312.86513264618
 1303 0 11 5 17 17 -92510.25901240534
 1304 0 11 5 17 17 -92807.67874478095
 1305 0 11 5 17 17 -93029.76821031136
 1306 0 11 5 17 17 -93338.16461126116
 1307 0 11 5 17 17 -93565.0658993667
 1308 0 11 5 17 17 -93849.47088857829
 1309 0 11 5 17 17 -94123.9473145421
 1310 0 11 5 17 17 -94428.12878386302
 1311 0 11 5 17 17 -94726.05447646383
 1312 0 11 5 17 17 -95073.5609886065
 1313 0 11 5 17 17 -95337.09250032627
 1314 0 11 5 17 17 -95555.89951910709
 1315 0 11 5 17 17 -95850.63523704541
 1316 0 11 5 17 17 -96108.72667212407
 1317 0 11 5 17 17 -96371.5761822449
 1318 0 11 5 17 17 -96675.06523460607
 1319 0 11 5 17 17 -96942.53344865105
 1320 0 11 5 17 17 -97283.28366378487
 1321 0 11 5 17 17 -97525.89038246611
 1322 0 11 5 17 17 -97815.31941138543
 1323 0 11 5 17 17 -98014.26893865279
 1324 0 11 5 17 17 -98246.16797108261
 1325 0 11 5 17 17 -98496.95781928871
 1326 0 11 5 17 17 -98774.3861311805
 1327 0 11 5 17 17 -99067.35863086133
 1328 0 11 5 17 17 -99294.90332664255
 1329 0 11 5 17 17 -99570.70512541039
 1330 0 11 5 17 17 -99847.6400886482
 1331 0 11 5 17 17 -100180.69798745074
 1332 0 11 5 17 17 -100481.76337321135
 1333 0 11 5 17 17 -100710.34231316553
 1334 0 11 5 17 17 -100986.87383238494
 1335 0 11 5 17 17 -101220.09271562513
 1336 0 11 5 17 17 -101464.39216755722
 1337 0 11 5 17 17 -101760.63947903739
 1338 0 11 5 17 17 -102015.59651232189
 1339 0 11 5 17 17 -102270.45349553139
 1340 0 11 5 17 17 -102536.55156168203
 1341 0 11 5 17 17 -102808.22716987917
 1342 0 11 5 17 17 -103103.89674782428
 1343 0 11 5 17 17 -103357.59016430799
 1344 0 11 5 17 17 -103698.07585486137
 1345 0 11 5 17 17 -103963.18675695058
 1346 0 11 5 17 17 -104339.99134447605
 1347 0 11 5 17 17 -104605.61528273979
 1348 0 11 5 17 17 -104863.97031358205
 1349 0 11 5 17 17 -105163.96876048896
 1350 0 11 5 17 17 -105478.22433570851
 1351 0 11 5 17 17 -105752.79516144264
 1352 0 11 5 17 17 -106066.15318597526
 1353 0 11 5 17 17 -106372.96661480652
 1354 0 11 5 17 17 -106716.61265513147
 1355 0 11 5 17 17 -107038.37838320402
 1356 0 11 5 17 17 -107334.88436309353
 1357 0 11 5 17 17 -107663.34507434521
 1358 0 11 5 17 17 -107995.62260812217
 1359 0 11 5 17 17 -108251.85859591128
 1360 0 11 5 17 17 -108521.06954970969
 1361 0 11 5 17 17 -108820.07763820658
 1362 0 11 5 17 17 -109131.84350196626
 1363 0 11 5 17 17 -109442.74349945899
 1364 0 11 5 17 17 -109737.3953598244
 1365 0 11 5 17 17 -110044.55019068958
 1366 0 11 5 17 17 -110358.14956055568
 1367 0 11 5 17 17 -110638.38540666238
 1368 0 11 5 17 17 -110936.64127701352
 1369 0 11 5 17 17 -111256.93142077638
 1370 0 11 5 17 17 -111592.55325798664
 1371 0 11 5 17 17 -111891.42863791982
 1372 0 11 5 17 17 -112232.28722883626
 1373 0 11 5 17 17 -112542.52102809184
 1374 0 11 5 17 17 -112910.84413560852
 1375 0 11 5 17 17 -113218.1889940543
 1376 0 11 5 17 17 -113504.96941906675
 1377 0 11 5 17 17 -113809.78270841711
 1378 0 11 5 17 17 -114106.59028481378
 1379 0 11 5 17 17 -114328.40111523692
 1380 0 11 5 17 17 -114640.42379677715
 1381 0 11 5 17 17 -114955.0700924275
 1382 0 11 5 17 17 -115224.81801997832
 1383 0 11 5 17 17 -115454.0576652136
 1384 0 11 5 17 17 -115790.35803674355
 1385 0 11 5 17 17 -116110.37756290691
 1386 0 11 5 17 17 -116493.06032081977
 1387 0 11 5 17 17 -116763.16023489898
 1388 0 11 5 17 17 -117137.85947139641
 1389 0 11 5 17 17 -117434.82240880346
 1390 0 11 5 17 17 -117718.2627062767
 1391 0 11 5 17 17 -118091.55335591458
 1392 0 11 5 17 17 -118346.13037221027
 1393 0 11 5 17 17 -118674.8336365765
 1394 0 11 5 17 17 -118985.69850086713
 1395 0 11 5 17 17 -119279.76323243717
 1396 0 11 5 17 17 -119615.45135316068
 1397 0 11 5 17 17 -119928.50179098488
 1398 0 11 5 17 17 -120232.1733368059
 1399 0 11 5 17 17 -120530.21811358805
 1400 0 11 5 17 17 -120852.96007592755
 1401 0 11 5 17 17 -121107.52504425192
 1402 0 11 5 17 17 -121451.67541022305
 1403 0 11 5 17 17 -121723.35218405291
 1404 0 11 5 17 17 -122097.29707181259
 1405 0 11 5 17 17 -122384.24122372294
 1406 0 11 5 17 17 -122689.210377516
 1407 0 11 5 17 17 -122990.26465060184
 1408 0 11 5 17 17 -123331.43901075942
 1409 0 11 5 17 17 -123627.57485985087
 1410 0 11 5 17 17 -123962.45370535547
 1411 0 11 5 17 17 -124254.93769343972
 1412 0 11 5 17 17 -124589.52092931123
 1413 0 11 5 17 17 -124833.91562386016
 1414 0 11 5 17 17 -125162.6639309539
 1415 0 11 5 17 17 -125505.90443398066
 1416 0 11 5 17 17 -125817.11247499386
 1417 0 11 5 17 17 -126127.01413649718
 1418 0 11 5 17 17 -126453.91070146608
 1419 0 11 5 17 17 -126802.8783223998
 1420 0 11 5 17 17 -127109.23002598909
 1421 0 11 5 17 17 -127435.20614702297
 1422 0 11 5 17 17 -127733.46972436729
 1423 0 11 5 17 17 -128047.52791915322
 1424 0 11 5 17 17 -128387.51061252184
 1425 0 11 5 17 17 -128696.50634784164
 1426 0 11 5 17 17 -128993.04755560869
 1427 0 11 5 17 17 -129299.67116508966
 1428 0 11 5 17 17 -129656.2394359398
 1429 0 11 5 17 17 -129922.90370417494
 1430 0 11 5 17 17 -130272.28209661218
 1431 0 11 5 17 17 -130587.92269888127
 1432 0 11 5 17 17 -130908.71636272648
 1433 0 11 5 17 17 -131268.7553604825
 1434 0 11 5 17 17 -131541.69478795415
 1435 0 11 5 17 17 -131882.92936156306
 1436 0 11 5 17 17 -132198.71316432403
 1437 0 11 5 17 17 -132531.65406398338
 1438 0 11 5 17 17 -132875.52623708302
 1439 0 11 5 17 17 -133182.88575049478
 1440 0 11 5 17 17 -133614.32070713112
 1441 0 11 5 17 17 -133961.25631361967
 1442 0 11 5 17 17 -134337.07486028093
 1443 0 11 5 17 17 -134689.14220191076
 1444 0 11 5 17 17 -135035.58415843267
 1445 0 11 5 17 17 -135408.57253681266
 1446 0 11 5 17 17 -135769.7718304428
 1447 0 11 5 17 17 -136150.45577144533
 1448 0 11 5 17 17 -136481.45070902442
 1449 0 11 5 17 17 -136793.81455626307
 1450 0 11 5 17 17 -137148.82993906777
 1451 0 11 5 17 17 -137458.28639270941
 1452 0 11 5 17 17 -137825.313950458
 1453 0 11 5 17 17 -138150.4131417653
 1454 0 11 5 17 17 -138496.29655598997
 1455 0 11 5 17 17 -138778.13902124815
 1456 0 11 5 17 17 -138891.02673562212
 1457 0 11 5 17 17 -138979.48830108932
 1458 0 11 5 17 17 -139099.6034159113
 1459 0 11 5 17 17 -139247.18624677675
 1460 0 11 5 17 17 -139369.12672904323
 1461 0 11 5 17 17 -139474.12429246263
 1462 0 11 5 17 17 -139610.81757865765
 1463 0 11 5 17 17 -139783.22640510678
 1464 0 11 5 17 17 -139939.0620028482
 1465 0 11 5 17 17 -140116.17069274955
 1466 0 11 5 17 17 -140268.39528740072
 1467 0 11 5 17 17 -140378.05126824472
 1468 0 11 5 17 17 -140495.10808768612
 1469 0 11 5 17 17 -140640.64438339497
 1470 0 11 5 17 17 -140767.56957313578
 1471 0 11 5 17 17 -140878.717933307
 1472 0 11 5 17 17 -141036.11264356124
 1473 0 11 5 17 17 -141194.48796512804
 1474 0 11 5 17 17 -141323.71959842648
 1475 0 11 5 17 17 -141437.4650398881
 1476 0 11 5 17 17 -141618.67015517203
 1477 0 11 5 17 17 -141795.52673255943
 1478 0 11 5 17 17 -141995.37022267038
 1479 0 11 5 17 17 -142148.8204482004
 1480 0 11 5 17 17 -142381.0853321714
 1481 0 11 5 17 17 -142488.33616015845
 1482 0 11 5 17 17 -142595.44588992067
 1483 0 11 5 17 17 -142741.79204904044
 1484 0 11 5 17 17 -142888.77875723812
 1485 0 11 5 17 17 -143045.92669229838
 1486 0 11 5 17 17 -143202.57965080877
 1487 0 11 5 17 17 -143381.53833524103
 1488 0 11 5 17 17 -143497.67369352255
 1489 0 11 5 17 17 -143658.06627492292
 1490 0 11 5 17 17 -143837.40635804972
 1491 0 11 5 17 17 -144010.98929578796
 1492 0 11 5 17 17 -144117.813382356
 1493 0 11 5 17 17 -144344.14243362905
 1494 0 11 5 17 17 -144540.49232853635
 1495 0 11 5 17 17 -144715.54090122442
 1496 0 11 5 17 17 -144838.3684858133
 1497 0 11 5 17 17 -144996.29988293123
 1498 0 11 5 17 17 -145123.53716458782
 1499 0 11 5 17 17 -145306.41448494143
 1500 0 11 5 17 17 -145460.49785845302
 1501 0 11 5 17 17 -145636.10506484777
 1502 0 11 5 17 17 -145807.2805158982