 "ticks" "state 0" "state 1" "state 2" "state 3" "state 4" "bioenergy success"
 0 10 10 11 8 11 25352.253000000004
 1 4 9 11 12 14 37719.70079956745
 2 5 7 9 15 14 48105.077798688464
 3 5 6 9 16 14 57920.91253748244
 4 6 6 8 16 14 68551.84429065873
 5 5 6 9 16 14 79123.612789582
 6 5 6 9 16 14 88795.23566236575
 7 6 6 8 16 14 98898.4315914247
 8 6 6 9 15 14 109068.14688236766
 9 6 7 8 15 14 119872.13275638595
 10 5 6 9 15 15 131148.81235170952
 11 6 6 8 16 14 141343.29149776386
 12 5 6 8 17 14 151716.86456312102
 13 5 6 8 17 14 162033.5208099078
 14 5 6 8 17 14 172669.86471820026
 15 5 6 8 17 14 182341.14252633372
 16 5 6 9 16 14 192801.11946610987
 17 5 6 9 16 14 203145.14891994905
 18 5 6 9 16 14 214719.80320173418
 19 4 7 8 17 14 225144.24912913798
 20 5 6 9 16 14 235715.75259374667
 21 5 6 9 16 14 245959.29099303475
 22 5 6 9 16 14 256603.0462292784
 23 5 6 9 16 14 266742.5917430059
 24 5 6 9 16 14 277606.2293085044
 25 4 6 9 17 14 288332.2422604428
 26 4 6 9 17 14 299104.2413645783
 27 5 6 8 17 14 309047.8869097343
 28 5 6 9 16 14 319509.942739211
 29 5 6 9 16 14 330059.0410421603
 30 5 6 9 16 14 340312.7531551949
 31 5 6 9 16 14 350629.1780993434
 32 5 6 9 16 14 360693.943204039
 33 5 6 9 16 14 371824.3046059076
 34 6 6 9 15 14 382670.65404780366
 35 6 6 9 15 14 393497.6865782673
 36 6 6 9 15 14 404333.0653377592
 37 5 6 9 16 14 414740.6991367915
 38 5 6 9 16 14 425708.31087305804
 39 5 6 9 16 14 435607.6425399955
 40 5 6 9 16 14 446238.4872945933
 41 5 6 10 16 13 456922.8276072376
 42 5 6 10 16 13 467101.314709602
 43 7 5 11 14 13 478032.38452332537
 44 6 6 10 15 13 489105.62003647466
 45 6 6 10 15 13 499187.8613665051
 46 6 6 9 16 13 509705.57300280116
 47 5 7 10 14 14 520464.6483052488
 48 5 6 9 17 13 530901.011428571
 49 4 7 10 16 13 541587.121835248
 50 5 6 10 16 13 552332.8845939557
 51 5 6 10 16 13 563306.9332868238
 52 4 6 11 16 13 574116.7116688351
 53 6 6 10 15 13 585163.7106961965
 54 5 6 11 15 13 596127.0363310386
 55 5 6 10 16 13 606453.910171412
 56 6 6 10 15 13 617573.0787315422
 57 6 6 10 15 13 628789.8571175907
 58 5 6 10 16 13 639066.6604610999
 59 5 6 11 15 13 650214.0465994335
 60 5 6 9 16 14 660883.7592681653
 61 5 6 9 16 14 671979.478369732
 62 5 6 10 15 14 683142.994669834
 63 5 6 9 16 14 692991.6120742488
 64 5 6 9 16 14 703458.2070885672
 65 6 6 9 15 14 713711.8574702091
 66 6 6 9 15 14 724676.553442696
 67 6 6 9 15 14 735897.2793719762
 68 6 6 8 16 14 746948.3749647307
 69 6 6 8 16 14 757686.1699233889
 70 6 6 9 15 14 769459.7530472805
 71 4 7 9 16 14 780351.2066219875
 72 5 6 8 17 14 790729.7176059042
 73 5 6 8 17 14 801410.4832067272
 74 5 6 8 17 14 811913.4100325905
 75 5 6 8 17 14 822778.7752766304
 76 5 6 8 17 14 832094.346899603
 77 5 6 8 17 14 842478.4036670821
 78 5 6 9 16 14 852818.1552474654
 79 6 6 8 16 14 863926.0979049009
 80 4 6 9 17 14 874092.6411978654
 81 5 6 8 17 14 884676.2753837301
 82 5 6 8 17 14 895221.1302545336
 83 6 6 8 16 14 905957.5746681495
 84 5 6 9 15 15 917198.843593201
 85 5 6 9 16 14 927785.7826101086
 86 5 6 9 16 14 938957.1669836892
 87 5 6 9 16 14 949281.0040311675
 88 5 6 9 16 14 959759.9057664005
 89 6 6 8 16 14 969919.6922438963
 90 6 6 8 16 14 979624.3250154251
 91 6 6 8 16 14 990019.4776622057
 92 6 6 8 16 14 1000480.5682351114
 93 5 6 9 16 14 1010475.7733390918
 94 5 6 9 16 14 1021309.6351192162
 95 5 6 8 17 14 1031810.5715770085
 96 5 6 8 17 14 1042973.5391190967
 97 5 6 8 17 14 1052995.040070156
 98 6 6 8 16 14 1063746.0144436078
 99 6 5 8 17 14 1073142.687995772
 100 6 5 8 17 14 1083415.7657344525
 101 5 6 8 17 14 1093839.6886791554
 102 6 6 8 16 14 1103988.1471598602
 103 6 6 8 16 14 1114530.9032788023
 104 6 6 8 16 14 1124851.973602075
 105 5 6 11 14 14 1135580.3724832472
 106 6 6 9 15 14 1146073.9226905724
 107 5 6 10 15 14 1156696.2680590262
 108 6 6 9 15 14 1167661.2883940353
 109 4 6 10 16 14 1177996.106291366
 110 5 6 9 16 14 1188426.471412617
 111 5 6 8 17 14 1197689.325784555
 112 5 6 8 17 14 1207964.9933972883
 113 5 6 8 17 14 1218534.7502215237
 114 5 6 8 17 14 1228724.3102127453
 115 5 6 8 17 14 1239116.7433838435
 116 5 6 8 17 14 1248823.1070674588
 117 5 6 8 17 14 1259661.395887573
 118 5 6 9 17 13 1269674.8903749695
 119 6 6 9 16 13 1280808.0443001334
 120 6 6 9 16 13 1291224.2145040182
 121 6 6 9 15 14 1303121.80712164
 122 6 6 9 16 13 1313875.647374497
 123 6 6 10 15 13 1324636.720987667
 124 6 6 9 16 13 1335453.1417842223
 125 6 6 8 16 14 1346452.5577456406
 126 5 6 8 17 14 1355752.236626394
 127 5 6 8 17 14 1366444.7583363536
 128 5 6 9 16 14 1377547.2508035433
 129 5 6 9 16 14 1387701.0422292023
 130 5 6 9 16 14 1398339.2035681927
 131 5 6 9 16 14 1407944.406312148
 132 5 6 9 16 14 1418512.159531302
 133 4 7 9 16 14 1429408.4283015013
 134 5 6 9 16 14 1439606.7179592329
 135 5 6 9 16 14 1450123.5289012035
 136 5 6 9 16 14 1460371.4811053742
 137 5 6 9 16 14 1469537.5837174337
 138 4 7 9 16 14 1480506.5836407233
 139 5 6 9 16 14 1490571.4126837903
 140 6 6 9 15 14 1501533.581466228
 141 6 6 9 15 14 1512477.561670414
 142 5 6 9 16 14 1522774.9194795906
 143 5 6 9 16 14 1532503.8343764222
 144 6 7 10 13 14 1544339.559836887
 145 6 6 9 15 14 1556192.5842007375
 146 6 6 9 15 14 1565739.1610020534
 147 6 6 9 15 14 1577083.16958691
 148 6 6 9 15 14 1588608.9860442197
 149 4 7 9 16 14 1599542.2299837128
 150 4 7 9 16 14 1611371.6144266813
 151 5 6 9 16 14 1622196.7044334444
 152 5 6 9 16 14 1632832.7619302983
 153 5 6 9 16 14 1642224.7955057567
 154 4 7 9 16 14 1653628.989312916
 155 3 7 10 16 14 1663921.8687197834
 156 5 6 10 15 14 1675237.7361328865
 157 5 6 10 15 14 1686820.3624613541
 158 6 6 9 15 14 1698083.502358813
 159 6 6 8 15 15 1709953.3119826892
 160 6 6 9 15 14 1720921.0085082548
 161 6 6 9 15 14 1732395.187887248
 162 5 6 9 16 14 1742277.662158405
 163 4 7 9 16 14 1753816.7610695213
 164 3 7 10 16 14 1765247.4654380416
 165 4 7 10 15 14 1776203.1268280935
 166 4 7 10 15 14 1786033.5895249909
 167 5 7 10 14 14 1797795.1250603846
 168 6 6 10 14 14 1809825.6620641607
 169 5 6 10 15 14 1821813.4917632525
 170 6 6 9 15 14 1833960.2167263275
 171 6 6 9 15 14 1845402.5510684145
 172 6 6 9 15 14 1857016.0142436465
 173 5 6 10 15 14 1867426.2496987558
 174 6 6 9 15 14 1879101.154592942
 175 5 6 10 15 14 1889524.5740775252
 176 6 6 9 15 14 1900464.337569357
 177 6 6 9 15 14 1910472.4018371836
 178 6 6 9 15 14 1922323.5971253517
 179 6 6 9 15 14 1933370.9778979502
 180 5 6 8 17 14 1944748.5068134482
 181 4 6 9 17 14 1954410.4115081462
 182 5 6 8 17 14 1965381.0599883175
 183 4 6 9 17 14 1975624.9360937728
 184 5 6 8 17 14 1986527.7707364592
 185 6 5 8 17 14 1997203.6795002704
 186 5 6 9 16 14 2008768.4992705984
 187 5 6 8 17 14 2020253.5607242966
 188 5 6 8 17 14 2031199.8097965324
 189 4 8 8 16 14 2043121.9377241337
 190 5 6 8 17 14 2054265.1395415666
 191 5 6 8 17 14 2065667.4142118352
 192 4 6 9 17 14 2077428.6321981198
 193 5 6 8 17 14 2088489.927024622
 194 5 6 8 17 14 2099153.67255791
 195 5 6 9 16 14 2109493.680782927
 196 5 6 8 17 14 2120565.4479167582
 197 4 6 10 15 15 2132209.6985559673
 198 5 6 8 17 14 2143988.1011453457
 199 5 6 8 17 14 2154528.7600852232
 200 5 6 8 17 14 2164412.9272405505
 201 6 6 8 16 14 2174875.3589350693
 202 6 6 9 15 14 2185758.8578593694
 203 6 6 9 15 14 2197683.2128120973
 204 6 6 9 15 14 2208988.249287368
 205 5 6 9 16 14 2220666.475646688
 206 5 6 10 16 13 2231490.1089969664
 207 5 6 10 16 13 2243634.61451116
 208 5 6 10 16 13 2254074.0781243322
 209 4 6 11 16 13 2265619.5796367237
 210 5 6 10 16 13 2276805.283591535
 211 5 6 10 16 13 2289026.0305177807
 212 5 6 9 17 13 2300477.198400338
 213 5 6 10 16 13 2312078.7952309307
 214 5 6 8 17 14 2323307.558157567
 215 5 6 8 17 14 2334534.396723967
 216 5 6 8 17 14 2345823.6031046836
 217 5 6 8 17 14 2356317.2455083816
 218 5 6 8 17 14 2366979.953628547
 219 4 6 9 17 14 2377409.6380242165
 220 5 5 9 17 14 2388368.5538708083
 221 5 6 9 16 14 2398875.069470291
 222 5 6 9 16 14 2409558.8470642413
 223 4 6 10 16 14 2420753.035440155
 224 6 6 10 14 14 2432671.971125367
 225 5 7 10 14 14 2443357.6295847534
 226 5 8 8 15 14 2455324.816748926
 227 4 7 8 17 14 2465478.1109043257
 228 4 7 8 17 14 2476468.2070437293
 229 3 7 9 17 14 2486400.2571735866
 230 4 7 8 17 14 2497972.0114218397
 231 5 6 8 17 14 2508411.672540711
 232 4 6 9 17 14 2519665.6501622214
 233 4 6 9 17 14 2530158.531905961
 234 5 6 8 17 14 2540420.242900676
 235 5 6 8 16 15 2551699.1287436243
 236 5 7 9 15 14 2562814.361577915
 237 5 7 8 16 14 2573222.736502134
 238 5 7 8 16 14 2584039.107341341
 239 5 7 10 14 14 2595582.898300953
 240 5 8 10 13 14 2607731.579476502
 241 6 6 10 14 14 2619594.584827325
 242 5 6 11 14 14 2631128.392671987
 243 5 6 10 15 14 2642471.105515123
 244 5 6 10 15 14 2653522.248292569
 245 5 6 10 15 14 2665104.417863025
 246 5 6 10 15 14 2675951.532854739
 247 5 6 10 15 14 2687153.2988126804
 248 4 6 11 15 14 2697778.868851983
 249 5 6 10 15 14 2709009.718891473
 250 6 6 10 14 14 2720156.4714974887
 251 5 6 10 15 14 2731742.8511659126
 252 5 6 9 16 14 2742367.5422851588
 253 4 6 10 16 14 2754013.3952294798
 254 5 6 9 16 14 2764192.66494036
 255 6 6 9 15 14 2775847.697073311
 256 5 6 10 15 14 2787134.349486498
 257 5 6 10 15 14 2797549.0286906045
 258 4 6 11 15 14 2808779.103655521
 259 5 6 10 15 14 2819948.1348500615
 260 5 6 9 16 14 2829883.992188682
 261 5 6 9 16 14 2841242.7780532944
 262 4 6 10 16 14 2851132.874003161
 263 6 6 9 15 14 2862408.4966661544
 264 5 7 8 16 14 2873631.737097792
 265 5 6 10 15 14 2885333.2628733213
 266 5 6 9 16 14 2896734.471004244
 267 5 6 10 15 14 2908182.7629447253
 268 5 6 11 14 14 2919614.0291315163
 269 5 6 10 15 14 2930288.8428921755
 270 6 6 9 15 14 2942085.4465374635
 271 6 6 9 15 14 2953411.245449143
 272 5 6 10 15 14 2965395.681543934
 273 5 6 9 15 15 2975797.972477651
 274 5 6 9 16 14 2986106.361016474
 275 4 6 10 16 14 2996967.6285607647
 276 5 6 9 16 14 3007698.5577555615
 277 5 6 9 16 14 3018718.0378919076
 278 5 6 9 16 14 3029663.3282851595
 279 5 6 9 16 14 3040516.9947351813
 280 5 6 9 16 14 3051477.755536058
 281 4 6 11 15 14 3062919.304447875
 282 5 6 10 15 14 3074324.7241882836
 283 5 6 10 15 14 3086330.862036415
 284 5 6 10 15 14 3098125.7759599034
 285 6 5 11 14 14 3108194.925418523
 286 5 8 9 14 14 3119321.3746911413
 287 6 8 8 14 14 3130345.8444539714
 288 5 8 8 15 14 3141779.4605839234
 289 5 8 9 14 14 3153013.0751204807
 290 5 7 9 15 14 3164368.5690498017
 291 5 7 9 15 14 3175651.4968893672
 292 6 6 9 15 14 3186605.406579633
 293 4 6 10 16 14 3196611.5660818447
 294 5 6 9 16 14 3207412.3150794273
 295 5 6 9 16 14 3218864.1660785824
 296 5 6 9 16 14 3230059.96650956
 297 5 6 9 16 14 3241425.3819789034
 298 5 6 10 15 14 3253044.4973009634
 299 5 6 10 15 14 3264132.352820358
 300 5 6 10 15 14 3275172.8880252154
 301 5 6 10 15 14 3285762.6190466746
 302 5 6 10 15 14 3296278.4546054862
 303 5 6 10 15 14 3307700.642798925
 304 6 6 9 14 15 3318942.3886201684
 305 6 6 9 15 14 3329440.250446788
 306 5 7 8 16 14 3339323.043370488
 307 5 7 8 16 14 3349014.267489729
 308 5 7 8 16 14 3359634.054158732
 309 4 7 9 16 14 3369891.6998270075
 310 5 6 9 16 14 3379953.986119694
 311 5 6 10 14 15 3391005.4307629853
 312 5 6 9 16 14 3401487.7090800144
 313 5 6 10 15 14 3412209.381810846
 314 6 6 9 14 15 3423976.944479562
 315 5 6 9 16 14 3434216.0012703417
 316 5 6 10 15 14 3445641.434949795
 317 4 6 11 15 14 3457176.726314109
 318 5 6 9 16 14 3468381.579265103
 319 5 6 9 16 14 3479467.5800916194
 320 5 6 9 16 14 3489709.7823255863
 321 5 6 9 15 15 3501193.70081991
 322 6 6 9 15 14 3512675.7076884
 323 6 7 8 15 14 3523731.14937235
 324 5 6 9 16 14 3535032.7470562304
 325 5 6 9 16 14 3545216.2956056637
 326 5 6 10 15 14 3555477.8477185965
 327 4 6 10 16 14 3565450.405812812
 328 5 7 9 15 14 3575191.3980638506
 329 4 6 10 16 14 3585382.4492059494
 330 4 7 9 16 14 3595530.3408797425
 331 5 6 9 16 14 3606335.686856308
 332 5 6 10 15 14 3617724.2861586143
 333 5 6 10 14 15 3629589.000410008
 334 5 6 9 16 14 3640089.481509339
 335 5 7 9 15 14 3650507.394472183
 336 4 7 9 16 14 3660375.769277119
 337 5 7 9 15 14 3672333.72753952
 338 4 7 9 16 14 3682794.3605602146
 339 5 6 9 16 14 3693433.2710021227
 340 5 6 9 16 14 3703985.3939373773
 341 5 6 9 15 15 3715195.675470773
 342 5 6 9 16 14 3724486.370156841
 343 5 6 10 15 14 3735747.579746317
 344 5 6 10 15 14 3746367.603989389
 345 6 6 10 14 14 3756623.2792427535
 346 5 6 11 14 14 3767944.837022898
 347 6 6 9 15 14 3778402.10221697
 348 6 6 9 15 14 3789163.592292275
 349 5 6 9 15 15 3800257.559747915
 350 5 6 9 16 14 3811171.982241822
 351 4 6 10 16 14 3822522.3054716056
 352 5 6 10 15 14 3834292.1266209525
 353 4 6 11 15 14 3845501.2793744993
 354 5 6 10 14 15 3855892.7601005975
 355 5 6 10 15 14 3867400.170771235
 356 5 6 11 14 14 3878139.989760999
 357 5 6 10 15 14 3889496.1873506717
 358 5 6 9 16 14 3899839.8152400325
 359 5 6 9 16 14 3910642.789180903
 360 5 6 9 16 14 3921448.335254727
 361 5 6 9 16 14 3931531.5519766556
 362 4 7 9 16 14 3942830.77675157
 363 4 7 9 15 15 3954317.6667017187
 364 3 7 11 15 14 3965764.2633654303
 365 4 7 10 15 14 3977112.0812935187
 366 4 7 10 15 14 3988354.93586129
 367 5 6 11 14 14 3998882.6178839677
 368 6 6 11 13 14 4009841.1980370856
 369 5 7 11 13 14 4020580.021932897
 370 5 7 10 14 14 4030703.872898912
 371 5 6 9 16 14 4041061.920974748
 372 5 6 9 16 14 4052297.5786813195
 373 5 6 9 16 14 4063158.949467995
 374 5 6 9 16 14 4073819.45338738
 375 5 6 10 15 14 4085394.8776161857
 376 6 6 10 14 14 4096335.110425413
 377 5 6 9 15 15 4107804.1131151193
 378 5 6 9 16 14 4117956.932420437
 379 6 6 9 15 14 4128471.2522728224
 380 6 6 9 15 14 4140176.9391739154
 381 6 6 9 15 14 4151648.8864083528
 382 5 7 9 15 14 4163369.707951869
 383 5 6 9 16 14 4174451.1381031666
 384 5 6 9 16 14 4185992.9501621793
 385 5 6 9 16 14 4196439.598031381
 386 5 6 9 16 14 4206446.077189844
 387 5 6 9 15 15 4216521.797802482
 388 5 6 10 15 14 4226817.703817574
 389 5 6 10 15 14 4237952.799999999
 390 5 6 9 16 14 4247996.568745629
 391 5 6 10 14 15 4259873.965839306
 392 4 7 10 15 14 4271574.175083161
 393 5 6 9 16 14 4282306.954736033
 394 5 6 9 16 14 4293044.683701418
 395 5 6 10 15 14 4304228.325898317
 396 4 7 11 14 14 4316627.040029673
 397 4 8 9 15 14 4328132.691523956
 398 5 7 10 14 14 4339380.731873988
 399 5 7 9 15 14 4350581.379957549
 400 6 7 9 14 14 4361397.314463822
 401 6 7 10 13 14 4372772.825721578
 402 6 7 11 13 13 4384332.510890996
 403 5 7 12 13 13 4396031.1795755895
 404 5 7 11 14 13 4407166.668900583
 405 4 7 12 14 13 4418187.608456719
 406 5 7 11 14 13 4428348.141355069
 407 4 7 11 14 14 4438562.244551879
 408 4 7 11 15 13 4449138.958114898
 409 4 7 11 15 13 4459009.4554571165
 410 4 7 11 15 13 4469824.845157447
 411 4 7 10 15 14 4480469.118896706
 412 5 7 10 14 14 4493094.791277507
 413 6 6 10 14 14 4502820.226091559
 414 5 6 10 15 14 4513748.173127361
 415 5 6 10 15 14 4524486.038152264
 416 5 6 10 14 15 4536228.505244509
 417 4 6 11 15 14 4546344.5308769215
 418 5 6 10 15 14 4557501.367989598
 419 5 7 9 15 14 4568205.372532517
 420 5 7 8 16 14 4579163.53864799
 421 5 6 9 16 14 4590780.841328231
 422 5 6 9 16 14 4601747.778891369
 423 5 6 10 15 14 4612712.853069258
 424 3 7 11 15 14 4623507.300434142
 425 5 6 9 14 16 4635027.17714376
 426 5 6 9 16 14 4645342.129564508
 427 5 6 9 16 14 4656967.407351022
 428 5 6 9 16 14 4668029.238868278
 429 6 6 9 15 14 4678861.218501663
 430 6 6 9 15 14 4690155.621724103
 431 6 6 9 15 14 4701904.670362903
 432 6 6 10 15 13 4713718.841376118
 433 6 6 11 14 13 4724949.415234408
 434 6 7 11 13 13 4736597.546059091
 435 6 6 11 14 13 4748334.137040866
 436 5 6 11 15 13 4758710.771482254
 437 5 7 9 16 13 4769094.658482703
 438 4 8 9 16 13 4781017.043777867
 439 5 6 10 15 14 4792121.811717069
 440 6 6 10 15 13 4803825.87523801
 441 5 6 10 16 13 4814246.282600153
 442 5 6 10 16 13 4826073.101546246
 443 5 6 10 16 13 4837135.683398592
 444 5 6 10 16 13 4847945.273104432
 445 5 6 10 16 13 4858775.7880359795
 446 5 6 10 16 13 4869459.778184733
 447 5 6 11 15 13 4881242.263792612
 448 5 6 11 15 13 4893325.722849355
 449 4 7 10 15 14 4905101.8187126275
 450 5 6 10 16 13 4916405.8554347195
 451 6 6 10 15 13 4927365.035440806
 452 6 6 10 15 13 4938852.115910178
 453 5 6 10 16 13 4950204.376074576
 454 5 6 11 15 13 4962338.745120028
 455 5 6 11 15 13 4973383.246489981
 456 4 6 12 15 13 4984958.935217992
 457 6 6 10 15 13 4995834.235661147
 458 6 6 11 14 13 5007359.593147108
 459 6 6 10 15 13 5018572.190797384
 460 6 6 11 14 13 5029808.50699957
 461 6 6 11 14 13 5041405.754843519
 462 5 6 11 14 14 5053769.336816823
 463 5 6 11 14 14 5065207.372987884
 464 6 6 10 15 13 5076448.255770725
 465 5 7 10 15 13 5087467.478990386
 466 6 6 11 13 14 5098902.0117962025
 467 6 6 11 13 14 5110016.786140573
 468 6 7 10 14 13 5121034.600003274
 469 5 7 10 15 13 5132350.724996343
 470 5 7 10 15 13 5143049.480911525
 471 6 6 10 15 13 5154647.217991734
 472 5 6 10 15 14 5165079.016035053
 473 4 6 11 16 13 5175176.497551767
 474 5 6 10 15 14 5186321.247473386
 475 4 6 11 16 13 5196557.119631565
 476 5 6 10 15 14 5207004.286360711
 477 5 6 9 15 15 5218435.126376909
 478 5 6 11 14 14 5229047.143441348
 479 6 6 11 13 14 5241061.227543584
 480 6 8 9 12 15 5249651.010941279
 481 7 7 9 12 15 5256636.395350433
 482 7 7 9 12 15 5264159.387241897
 483 6 7 9 13 15 5272941.831625344
 484 5 7 10 13 15 5280008.404185192
 485 5 8 8 14 15 5287565.5412975615
 486 5 7 10 14 14 5295493.028273484
 487 5 7 10 13 15 5302047.451869134
 488 6 7 8 14 15 5309817.058578507
 489 6 7 8 14 15 5317129.407098026
 490 6 7 8 14 15 5324055.322291426
 491 6 7 8 14 15 5330971.108064229
 492 4 8 9 14 15 5338159.999838664
 493 6 7 8 14 15 5346308.316651219
 494 5 6 10 14 15 5352621.034678379
 495 6 7 8 13 16 5360371.245454205
 496 5 7 9 14 15 5368348.155674704
 497 6 6 9 14 15 5375412.907151144
 498 7 6 8 14 15 5383036.420369966
 499 6 6 10 13 15 5389650.943057245
 500 6 7 9 13 15 5397230.426119442
 501 5 7 9 14 15 5405777.23895304
 502 5 6 9 15 15 5413753.488074403
 503 6 6 9 14 15 5421819.910089595
 504 6 7 9 13 15 5430175.440192359
 505 6 7 9 13 15 5437814.385917747
 506 6 7 9 13 15 5446338.2471652
 507 6 6 10 13 15 5453075.880960328
 508 6 7 9 13 15 5460244.595562086
 509 6 6 10 13 15 5466189.103317472
 510 6 7 9 13 15 5474068.363106091
 511 5 7 9 14 15 5480928.490184017
 512 5 6 10 14 15 5488492.021723915
 513 5 7 9 14 15 5496388.145059721
 514 5 7 9 14 15 5503447.525980451
 515 5 6 10 14 15 5511152.889241077
 516 5 7 9 14 15 5517750.062384572
 517 5 7 9 14 15 5524760.520424288
 518 4 7 10 14 15 5533120.895493525
 519 3 7 12 13 15 5541480.152421245
 520 5 7 10 13 15 5549209.879686719
 521 4 7 11 13 15 5557190.511480496
 522 5 6 11 13 15 5564633.184194513
 523 5 7 10 13 15 5571961.458712093
 524 5 6 11 13 15 5579455.337514775
 525 5 7 10 13 15 5587835.107464161
 526 5 7 10 13 15 5595263.401986539
 527 6 7 10 11 16 5604423.7687452575
 528 6 7 10 12 15 5611808.821982709
 529 5 8 10 12 15 5621636.7880952135
 530 5 7 11 12 15 5629939.897575514
 531 5 8 10 12 15 5637124.402257588
 532 5 8 10 12 15 5645871.679679164
 533 6 7 10 12 15 5654608.203883738
 534 6 7 10 12 15 5662526.415687147
 535 5 6 12 12 15 5670379.097842041
 536 6 7 9 13 15 5678012.695965203
 537 4 7 10 14 15 5685101.922082539
 538 5 7 9 14 15 5692194.65667991
 539 6 6 11 12 15 5698659.036570735
 540 6 6 10 13 15 5705838.443491596
 541 5 6 10 14 15 5714126.593348719
 542 6 7 9 13 15 5722025.83530446
 543 6 7 9 13 15 5729243.845050266
 544 6 7 9 13 15 5736434.543353872
 545 6 7 9 13 15 5743636.411994054
 546 6 6 9 14 15 5750518.215785328
 547 6 7 8 14 15 5758100.868671188
 548 6 7 8 14 15 5766160.878131339
 549 6 7 8 14 15 5774049.832832593
 550 5 6 10 14 15 5782372.414636351
 551 6 7 8 14 15 5790136.114414169
 552 4 7 9 15 15 5798510.186771049
 553 4 7 9 15 15 5805996.07700523
 554 5 6 9 15 15 5813528.080971783
 555 5 6 9 15 15 5821409.223042897
 556 5 6 10 14 15 5829049.401271064
 557 5 6 10 14 15 5837775.103051649
 558 5 7 8 15 15 5846099.254603544
 559 5 6 10 13 16 5854062.881791033
 560 5 6 9 15 15 5862069.89098792
 561 5 6 9 15 15 5868348.997490671
 562 5 7 8 15 15 5875542.344147059
 563 6 7 9 13 15 5884457.713347411
 564 5 6 11 13 15 5891975.88430743
 565 6 6 9 14 15 5899680.909879083
 566 5 7 9 14 15 5908316.783944923
 567 6 7 8 14 15 5916713.078128308
 568 6 6 9 14 15 5924656.837179489
 569 5 6 10 14 15 5933209.104072847
 570 5 6 9 15 15 5940654.030832419
 571 5 7 9 14 15 5948112.062869038
 572 6 7 9 13 15 5957128.170675332
 573 5 7 9 14 15 5965376.092280205
 574 5 7 10 13 15 5973450.832616303
 575 5 7 9 14 15 5982387.521903572
 576 5 7 8 15 15 5990540.142333081
 577 5 7 9 14 15 5998834.940461171
 578 5 7 9 14 15 6006153.3001871165
 579 6 7 8 14 15 6014158.795527483
 580 6 7 9 13 15 6021873.091763836
 581 6 7 9 13 15 6029574.444859335
 582 6 7 9 13 15 6037694.511025015
 583 6 6 10 13 15 6045576.419833004
 584 6 7 9 13 15 6052520.923600785
 585 6 7 9 13 15 6060944.758507073
 586 5 6 10 14 15 6068769.9820239935
 587 4 7 10 14 15 6076081.759752647
 588 5 7 10 13 15 6083025.529782566
 589 4 7 11 13 15 6089939.937880542
 590 5 7 9 14 15 6097846.614714671
 591 4 7 11 12 16 6104456.697090443
 592 5 7 9 14 15 6111727.412363565
 593 6 7 9 13 15 6117463.866354521
 594 6 7 9 13 15 6125109.717835672
 595 5 7 9 14 15 6132596.537755525
 596 5 7 8 15 15 6139680.8920908915
 597 5 7 8 15 15 6146174.95360226
 598 5 7 8 15 15 6153297.307477747
 599 5 6 9 15 15 6160292.078324134
 600 5 6 9 15 15 6166902.955903097
 601 4 7 9 15 15 6174253.317608366
 602 5 7 8 15 15 6182061.462393595
 603 5 6 9 15 15 6190663.917331693
 604 5 7 8 15 15 6197456.075114639
 605 5 7 9 15 14 6205785.421835847
 606 5 6 10 14 15 6212425.633171235
 607 6 5 10 14 15 6220103.539774269
 608 6 6 9 14 15 6227149.235597488
 609 6 7 9 13 15 6235230.499378667
 610 6 7 9 13 15 6242316.244443421
 611 6 6 10 13 15 6248639.975153284
 612 6 7 8 14 15 6256445.9459829405
 613 5 7 10 13 15 6264556.55299881
 614 6 6 10 13 15 6272532.498859228
 615 5 7 10 13 15 6280594.621848162
 616 6 7 8 14 15 6287169.6372377435
 617 5 7 9 14 15 6295447.61933998
 618 6 6 9 14 15 6302149.636233027
 619 6 7 8 14 15 6309671.859946093
 620 6 7 8 14 15 6317055.79665419
 621 6 6 10 13 15 6324675.304518712
 622 6 6 10 13 15 6332351.458633163
 623 5 6 10 13 16 6341347.856239469
 624 5 6 11 14 14 6349135.949897667
 625 4 6 12 14 14 6356995.637951733
 626 5 6 10 14 15 6364883.684237101
 627 5 6 10 14 15 6372707.787968294
 628 5 6 9 15 15 6380232.086494776
 629 4 6 10 15 15 6387804.878444109
 630 5 6 10 14 15 6395376.080472809
 631 5 6 11 13 15 6402344.958868964
 632 5 6 9 15 15 6409088.929295961
 633 4 6 10 15 15 6415891.260138553
 634 5 7 8 15 15 6422912.798160139
 635 5 7 9 15 14 6430251.027950279
 636 6 6 10 13 15 6437688.592945863
 637 6 6 9 14 15 6445989.963106671
 638 5 7 8 15 15 6452305.103485858
 639 5 7 8 15 15 6460250.913373504
 640 5 6 10 14 15 6468691.471150582
 641 5 6 9 15 15 6476557.393477645
 642 5 6 9 15 15 6485095.960174139
 643 5 6 9 15 15 6491295.347887541
 644 5 6 9 15 15 6498973.855413999
 645 5 6 9 15 15 6507695.812296145
 646 5 6 9 15 15 6514889.669805566
 647 5 7 8 15 15 6522372.137724275
 648 5 7 8 15 15 6529792.700044564
 649 4 7 9 15 15 6535941.872487047
 650 5 7 8 15 15 6542638.03651863
 651 5 8 8 14 15 6550227.231312759
 652 5 8 8 14 15 6558021.333089476
 653 5 8 9 13 15 6565980.130861172
 654 5 7 11 12 15 6572426.037672406
 655 6 7 9 12 16 6578897.2396892775
 656 6 7 9 13 15 6586614.474378479
 657 6 6 10 13 15 6593105.283889672
 658 5 7 10 13 15 6601935.249780315
 659 7 6 10 12 15 6609490.919132106
 660 5 7 10 13 15 6617967.750739772
 661 6 7 9 13 15 6625255.495927848
 662 6 6 10 13 15 6632143.064794621
 663 6 6 10 13 15 6639289.484642047
 664 5 7 9 14 15 6646973.752498504
 665 4 7 10 14 15 6655596.718256643
 666 4 6 10 15 15 6663730.702917024
 667 4 7 9 15 15 6669907.048209047
 668 5 7 8 15 15 6678133.286169617
 669 5 7 8 15 15 6686365.685693175
 670 5 7 8 15 15 6693290.408084923
 671 6 6 8 15 15 6700966.763314606
 672 5 7 9 14 15 6709231.2016601935
 673 5 7 9 14 15 6716968.702463644
 674 4 8 10 13 15 6724566.752702926
 675 4 8 10 13 15 6732925.145556404
 676 4 7 10 14 15 6742409.506530676
 677 4 7 10 14 15 6750779.410963685
 678 4 8 9 14 15 6759728.440582291
 679 4 8 9 14 15 6767290.6148759015
 680 4 8 9 14 15 6775999.634236728
 681 4 8 10 14 14 6784033.92442358
 682 6 7 9 13 15 6792988.67242575
 683 5 7 9 14 15 6801723.707209004
 684 5 7 9 14 15 6810233.044365385
 685 5 7 9 14 15 6819103.422400488
 686 5 6 10 14 15 6827505.165640116
 687 5 6 10 13 16 6835981.837291147
 688 5 6 9 15 15 6844108.352690468
 689 5 6 9 15 15 6851489.81522159
 690 5 6 9 15 15 6860502.469627607
 691 5 6 11 13 15 6868399.577751561
 692 5 6 10 14 15 6878149.634548057
 693 4 7 9 15 15 6887449.979057368
 694 4 7 9 15 15 6894462.771429538
 695 4 8 8 15 15 6902576.546849697
 696 4 8 8 15 15 6910809.726987782
 697 4 7 9 15 15 6919009.9114314355
 698 5 7 8 15 15 6927871.749331788
 699 5 7 8 15 15 6937050.713961163
 700 5 6 9 15 15 6944624.406811718
 701 5 7 8 15 15 6952037.46885964
 702 5 7 8 15 15 6959768.8806364145
 703 5 7 8 15 15 6967978.858783372
 704 6 7 10 12 15 6977731.906553878
 705 6 6 10 13 15 6985975.912079646
 706 7 6 9 13 15 6994951.855007911
 707 4 6 11 14 15 7002859.755173862
 708 5 7 9 14 15 7011779.997209139
 709 4 7 10 14 15 7021580.5983134555
 710 5 6 10 14 15 7031566.455108489
 711 4 6 12 14 14 7040133.609526071
 712 5 6 10 14 15 7048817.565982735
 713 5 6 10 14 15 7057221.567112151
 714 5 6 10 14 15 7065890.606405357
 715 6 7 10 13 14 7074947.839477221
 716 5 6 11 13 15 7084567.9464305
 717 5 6 11 13 15 7093773.80234562
 718 6 6 12 12 14 7102864.4450102905
 719 6 6 10 13 15 7112649.368500594
 720 6 9 10 10 15 7115642.429562336
 721 6 7 10 12 15 7118414.053567713
 722 6 6 9 14 15 7121055.840434998
 723 6 6 9 15 14 7124070.622572062
 724 6 6 9 15 14 7125789.086236518
 725 7 5 9 15 14 7128177.585777622
 726 6 6 9 15 14 7129911.193120279
 727 6 6 9 15 14 7132816.841523127
 728 5 7 9 15 14 7135604.930876767
 729 6 6 9 15 14 7138121.325924366
 730 5 6 9 16 14 7140915.653655651
 731 5 6 9 16 14 7142904.472825608
 732 5 6 10 15 14 7145257.009750341
 733 5 7 9 15 14 7147272.606343603
 734 5 7 9 15 14 7149984.632152606
 735 5 7 9 15 14 7152534.8061576225
 736 5 6 10 15 14 7154199.169012035
 737 5 6 10 15 14 7156804.812728093
 738 5 6 10 15 14 7159170.869303682
 739 5 6 10 15 14 7161527.534294866
 740 5 6 10 15 14 7163786.711675758
 741 5 6 10 15 14 7166113.773837204
 742 5 6 10 15 14 7168571.355978358
 743 4 8 9 15 14 7170862.597038247
 744 4 8 10 14 14 7172867.253758529
 745 4 8 10 14 14 7175602.760883877
 746 4 7 10 14 15 7177983.315127536
 747 4 7 10 14 15 7180981.782627042
 748 4 8 9 14 15 7184025.678341868
 749 4 8 9 14 15 7187866.342454484
 750 4 7 10 14 15 7190715.730306382
 751 4 7 10 14 15 7193596.946109894
 752 4 7 10 14 15 7196376.0936431
 753 4 8 8 15 15 7199038.134883241
 754 4 8 8 15 15 7201612.786360868
 755 5 7 9 14 15 7204913.2561384775
 756 5 7 9 15 14 7208133.839136389
 757 5 7 9 15 14 7211026.475909019
 758 5 7 9 14 15 7214244.060487197
 759 5 8 9 13 15 7217040.559913543
 760 4 8 10 13 15 7219942.224404778
 761 5 8 9 13 15 7223615.63246297
 762 5 7 9 14 15 7225579.271536691
 763 5 7 9 14 15 7227488.855832308
 764 5 8 8 14 15 7230148.168765834
 765 5 7 9 14 15 7232236.009786128
 766 5 7 9 15 14 7235155.8685147725
 767 5 8 9 14 14 7237817.308819073
 768 4 7 11 13 15 7240675.528074834
 769 5 7 10 13 15 7242939.534867682
 770 5 9 8 13 15 7245727.961133336
 771 5 7 9 14 15 7247763.067606922
 772 5 7 9 14 15 7250649.620719598
 773 3 7 10 15 15 7252652.140536316
 774 4 8 8 15 15 7254549.566374416
 775 4 7 9 15 15 7257804.31407135
 776 4 6 10 15 15 7260653.826817843
 777 4 7 9 15 15 7264087.844357136
 778 5 7 9 14 15 7266734.192371829
 779 4 8 8 15 15 7269269.215094484
 780 4 8 8 15 15 7272641.338224492
 781 4 6 10 15 15 7274717.625542689
 782 4 7 9 15 15 7277477.390231456
 783 5 6 10 14 15 7280640.165652808
 784 4 8 9 14 15 7284029.072883462
 785 4 8 8 15 15 7286594.867279633
 786 4 7 9 15 15 7289347.953092518
 787 4 7 9 15 15 7292101.845915253
 788 4 7 9 15 15 7294604.333259209
 789 5 6 9 15 15 7296734.274018437
 790 4 8 8 15 15 7299520.721734922
 791 5 8 8 14 15 7302866.786260949
 792 5 7 10 13 15 7305071.450822761
 793 5 8 8 14 15 7308431.154257813
 794 5 8 8 14 15 7311699.864007762
 795 4 8 8 15 15 7314096.146918741
 796 4 7 9 15 15 7317089.67060234
 797 4 7 9 15 15 7320232.966622038
 798 4 7 9 15 15 7322972.994071462
 799 4 7 9 15 15 7325311.12319943
 800 4 7 9 15 15 7327515.903966353
 801 4 8 8 15 15 7330287.95118702
 802 4 7 9 15 15 7333100.578913579
 803 4 8 8 15 15 7335499.483994802
 804 4 8 8 15 15 7338023.991938014
 805 4 8 8 15 15 7341219.015523067
 806 4 8 9 14 15 7344170.609432705
 807 4 8 9 14 15 7346899.382834604
 808 4 7 10 14 15 7349292.659225072
 809 4 7 10 14 15 7351950.56390171
 810 3 8 10 14 15 7355546.312277101
 811 4 8 9 14 15 7358464.231467404
 812 4 8 10 13 15 7360799.839108181
 813 4 7 10 14 15 7364115.477144403
 814 4 8 9 14 15 7366175.778429278
 815 4 8 9 14 15 7369568.9319706615
 816 5 8 8 14 15 7372400.280562604
 817 5 8 8 14 15 7375833.846920112
 818 5 7 9 14 15 7378256.728986145
 819 5 8 8 14 15 7381686.337890493
 820 5 8 8 14 15 7384036.284256361
 821 5 8 8 14 15 7387270.284735783
 822 4 8 8 15 15 7390176.070268672
 823 4 8 8 15 15 7393213.864733249
 824 4 8 8 15 15 7396063.968632025
 825 4 8 8 15 15 7399413.855902765
 826 4 8 8 15 15 7402089.67441523
 827 4 8 8 15 15 7404766.5861702915
 828 4 8 8 15 15 7407071.23197427
 829 4 8 8 15 15 7410265.761745176
 830 5 8 8 14 15 7413073.94762619
 831 5 8 8 14 15 7415303.175131695
 832 4 8 9 14 15 7418904.900615046
 833 4 8 8 15 15 7421975.883163746
 834 4 8 8 15 15 7424152.855828499
 835 4 8 8 15 15 7426842.644714241
 836 4 8 9 14 15 7430642.357455336
 837 3 8 10 14 15 7433480.292341265
 838 4 8 9 14 15 7436431.760938481
 839 4 8 9 14 15 7439229.382307741
 840 5 7 9 15 14 7441952.114431224
 841 5 7 9 15 14 7444800.714662955
 842 5 7 8 15 15 7447316.59615785
 843 5 6 11 14 14 7449899.566267919
 844 5 6 10 15 14 7452180.92781023
 845 5 7 9 15 14 7454754.9550136505
 846 5 6 11 13 15 7456533.115208086
 847 6 6 10 13 15 7459226.454999224
 848 5 7 10 13 15 7462360.106574688
 849 4 7 10 14 15 7465548.492732206
 850 4 8 9 14 15 7467583.475525455
 851 4 8 9 14 15 7470278.009393389
 852 4 7 10 14 15 7472787.151074862
 853 4 7 9 15 15 7476253.095772838
 854 4 7 10 14 15 7478858.822542496
 855 4 7 10 14 15 7482521.256724591
 856 4 7 10 14 15 7485428.724738466
 857 4 7 10 14 15 7489016.657522711
 858 4 7 10 14 15 7491950.7300801035
 859 4 7 10 14 15 7494882.583691742
 860 5 6 10 14 15 7497474.8515760545
 861 5 6 9 15 15 7499696.4575880645
 862 5 7 8 15 15 7502628.459339363
 863 4 7 9 15 15 7504799.793379072
 864 5 7 8 15 15 7507845.513719694
 865 5 7 9 14 15 7510647.21410029
 866 5 7 9 14 15 7514044.426735468
 867 5 7 9 14 15 7517326.307806574
 868 5 7 9 14 15 7520845.9781208085
 869 5 7 10 13 15 7523537.358930963
 870 5 8 8 14 15 7526001.134751613
 871 5 8 8 14 15 7528690.02325315
 872 5 8 8 14 15 7531279.2391340425
 873 5 8 9 13 15 7534132.991498917
 874 5 8 8 14 15 7536713.208296674
 875 6 6 10 13 15 7539251.606212021
 876 5 7 10 13 15 7542010.706333596
 877 5 7 10 13 15 7544378.155292749
 878 5 7 10 13 15 7547226.898001809
 879 5 7 10 13 15 7550314.409014856
 880 5 7 10 13 15 7553434.088069378
 881 5 7 9 14 15 7556358.983514919
 882 6 7 8 14 15 7559208.6424269555
 883 6 7 8 14 15 7562120.512277956
 884 5 7 9 14 15 7565025.550647768
 885 5 7 9 14 15 7567348.817839783
 886 5 7 9 14 15 7570790.059862588
 887 5 7 9 14 15 7573515.365123753
 888 4 8 9 14 15 7577422.102676511
 889 4 8 8 15 15 7580810.722537853
 890 4 7 9 15 15 7583272.476806942
 891 4 7 9 15 15 7585806.278168891
 892 4 7 9 15 15 7588623.952447474
 893 4 8 8 15 15 7591686.890902991
 894 4 8 8 15 15 7595055.369331546
 895 4 8 8 15 15 7598368.0721550165
 896 4 7 9 15 15 7601736.87980821
 897 4 6 10 15 15 7605191.522936796
 898 4 7 10 14 15 7607998.533409861
 899 3 7 11 14 15 7611495.087510146
 900 4 8 9 14 15 7614176.039003223
 901 3 8 9 15 15 7617892.782477173
 902 4 8 8 15 15 7621345.4500056775
 903 4 7 9 15 15 7624246.050264298
 904 4 7 9 15 15 7627943.391412501
 905 4 8 8 15 15 7631058.057168566
 906 4 8 8 15 15 7634192.014048505
 907 4 7 9 15 15 7637949.754841932
 908 4 7 9 15 15 7641452.6584946
 909 4 7 10 14 15 7645361.716534047
 910 4 7 9 15 15 7648110.8914561095
 911 4 7 9 15 15 7651487.163703536
 912 4 7 9 15 15 7654723.803335449
 913 4 7 9 15 15 7657690.977886328
 914 4 7 10 14 15 7660729.320973439
 915 5 7 9 14 15 7663727.821834972
 916 4 7 10 14 15 7667801.36134657
 917 4 7 10 14 15 7669996.108567702
 918 6 6 9 14 15 7674185.960000358
 919 4 7 10 14 15 7676983.8019172
 920 5 7 9 14 15 7680004.282666993
 921 5 7 10 13 15 7683441.080797139
 922 5 7 10 13 15 7686545.122014742
 923 4 8 9 14 15 7689752.152337426
 924 5 7 9 14 15 7692430.3546568
 925 4 7 10 14 15 7695361.86059038
 926 5 7 9 14 15 7698857.806772931
 927 4 7 10 14 15 7702026.233090161
 928 5 6 11 13 15 7705808.100284768
 929 5 7 9 14 15 7708072.83610521
 930 5 8 8 14 15 7711171.17108474
 931 5 8 9 13 15 7713602.787266919
 932 5 8 8 14 15 7717924.541546877
 933 4 8 9 14 15 7720277.493815658
 934 5 8 9 13 15 7723712.438280841
 935 4 7 10 14 15 7727694.882795836
 936 4 7 10 14 15 7731395.819463351
 937 3 7 11 14 15 7734849.537266898
 938 4 7 10 14 15 7738208.124231918
 939 5 7 9 14 15 7741854.698200783
 940 5 6 10 14 15 7746070.065757061
 941 4 7 10 14 15 7749566.603056674
 942 5 7 9 14 15 7753068.57105447
 943 5 8 8 14 15 7756205.109784889
 944 5 7 9 14 15 7759675.33379173
 945 5 8 8 14 15 7763723.253018907
 946 4 7 10 14 15 7766976.443442327
 947 5 8 8 14 15 7771024.079874974
 948 6 7 8 14 15 7774548.716506698
 949 6 6 10 13 15 7777788.965578211
 950 5 7 9 14 15 7781435.451907108
 951 5 6 10 14 15 7784308.083948629
 952 5 7 10 13 15 7787692.713354316
 953 6 6 10 13 15 7790735.566802301
 954 5 7 9 14 15 7794012.2868192075
 955 5 7 9 14 15 7797695.379791354
 956 6 6 10 13 15 7801266.390596676
 957 4 7 10 14 15 7804302.505766667
 958 5 7 10 13 15 7807858.582206739
 959 4 7 12 12 15 7811906.3535651695
 960 4 8 11 12 15 7815193.253610587
 961 4 9 9 13 15 7818059.324790383
 962 5 9 8 13 15 7821296.200632377
 963 5 7 10 13 15 7824465.650591041
 964 5 8 9 13 15 7828003.867810694
 965 5 8 8 14 15 7831150.932217287
 966 5 7 9 14 15 7834534.672506277
 967 5 7 9 14 15 7837403.217345841
 968 5 7 10 13 15 7840151.011125053
 969 5 8 9 13 15 7842708.9492297135
 970 5 9 8 13 15 7845159.664634985
 971 5 9 8 13 15 7848129.840803773
 972 5 8 9 13 15 7851174.5187509945
 973 5 8 9 13 15 7853487.551860338
 974 5 8 9 13 15 7856837.087108984
 975 5 7 9 14 15 7859212.589891592
 976 5 8 8 14 15 7861775.217199672
 977 5 8 8 14 15 7866001.900790329
 978 4 7 9 15 15 7869462.452003947
 979 4 7 9 15 15 7872742.876602453
 980 4 7 9 15 15 7876064.450696886
 981 4 7 9 15 15 7878787.936847158
 982 5 7 9 14 15 7881116.557025665
 983 5 8 8 14 15 7883724.652640691
 984 5 8 8 15 14 7886841.610465277
 985 5 7 10 14 14 7889549.909298819
 986 4 8 10 13 15 7892388.440942321
 987 4 7 10 14 15 7894490.51691978
 988 5 8 9 13 15 7897151.838474342
 989 5 7 9 14 15 7900344.957651619
 990 4 7 10 14 15 7903693.433956925
 991 5 7 9 14 15 7907872.485200298
 992 5 7 9 14 15 7911536.578515701
 993 5 7 9 14 15 7914535.498744271
 994 5 7 10 13 15 7918348.373871445
 995 4 7 11 13 15 7921150.651536962
 996 3 7 12 13 15 7923943.0299691
 997 4 8 10 13 15 7927032.716554782
 998 4 7 11 13 15 7930258.44836364
 999 4 7 11 13 15 7934280.7294106195
 1000 3 7 11 14 15 7936774.412450006
 1001 4 7 10 14 15 7940144.37464228
 1002 4 7 10 14 15 7943522.43600142
 1003 4 7 10 14 15 7946852.659100757
 1004 4 7 10 14 15 7949940.519619543
 1005 4 8 9 14 15 7953108.372399587
 1006 4 8 8 15 15 7955730.22062478
 1007 5 8 8 14 15 7959339.446501071
 1008 4 8 9 14 15 7962346.602483749
 1009 4 8 8 15 15 7966391.640564357
 1010 4 8 9 14 15 7969356.821172638
 1011 4 7 9 15 15 7972748.311646104
 1012 4 7 9 15 15 7976084.739132254
 1013 4 8 8 15 15 7979193.019313404
 1014 4 7 9 15 15 7982532.406895913
 1015 4 7 9 15 15 7986054.794409636
 1016 4 7 9 15 15 7988642.20272456
 1017 4 8 8 15 15 7992025.85069095
 1018 4 8 9 14 15 7995669.869984884
 1019 3 7 12 13 15 7998845.179957968
 1020 4 7 11 13 15 8001558.524291109
 1021 5 8 10 12 15 8005002.858773163
 1022 5 7 11 12 15 8008152.662640228
 1023 4 8 10 13 15 8010950.870691716
 1024 4 8 9 14 15 8013937.659982127
 1025 4 8 9 14 15 8016718.388297138
 1026 4 8 9 14 15 8020073.928733467
 1027 4 8 9 14 15 8023771.127950965
 1028 4 8 8 15 15 8027942.567611958
 1029 4 7 10 15 14 8030989.31896641
 1030 3 7 10 15 15 8034530.2738005975
 1031 3 7 11 14 15 8037793.317974012
 1032 3 7 11 14 15 8041083.471433537
 1033 4 6 10 16 14 8043858.932116183
 1034 5 7 9 15 14 8047202.58536165
 1035 4 7 10 14 15 8050162.66571844
 1036 4 7 9 16 14 8053109.223432925
 1037 4 8 8 16 14 8056360.958892541
 1038 4 7 9 15 15 8059839.82278974
 1039 4 8 8 15 15 8063162.844253442
 1040 4 8 8 16 14 8066605.994268135
 1041 3 7 10 16 14 8070075.534284037
 1042 5 7 9 14 15 8073679.683990369
 1043 5 7 9 15 14 8076490.756477963
 1044 4 7 10 15 14 8079859.481134202
 1045 4 7 10 14 15 8082502.290732895
 1046 4 7 10 15 14 8085644.57029424
 1047 4 7 10 15 14 8088746.853111062
 1048 4 7 10 15 14 8092411.121591853
 1049 4 7 10 14 15 8095717.828697676
 1050 5 7 10 13 15 8098957.805061237
 1051 5 7 10 14 14 8102547.400061709
 1052 5 7 10 13 15 8106027.256195653
 1053 5 7 10 13 15 8109212.226170518
 1054 5 8 9 13 15 8112471.694472637
 1055 5 8 9 14 14 8115627.166473064
 1056 5 7 10 14 14 8119027.002489336
 1057 4 7 10 14 15 8122486.708432189
 1058 4 7 11 13 15 8125680.085789299
 1059 4 7 11 13 15 8128922.360945943
 1060 4 8 10 13 15 8131798.8776431475
 1061 4 8 10 13 15 8135515.645910292
 1062 5 7 11 12 15 8137795.610985497
 1063 4 8 10 13 15 8141748.9590919325
 1064 4 8 10 13 15 8144214.5119503345
 1065 4 7 10 14 15 8148280.720981376
 1066 4 7 11 13 15 8150956.227925276
 1067 4 8 9 15 14 8155046.73110955
 1068 4 8 9 14 15 8158002.350236689
 1069 4 8 9 14 15 8161943.361701446
 1070 4 8 9 14 15 8165273.334212436
 1071 4 7 10 15 14 8168202.453077247
 1072 4 8 10 14 14 8177250.465298205
 1073 4 8 9 15 14 8184951.39513828
 1074 6 7 8 15 14 8193616.203251443
 1075 5 6 10 15 14 8202052.393867536
 1076 5 6 9 16 14 8209873.963379715
 1077 5 6 10 16 13 8218530.32971773
 1078 5 7 8 16 14 8225823.337557269
 1079 5 7 8 16 14 8235174.732089257
 1080 5 6 9 16 14 8242599.405239941
 1081 5 6 9 16 14 8250838.154474752
 1082 6 6 9 15 14 8259752.856397862
 1083 5 6 9 16 14 8267204.189300421
 1084 5 6 9 16 14 8275944.08852845
 1085 5 6 9 16 14 8283485.827126723
 1086 6 5 9 16 14 8292257.833575814
 1087 5 7 8 16 14 8300793.13259765
 1088 4 7 9 16 14 8309439.467396876
 1089 5 6 10 15 14 8318134.486079318
 1090 6 7 9 14 14 8327097.614652927
 1091 6 7 10 13 14 8336739.841804105
 1092 5 6 10 15 14 8346337.028974149
 1093 4 7 9 16 14 8355095.545105287
 1094 5 7 9 15 14 8363651.350275324
 1095 5 7 9 15 14 8373439.816270346
 1096 5 6 10 15 14 8381748.606431166
 1097 5 7 10 14 14 8389717.692764739
 1098 5 7 9 15 14 8398977.364406407
 1099 5 6 10 15 14 8408096.595627721
 1100 4 7 9 16 14 8417818.065218097
 1101 5 6 9 16 14 8425432.82908069
 1102 5 6 10 16 13 8433957.625785444
 1103 4 8 10 15 13 8442003.332323642
 1104 5 6 11 15 13 8450750.900881942
 1105 5 6 11 15 13 8459192.334118573
 1106 4 6 11 16 13 8467543.188484605
 1107 5 7 9 16 13 8476521.341366092
 1108 4 7 10 16 13 8484827.47434888
 1109 5 6 10 16 13 8493491.47030516
 1110 5 6 10 16 13 8502086.014731849
 1111 5 6 10 16 13 8510936.304421153
 1112 6 6 10 15 13 8520448.241036914
 1113 6 6 12 13 13 8530207.82334735
 1114 6 6 11 14 13 8540080.648469541
 1115 6 6 11 14 13 8548720.009558292
 1116 6 6 11 14 13 8556756.857618105
 1117 5 6 11 15 13 8564177.670468418
 1118 5 7 8 16 14 8571628.954898736
 1119 5 6 10 15 14 8580345.17781475
 1120 5 6 10 15 14 8588484.157768993
 1121 5 6 10 15 14 8596562.795848498
 1122 5 6 10 15 14 8605937.609317677
 1123 5 6 10 15 14 8614352.652391221
 1124 4 7 10 15 14 8623286.881097622
 1125 5 6 10 15 14 8631944.06331089
 1126 5 6 10 15 14 8641827.098248702
 1127 5 6 10 15 14 8650882.896871205
 1128 5 6 10 15 14 8658694.584977597
 1129 5 6 11 14 14 8666794.386007996
 1130 6 6 11 13 14 8676069.313611688
 1131 6 6 9 15 14 8684447.935361529
 1132 6 6 9 15 14 8693404.160188584
 1133 6 6 9 15 14 8702110.456073457
 1134 6 6 9 15 14 8711527.098968621
 1135 5 6 9 16 14 8720613.520882605
 1136 5 6 9 16 14 8729618.922294088
 1137 4 7 9 16 14 8738762.205911575
 1138 4 7 9 16 14 8748537.81241668
 1139 5 6 9 16 14 8757042.229625735
 1140 5 6 9 16 14 8764836.92418134
 1141 5 6 9 16 14 8772462.546250306
 1142 5 6 9 16 14 8781415.323639996
 1143 5 6 9 16 14 8789891.878494345
 1144 5 6 10 15 14 8798425.631481024
 1145 5 6 9 16 14 8806797.609011112
 1146 6 6 10 14 14 8816406.127464661
 1147 5 7 10 14 14 8825852.162866365
 1148 5 6 10 15 14 8835881.826066399
 1149 4 7 9 16 14 8843837.267092738
 1150 4 7 10 15 14 8852722.29538378
 1151 4 7 10 15 14 8862576.631455222
 1152 5 6 9 16 14 8871379.48666823
 1153 5 6 10 15 14 8880492.002136486
 1154 5 6 9 16 14 8889340.315631282
 1155 5 6 9 16 14 8898134.18124371
 1156 4 6 10 16 14 8907099.181305347
 1157 5 6 9 16 14 8915753.239010617
 1158 5 6 9 16 14 8925016.786871083
 1159 6 5 9 16 14 8932600.341120444
 1160 6 6 9 15 14 8941239.257304993
 1161 6 6 10 14 14 8951106.750051918
 1162 6 6 10 14 14 8960223.697282346
 1163 6 6 10 14 14 8969547.157104388
 1164 5 7 11 13 14 8978084.85022228
 1165 5 7 11 13 14 8988673.99785834
 1166 5 7 10 14 14 8998419.279954618
 1167 5 7 10 14 14 9008807.403113473
 1168 5 7 9 15 14 9018350.874087805
 1169 5 7 9 15 14 9027774.629197061
 1170 5 6 9 16 14 9037203.177314347
 1171 5 6 9 16 14 9046106.222327486
 1172 5 6 10 15 14 9055172.429256272
 1173 5 6 9 16 14 9063702.740114843
 1174 5 6 9 16 14 9071908.093279116
 1175 6 6 9 15 14 9079417.967984268
 1176 6 7 9 14 14 9088701.584265908
 1177 5 6 10 15 14 9098340.16409167
 1178 4 7 10 15 14 9107872.71860277
 1179 5 7 9 15 14 9116909.71270678
 1180 4 7 9 16 14 9125996.772984307
 1181 4 8 8 16 14 9134160.707449561
 1182 4 8 8 16 14 9143437.309596116
 1183 4 8 8 16 14 9153294.554629536
 1184 5 6 9 16 14 9161623.306337053
 1185 6 6 9 15 14 9170195.129977748
 1186 6 7 8 15 14 9179608.449896423
 1187 5 7 9 15 14 9188522.348003678
 1188 6 6 9 15 14 9198562.886750448
 1189 5 6 9 16 14 9207725.460907638
 1190 4 7 9 16 14 9216245.433486586
 1191 6 6 9 15 14 9225637.439358212
 1192 6 6 10 14 14 9234637.352598347
 1193 5 7 9 15 14 9243831.935495848
 1194 5 6 10 15 14 9252889.50668131
 1195 5 6 9 16 14 9262343.423256692
 1196 5 6 10 16 13 9270226.365518775
 1197 5 7 9 16 13 9278826.931203134
 1198 5 6 11 15 13 9287154.175250156
 1199 5 8 9 15 13 9295705.08886354
 1200 5 9 9 13 14 9306263.151327651
 1201 5 7 10 14 14 9315948.630813655
 1202 4 8 10 14 14 9326119.598009938
 1203 5 7 10 14 14 9336457.717255102
 1204 5 8 9 14 14 9345325.831238102
 1205 4 9 9 14 14 9354879.22956897
 1206 4 9 9 14 14 9363895.17619918
 1207 5 6 11 14 14 9371905.577713765
 1208 5 7 9 14 15 9379988.17204427
 1209 5 6 11 14 14 9388814.596764537
 1210 5 6 11 14 14 9397041.23992465
 1211 5 6 11 14 14 9405433.385905191
 1212 5 6 10 14 15 9414315.92517461
 1213 5 6 10 14 15 9423008.338958705
 1214 5 6 10 15 14 9431649.979783153
 1215 5 7 9 15 14 9440152.34302709
 1216 4 8 9 15 14 9449294.906300135
 1217 5 8 9 14 14 9459325.572573526
 1218 4 7 10 15 14 9468633.850757552
 1219 5 6 10 15 14 9477269.460534858
 1220 5 6 10 15 14 9486326.591673428
 1221 5 6 10 15 14 9494223.466884527
 1222 5 7 9 15 14 9503286.251480913
 1223 5 6 10 15 14 9511801.992795324
 1224 4 7 9 16 14 9520372.466238666
 1225 5 7 9 15 14 9529067.39147119
 1226 5 7 9 15 14 9536685.160116969
 1227 5 7 8 16 14 9545992.847746035
 1228 5 7 8 16 14 9554431.624171577
 1229 5 7 9 15 14 9562699.724695079
 1230 5 7 9 15 14 9572018.010958381
 1231 5 7 8 16 14 9580659.957892884
 1232 5 7 8 16 14 9590168.183362741
 1233 5 7 8 16 14 9598411.103815418
 1234 5 7 9 15 14 9607772.884962855
 1235 4 7 10 15 14 9616086.114988657
 1236 5 7 8 16 14 9623457.337713558
 1237 6 7 9 14 14 9631866.07930169
 1238 6 7 9 14 14 9641676.821469564
 1239 5 6 9 16 14 9649978.215309143
 1240 5 6 9 16 14 9658178.774872992
 1241 5 6 9 16 14 9666228.304224448
 1242 5 7 8 16 14 9673777.051381199
 1243 4 8 8 16 14 9681129.451814787
 1244 5 7 8 16 14 9688914.96121612
 1245 4 8 8 16 14 9697515.861395758
 1246 5 6 9 16 14 9705344.29510195
 1247 5 6 9 16 14 9714240.545397596
 1248 5 7 8 16 14 9722348.760582112
 1249 5 7 9 15 14 9731181.460636387
 1250 4 8 8 16 14 9740011.34190445
 1251 5 6 10 15 14 9748737.18768324
 1252 5 6 10 15 14 9757884.945034055
 1253 4 7 9 16 14 9765698.555282246
 1254 5 6 9 16 14 9773875.382496925
 1255 5 7 8 15 15 9781653.311370302
 1256 6 6 9 14 15 9789693.571769122
 1257 5 6 9 16 14 9798052.592034107
 1258 6 6 9 15 14 9806518.405730223
 1259 6 6 10 14 14 9815124.6292781
 1260 6 6 10 14 14 9823659.965846993
 1261 5 7 8 16 14 9831535.804281065
 1262 5 6 9 16 14 9840491.143172413
 1263 4 7 9 16 14 9849467.839934658
 1264 5 7 8 16 14 9858080.906420372
 1265 5 7 9 15 14 9866592.604833733
 1266 5 7 8 16 14 9874544.072254915
 1267 5 7 8 16 14 9883408.885577466
 1268 5 6 9 16 14 9891595.019932128
 1269 5 6 9 16 14 9899618.46348467
 1270 5 6 9 16 14 9908821.034018243
 1271 5 6 9 16 14 9917707.541206934
 1272 5 6 9 16 14 9926947.809923213
 1273 5 6 9 16 14 9935551.329411315
 1274 4 8 8 16 14 9945295.454984717
 1275 5 6 10 16 13 9954451.37514323
 1276 5 7 9 16 13 9964564.52729778
 1277 5 6 10 16 13 9974539.93653596
 1278 6 6 10 15 13 9983657.812437031
 1279 5 7 9 16 13 9992853.915729925
 1280 5 6 11 15 13 1.0001379702365136E7
 1281 6 7 9 15 13 1.0011681101167342E7
 1282 6 6 10 15 13 1.0020367949152417E7
 1283 5 6 10 16 13 1.0028642244435096E7
 1284 5 7 10 15 13 1.003782490884991E7
 1285 5 8 10 14 13 1.0048374028594924E7
 1286 6 6 11 14 13 1.0058656541534035E7
 1287 6 6 11 14 13 1.006788449443813E7
 1288 4 7 11 15 13 1.0078233922269424E7
 1289 4 7 11 15 13 1.0088165724128323E7
 1290 5 6 11 15 13 1.009715344459214E7
 1291 5 6 10 15 14 1.0105567429987984E7
 1292 4 7 10 15 14 1.0113775165592927E7
 1293 4 7 11 14 14 1.0123760360681677E7
 1294 5 6 10 15 14 1.0132617881793989E7
 1295 5 6 9 16 14 1.0141564247533495E7
 1296 5 6 9 16 14 1.0151025438054286E7
 1297 5 6 9 16 14 1.0159751800657433E7
 1298 5 8 8 15 14 1.0169646703401418E7
 1299 5 7 9 15 14 1.0178862298884029E7
 1300 5 6 10 16 13 1.0188254089840785E7
 1301 4 7 10 16 13 1.0198235081727406E7
 1302 4 7 10 16 13 1.0207381693287514E7
 1303 5 6 10 16 13 1.0216175533564009E7
 1304 5 6 10 16 13 1.0225994375672773E7
 1305 5 6 10 16 13 1.0234653068032961E7
 1306 5 6 10 16 13 1.0243578149454134E7
 1307 5 6 11 15 13 1.0252845323549656E7
 1308 5 6 12 14 13 1.026221251113616E7
 1309 4 7 11 15 13 1.0272446184347207E7
 1310 4 7 10 16 13 1.0282182743961869E7
 1311 6 6 10 15 13 1.0291389955208993E7
 1312 6 6 10 15 13 1.030179953961689E7
 1313 5 6 10 16 13 1.0311021633836012E7
 1314 5 6 10 16 13 1.0319896502861613E7
 1315 5 6 10 16 13 1.0329805774160502E7
 1316 4 7 10 16 13 1.0338517694756573E7
 1317 4 7 10 16 13 1.0348212453567712E7
 1318 4 7 10 16 13 1.0357669369433051E7
 1319 5 6 10 16 13 1.0367140913500274E7
 1320 5 7 9 16 13 1.0376827946735911E7
 1321 5 6 10 16 13 1.0385584994988406E7
 1322 4 7 11 15 13 1.0395906039467843E7
 1323 4 7 11 15 13 1.0405417799707007E7
 1324 4 7 10 16 13 1.0414552971818738E7
 1325 5 7 9 15 14 1.0424154671084376E7
 1326 5 6 10 15 14 1.0433482610418636E7
 1327 5 6 9 16 14 1.044296337326529E7
 1328 5 6 9 16 14 1.0451493048181212E7
 1329 5 6 10 15 14 1.0460673363289988E7
 1330 5 6 10 15 14 1.047034601081977E7
 1331 5 6 10 15 14 1.0479566857867766E7
 1332 5 7 9 15 14 1.0488208209860444E7
 1333 5 6 10 15 14 1.0496522322603459E7
 1334 6 6 9 15 14 1.0505723931053981E7
 1335 6 6 9 15 14 1.0515518046833754E7
 1336 5 6 9 15 15 1.052353095491591E7
 1337 5 7 8 16 14 1.0531238593541175E7
 1338 4 8 8 16 14 1.0540488297030147E7
 1339 5 6 9 16 14 1.0548833083567062E7
 1340 4 7 9 16 14 1.055729159756274E7
 1341 4 7 10 15 14 1.0565287491401419E7
 1342 4 7 10 15 14 1.0574017905554399E7
 1343 4 7 10 15 14 1.0582960710046113E7
 1344 5 6 11 14 14 1.0592878133318558E7
 1345 5 6 10 15 14 1.0600647459688026E7
 1346 6 6 10 14 14 1.0610343087430838E7
 1347 5 6 10 15 14 1.0619911642589085E7
 1348 6 6 10 14 14 1.06296692066284E7
 1349 6 6 10 14 14 1.0639428222956367E7
 1350 5 6 10 15 14 1.0648582125827722E7
 1351 6 6 10 14 14 1.0658057521026248E7
 1352 6 6 10 14 14 1.0667311995309278E7
 1353 5 7 10 14 14 1.0677140678332118E7
 1354 6 6 10 14 14 1.0686006319034861E7
 1355 6 6 10 14 14 1.0696313045130992E7
 1356 5 6 10 15 14 1.0705428745242693E7
 1357 5 6 10 15 14 1.071490427233772E7
 1358 5 7 9 15 14 1.072224085861457E7
 1359 4 8 9 15 14 1.0731150510957848E7
 1360 4 8 9 15 14 1.0739905435657544E7
 1361 4 7 10 15 14 1.0748309110723259E7
 1362 4 8 9 15 14 1.0756466538795477E7
 1363 4 8 9 15 14 1.0765497538757846E7
 1364 5 7 9 15 14 1.077457456634372E7
 1365 5 6 10 15 14 1.07835980302284E7
 1366 4 7 10 15 14 1.0792231522289839E7
 1367 5 6 11 14 14 1.0801108927658245E7
 1368 5 7 9 15 14 1.0809842708701791E7
 1369 4 8 9 14 15 1.0819076378784986E7
 1370 5 6 10 15 14 1.0827215521531653E7
 1371 5 7 9 15 14 1.0836660024031032E7
 1372 5 6 11 14 14 1.0844980189815061E7
 1373 4 7 11 14 14 1.0855148869791722E7
 1374 5 7 9 15 14 1.0864251105199456E7
 1375 5 6 10 15 14 1.087363778306281E7
 1376 4 7 10 15 14 1.0883731329049885E7
 1377 5 7 10 14 14 1.0892842123624995E7
 1378 5 7 10 14 14 1.0901751943887847E7
 1379 5 7 9 15 14 1.0911395884940403E7
 1380 5 7 8 16 14 1.0919932675490046E7
 1381 6 7 8 15 14 1.0928572023381414E7
 1382 5 6 10 15 14 1.0937520378232252E7
 1383 5 6 9 16 14 1.0946776528679388E7
 1384 6 6 9 15 14 1.095562004604738E7
 1385 6 6 9 15 14 1.0964872923972856E7
 1386 5 7 9 15 14 1.0975067733491205E7
 1387 4 7 9 16 14 1.098307530292717E7
 1388 4 8 8 16 14 1.0992470669187523E7
 1389 5 6 9 16 14 1.1000799159340177E7
 1390 5 7 8 16 14 1.1009804263861673E7
 1391 5 6 9 16 14 1.1019454941903977E7
 1392 5 6 9 16 14 1.1029018665860094E7
 1393 5 6 9 16 14 1.1037668521971386E7
 1394 5 6 9 16 14 1.104759825035161E7
 1395 5 6 9 16 14 1.1057680374132741E7
 1396 5 6 9 16 14 1.106739468428108E7
 1397 5 6 9 16 14 1.1077346465569187E7
 1398 4 7 9 16 14 1.1085564648577657E7
 1399 4 8 8 16 14 1.1093294497833548E7
 1400 4 8 8 16 14 1.11026053757739E7
 1401 6 6 10 14 14 1.1112048499529386E7
 1402 5 6 9 15 15 1.1120338215198731E7
 1403 5 7 8 16 14 1.11304756753145E7
 1404 5 7 8 16 14 1.1139684087109752E7
 1405 5 7 8 16 14 1.1148945899898255E7
 1406 5 7 9 15 14 1.1157915276862957E7
 1407 5 6 10 15 14 1.1166627265429849E7
 1408 5 6 9 16 14 1.1175525599746613E7
 1409 5 6 10 15 14 1.1184376040730562E7
 1410 5 6 9 16 14 1.1193421059345447E7
 1411 5 6 9 16 14 1.1202127935798183E7
 1412 5 7 8 16 14 1.1209893837264912E7
 1413 5 7 8 16 14 1.1218224420681043E7
 1414 5 6 9 16 14 1.1226282751161909E7
 1415 5 6 10 15 14 1.123523619354691E7
 1416 5 7 8 16 14 1.1243724178228168E7
 1417 5 6 9 16 14 1.1253727904649744E7
 1418 5 6 9 16 14 1.12616572833606E7
 1419 5 6 10 15 14 1.1270416049687784E7
 1420 5 6 10 15 14 1.1278896258502321E7
 1421 5 7 8 16 14 1.1286882322671654E7
 1422 5 7 8 16 14 1.1295256036305318E7
 1423 5 7 9 15 14 1.1304593915839698E7
 1424 6 6 10 15 13 1.1314844515250716E7
 1425 4 7 10 16 13 1.1322888535850119E7
 1426 4 7 9 16 14 1.1332197757063352E7
 1427 4 7 10 15 14 1.134058947259684E7
 1428 4 7 10 15 14 1.1350606291503498E7
 1429 5 6 10 15 14 1.1359701998900717E7
 1430 6 6 11 14 13 1.1369718339214373E7
 1431 5 7 10 15 13 1.1377769581786206E7
 1432 5 6 11 15 13 1.1387507034253215E7
 1433 5 7 10 15 13 1.1396492421224914E7
 1434 5 7 10 15 13 1.140588334407584E7
 1435 5 6 11 15 13 1.1415215660726478E7
 1436 6 6 10 14 14 1.1425522780047664E7
 1437 6 6 9 14 15 1.1434644712962788E7
 1438 5 6 10 15 14 1.1445650273151211E7
 1439 5 6 9 16 14 1.1455121183080105E7
 1440 5 5 10 16 14 1.146429421052737E7
 1441 5 6 9 16 14 1.1473595269384637E7
 1442 5 6 9 16 14 1.1483223347979607E7
 1443 6 6 9 15 14 1.1492323544413293E7
 1444 6 7 8 15 14 1.1501949663022656E7
 1445 5 6 9 16 14 1.1510981097599734E7
 1446 5 5 11 16 13 1.1520575588790452E7
 1447 5 6 10 16 13 1.153111866755731E7
 1448 5 7 9 16 13 1.154097551697091E7
 1449 5 7 9 16 13 1.155051377401118E7
 1450 5 7 9 16 13 1.1559934047276571E7
 1451 5 6 10 16 13 1.1570578705698336E7
 1452 5 6 10 16 13 1.1579264334765742E7
 1453 5 6 11 15 13 1.158798990671208E7
 1454 5 7 10 15 13 1.1597772092968112E7
 1455 5 7 11 14 13 1.1607930724092273E7
 1456 5 7 10 15 13 1.1617279244198285E7
 1457 5 7 10 15 13 1.1626075557986472E7
 1458 5 6 11 15 13 1.1635722903568134E7
 1459 5 6 11 15 13 1.1643947809948932E7
 1460 5 7 10 15 13 1.1653587575851073E7
 1461 5 6 11 15 13 1.1662361868161565E7
 1462 5 7 10 15 13 1.167082048437098E7
 1463 5 7 10 15 13 1.1680324800199183E7
 1464 5 7 10 15 13 1.1689459777783535E7
 1465 5 6 11 15 13 1.169878372819589E7
 1466 5 7 10 15 13 1.1707220061868377E7
 1467 4 7 11 14 14 1.1717120247913888E7
 1468 6 6 11 14 13 1.1725904625709586E7
 1469 6 7 9 14 14 1.1735152347507682E7
 1470 6 7 9 14 14 1.174485918426201E7
 1471 5 7 9 15 14 1.1752886295238426E7
 1472 5 7 9 15 14 1.176162041606691E7
 1473 5 6 10 15 14 1.1770122114928728E7
 1474 5 7 9 15 14 1.1778825444868192E7
 1475 5 7 9 15 14 1.1787308461696036E7
 1476 5 6 10 15 14 1.1796317248202467E7
 1477 5 6 10 15 14 1.1804627064229915E7
 1478 5 7 9 15 14 1.1812738740760082E7
 1479 5 7 8 16 14 1.1821295043082705E7
 1480 4 6 10 16 14 1.1828708321344675E7
 1481 5 7 8 16 14 1.1837861872828733E7
 1482 4 6 10 16 14 1.1844877210455455E7
 1483 6 7 8 15 14 1.1854245890239896E7
 1484 6 6 10 14 14 1.186320225846156E7
 1485 5 6 10 15 14 1.1872281083301477E7
 1486 5 7 9 15 14 1.1881226750806646E7
 1487 5 6 9 16 14 1.1889749844620885E7
 1488 5 7 8 16 14 1.189750374889247E7
 1489 5 7 8 16 14 1.1905954290252915E7
 1490 4 8 9 15 14 1.1914671418991772E7
 1491 5 7 10 14 14 1.1923797846736288E7
 1492 5 8 9 14 14 1.1932930621147962E7
 1493 6 7 9 14 14 1.1941702052106535E7
 1494 5 7 9 15 14 1.1950402598623192E7
 1495 5 6 11 14 14 1.1959602718266634E7
 1496 5 7 9 15 14 1.1968439662990103E7
 1497 5 7 9 14 15 1.1977854542827394E7
 1498 4 6 11 15 14 1.1986501341578294E7
 1499 5 7 9 15 14 1.1996466509819046E7
 1500 5 6 10 15 14 1.2006949888135416E7
 1501 5 6 11 15 13 1.2015454439402757E7
 1502 5 7 10 15 13 1.202463282283603E7
 1503 5 7 10 15 13 1.2034584076493653E7
 1504 6 6 11 14 13 1.204414003543995E7
 1505 5 8 10 14 13 1.2054660614789484E7
 1506 5 6 11 15 13 1.206424020787183E7
 1507 4 7 11 15 13 1.2073325079802582E7
 1508 5 6 11 15 13 1.2083031089215627E7
 1509 5 7 9 16 13 1.2091875873557074E7
 1510 5 6 10 16 13 1.2101097084496742E7
 1511 5 7 9 16 13 1.2110341880858015E7
 1512 5 7 9 16 13 1.2119827592980385E7
 1513 5 6 10 16 13 1.2127195266717043E7
 1514 5 7 10 15 13 1.2136301689335892E7
 1515 4 7 10 16 13 1.2144444827246852E7
 1516 6 7 10 14 13 1.2154639554664128E7
 1517 6 7 9 14 14 1.216381087393449E7
 1518 6 6 9 15 14 1.21735815307222E7
 1519 4 7 9 16 14 1.2182259244369356E7
 1520 4 7 9 16 14 1.219193784086499E7
 1521 5 6 9 16 14 1.2200040020091329E7
 1522 5 6 9 16 14 1.22096146312635E7
 1523 5 7 8 16 14 1.221959118981749E7
 1524 5 6 9 15 15 1.2229102381464448E7
 1525 4 7 10 15 14 1.2237254154331045E7
 1526 4 7 11 14 14 1.2245821004501738E7
 1527 4 7 10 15 14 1.2254480080063641E7
 1528 5 6 9 16 14 1.2263602906037264E7
 1529 5 6 9 16 14 1.2272538647304188E7
 1530 5 6 9 16 14 1.228115691153209E7
 1531 5 6 9 16 14 1.2290348276049096E7
 1532 5 6 9 16 14 1.2298804632552708E7
 1533 5 6 9 16 14 1.2307985863145888E7
 1534 5 6 9 16 14 1.231572544553536E7
 1535 5 6 9 16 14 1.2325233306972547E7
 1536 7 5 9 15 14 1.2333725964519767E7
 1537 5 6 10 15 14 1.2342922081497617E7
 1538 5 8 10 13 14 1.2352306813612413E7
 1539 6 6 10 14 14 1.2361525185671851E7
 1540 5 6 10 15 14 1.2370464083339369E7
 1541 6 7 9 14 14 1.237821852269785E7
 1542 6 7 9 14 14 1.238646754796879E7
 1543 6 6 10 14 14 1.2396467696173342E7
 1544 5 7 10 14 14 1.2405460444829883E7
 1545 4 8 9 15 14 1.2415169021803748E7
 1546 5 6 9 16 14 1.2423518574561112E7
 1547 5 6 9 16 14 1.2433017720040552E7
 1548 5 6 9 15 15 1.2441931960726012E7
 1549 4 7 9 16 14 1.2450529918861577E7
 1550 5 7 9 15 14 1.245870660374657E7
 1551 6 7 8 15 14 1.2468164038518667E7
 1552 4 7 9 16 14 1.247689174629709E7
 1553 4 7 10 15 14 1.2486483700312871E7
 1554 4 7 9 16 14 1.2495287242860954E7
 1555 5 6 9 16 14 1.2504163647342836E7
 1556 6 6 9 15 14 1.2512841130439317E7
 1557 5 7 8 16 14 1.2521346995227508E7
 1558 5 7 8 16 14 1.253058349814197E7
 1559 5 6 9 16 14 1.2539058322632812E7
 1560 5 6 9 16 14 1.2548001785618355E7
 1561 5 6 10 15 14 1.2556717982029743E7
 1562 5 6 10 15 14 1.2564987054611502E7
 1563 6 6 10 14 14 1.2573422624233222E7
 1564 5 6 10 15 14 1.258175018522588E7
 1565 5 7 9 15 14 1.2589695622711454E7
 1566 5 7 9 15 14 1.2598302588615203E7
 1567 5 6 10 15 14 1.260583802996918E7
 1568 6 6 10 14 14 1.261572914730302E7
 1569 4 7 10 15 14 1.262360164717439E7
 1570 4 7 10 15 14 1.2632497575067699E7
 1571 5 6 11 14 14 1.2640899306085678E7
 1572 4 7 10 14 15 1.2650344145018626E7
 1573 5 6 10 15 14 1.265821592775299E7
 1574 5 6 9 16 14 1.2665753952305138E7
 1575 6 6 10 14 14 1.2675504407679986E7
 1576 6 6 10 14 14 1.2684999904347153E7
 1577 6 6 10 14 14 1.2695508012127295E7
 1578 5 6 11 14 14 1.2704400295883024E7
 1579 4 7 11 14 14 1.2713211318033312E7
 1580 5 6 10 15 14 1.2721904742047716E7
 1581 4 7 10 15 14 1.2729865134494103E7
 1582 4 7 10 15 14 1.2739297955363587E7
 1583 5 6 10 15 14 1.274758607359015E7
 1584 4 7 10 15 14 1.2756978550299281E7
 1585 5 6 10 15 14 1.276598499236272E7
 1586 4 7 10 15 14 1.277498134346057E7
 1587 5 7 10 14 14 1.2784216258805396E7
 1588 5 7 9 15 14 1.2794550175497746E7
 1589 5 6 10 15 14 1.2803377432557926E7
 1590 5 7 9 15 14 1.2811598415144699E7
 1591 4 8 9 15 14 1.282048007149474E7
 1592 5 7 9 15 14 1.2830119237229746E7
 1593 5 6 10 15 14 1.283850666677385E7
 1594 5 6 10 15 14 1.2848257304948438E7
 1595 5 6 10 14 15 1.2857620948402405E7
 1596 5 6 10 15 14 1.2867467372855641E7
 1597 5 6 10 15 14 1.2876676935506891E7
 1598 5 6 10 15 14 1.2886197575214244E7
 1599 5 6 9 16 14 1.2895961866268732E7
 1600 5 6 10 15 14 1.2905358191024654E7
 1601 5 6 10 15 14 1.2915223051622605E7
 1602 4 7 10 15 14 1.2923702041527553E7
 1603 5 6 10 15 14 1.2933055986148436E7
 1604 6 7 9 14 14 1.2942851214441739E7
 1605 6 7 8 15 14 1.2953026072918294E7
 1606 4 8 9 15 14 1.2962360714148007E7
 1607 5 6 10 15 14 1.2971130650869206E7
 1608 5 6 10 15 14 1.2979258302163918E7
 1609 4 8 8 16 14 1.2988279495687408E7
 1610 4 8 8 16 14 1.2997151134938365E7
 1611 4 8 8 16 14 1.3007065053851068E7
 1612 5 6 10 15 14 1.301705283336153E7
 1613 6 7 9 14 14 1.3026571317357184E7
 1614 5 7 9 15 14 1.3036078436052954E7
 1615 5 6 9 16 14 1.3043886010574067E7
 1616 5 6 9 16 14 1.3052654451105952E7
 1617 5 6 9 16 14 1.3061487898698129E7
 1618 5 6 9 16 14 1.30718005914868E7
 1619 5 6 9 16 14 1.3080167543466706E7
 1620 6 6 9 15 14 1.3089799510263333E7
 1621 5 6 9 16 14 1.3097479360928986E7
 1622 5 6 10 14 15 1.310660953885225E7
 1623 5 6 10 15 14 1.3115680692664206E7
 1624 5 7 9 15 14 1.3124365783943705E7
 1625 5 6 10 15 14 1.3133510988071773E7
 1626 5 7 8 16 14 1.3142865335542489E7
 1627 5 7 8 16 14 1.315172694167962E7
 1628 5 6 9 16 14 1.3161866463887598E7
 1629 5 6 9 16 14 1.3171521667668547E7
 1630 5 6 10 15 14 1.3181957831756465E7
 1631 5 6 10 15 14 1.3191559194259603E7
 1632 4 7 9 16 14 1.3200274816414911E7
 1633 4 7 9 16 14 1.3208973824708905E7
 1634 5 7 8 16 14 1.3218029165332098E7
 1635 5 6 9 16 14 1.3226371020199392E7
 1636 4 8 9 15 14 1.323466415412745E7
 1637 4 8 10 14 14 1.3244648677178185E7
 1638 4 7 9 16 14 1.3252508139540631E7
 1639 5 6 9 16 14 1.3260550998666804E7
 1640 5 7 8 16 14 1.3269383019944556E7
 1641 5 7 9 15 14 1.3278781906429552E7
 1642 6 6 10 14 14 1.3287608245923292E7
 1643 6 7 8 15 14 1.3295872782919297E7
 1644 6 7 9 14 14 1.33048475648703E7
 1645 6 7 8 15 14 1.3313181290151963E7
 1646 6 7 8 15 14 1.3321001809440244E7
 1647 6 7 8 15 14 1.332933552957929E7
 1648 6 7 9 14 14 1.3337877326851957E7
 1649 6 7 9 14 14 1.334671736444315E7
 1650 5 7 10 14 14 1.335565021811404E7
 1651 5 6 10 15 14 1.3364842681697275E7
 1652 5 6 10 14 15 1.337357352618582E7
 1653 5 6 10 15 14 1.3382560050729088E7
 1654 5 6 10 15 14 1.3390710376377303E7
 1655 5 7 8 16 14 1.339856102423094E7
 1656 5 6 9 16 14 1.3406755609526997E7
 1657 5 6 9 16 14 1.3415152573296996E7
 1658 5 7 8 16 14 1.3423153712590227E7
 1659 5 6 9 16 14 1.3431010547298763E7
 1660 5 6 9 16 14 1.3438808437214412E7
 1661 5 7 8 16 14 1.3447164036957772E7
 1662 4 7 9 16 14 1.3455630909082685E7
 1663 5 6 9 16 14 1.3463391167759376E7
 1664 4 6 10 16 14 1.3471668848926568E7
 1665 5 6 9 16 14 1.3479959246844465E7
 1666 5 6 9 16 14 1.3488486807302928E7
 1667 5 6 9 16 14 1.3498041744562957E7
 1668 5 6 9 16 14 1.3505824443488054E7
 1669 4 7 10 15 14 1.3516009392824078E7
 1670 5 6 10 15 14 1.3524563316334922E7
 1671 5 6 10 15 14 1.353237077970457E7
 1672 5 7 8 16 14 1.35409706784227E7
 1673 5 6 10 15 14 1.3550300887429811E7
 1674 5 6 10 15 14 1.3558689627850864E7
 1675 5 6 10 15 14 1.356713825201784E7
 1676 5 6 10 15 14 1.3575475451926265E7
 1677 6 6 9 15 14 1.3585307386532357E7
 1678 6 6 9 15 14 1.359429322203427E7
 1679 6 6 9 15 14 1.3603904465815034E7
 1680 4 7 9 16 14 1.361299812200471E7
 1681 5 6 9 16 14 1.362214882631473E7
 1682 4 6 10 16 14 1.3631341587465685E7
 1683 5 6 9 16 14 1.36400842976616E7
 1684 5 6 9 16 14 1.3649217363091577E7
 1685 5 7 8 16 14 1.3657753319950197E7
 1686 5 7 8 16 14 1.3666032386868231E7
 1687 5 7 8 15 15 1.3674883665168984E7
 1688 5 6 10 15 14 1.3683450454832755E7
 1689 4 7 9 16 14 1.3692431193027372E7
 1690 5 7 9 15 14 1.370123848766202E7
 1691 6 6 9 15 14 1.371113505853144E7
 1692 5 6 9 16 14 1.3719788625706365E7
 1693 5 6 9 16 14 1.3729079215960454E7
 1694 5 6 9 16 14 1.3738523737454254E7
 1695 11 18 8 1 12 33287.37231745625
 1696 10 15 11 1 13 39482.18337676008
 1697 10 14 11 2 13 46054.545792163684
 1698 11 13 11 2 13 51479.56743494717
 1699 10 16 10 2 12 57693.58467364914
 1700 10 15 10 2 13 64508.121092629095
 1701 11 14 11 2 12 70354.17229584945
 1702 10 17 9 2 12 77246.75431167497
 1703 10 16 10 2 12 83957.18612905667
 1704 9 15 11 2 13 91423.33486862709
 1705 9 15 13 2 11 97915.15345205054
 1706 7 18 10 2 13 104641.03575622244
 1707 10 15 11 2 12 110523.84719555744
 1708 11 13 11 2 13 116036.28484389657
 1709 9 16 10 2 13 121399.31659693642
 1710 8 17 10 2 13 127122.83238643853
 1711 9 17 8 2 14 133074.6975585884
 1712 9 12 19 1 9 147614.9256257453
 1713 8 13 17 2 10 163165.2501648731
 1714 7 13 17 2 11 179003.18493197628
 1715 8 12 16 3 11 192455.25984094662
 1716 8 12 15 3 12 204295.92934080242
 1717 8 13 13 3 13 218840.92102748808
 1718 8 11 15 3 13 231356.25661685143
 1719 7 15 12 3 13 245015.30503789065
 1720 8 15 11 3 13 258158.90668392886
 1721 8 13 12 3 14 270424.33097245457
 1722 8 15 10 3 14 282777.78646015795
 1723 7 18 8 3 14 296638.4784312227
 1724 6 13 15 3 13 310298.81670994195
 1725 7 15 12 3 13 322977.2626872004
 1726 8 15 11 3 13 336809.4369389408
 1727 8 14 12 3 13 349375.5698547835
 1728 8 13 13 3 13 362550.5520135919
 1729 8 14 12 3 13 375598.7557691818
 1730 9 12 14 3 12 389514.87174360594
 1731 7 12 15 3 13 403834.60991485784
 1732 7 14 15 2 12 417674.6696300768
 1733 7 15 12 3 13 432059.6679790962
 1734 7 13 14 3 13 445502.6502314744
 1735 8 12 14 3 13 458990.65476421925
 1736 7 13 13 3 14 471738.37270927476
 1737 7 14 12 3 14 485135.9558601827
 1738 7 13 13 3 14 499440.3047941141
 1739 7 12 14 3 14 513108.46854347317
 1740 7 15 11 3 14 527286.9943573804
 1741 6 13 14 3 14 540758.5312133597
 1742 8 13 12 3 14 554869.2548570912
 1743 8 13 12 3 14 570245.6644343319
 1744 8 11 16 3 12 583439.3498883232
 1745 7 13 14 3 13 597089.4224579522
 1746 7 13 14 3 13 609837.6081909048
 1747 8 15 10 3 14 623099.2162635899
 1748 6 14 13 3 14 637105.2703797943
 1749 7 13 13 3 14 651630.9617631964
 1750 7 13 13 3 14 664694.796752924
 1751 6 15 12 3 14 677389.9415843287
 1752 8 13 12 3 14 691528.482404273
 1753 9 11 14 2 14 705146.0392696122
 1754 9 10 15 2 14 719127.245172085
 1755 9 11 13 3 14 732928.9407380964
 1756 8 10 15 3 14 746385.1452803978
 1757 8 11 14 3 14 760582.8391714776
 1758 7 12 14 3 14 773470.8318340661
 1759 8 13 12 3 14 785229.6557163419
 1760 9 13 11 3 14 798273.1064418226
 1761 7 16 10 3 14 811760.015536139
 1762 8 13 12 3 14 825675.6029857411
 1763 6 12 16 2 14 839231.793246705
 1764 6 15 12 3 14 853363.6424856528
 1765 8 12 13 3 14 868042.2260040321
 1766 8 13 13 3 13 881424.540230768
 1767 7 14 12 3 14 895936.3240196151
 1768 8 12 13 3 14 909709.4584154136
 1769 8 13 13 3 13 923543.9852484602
 1770 7 14 14 3 12 938037.0179522746
 1771 8 13 13 3 13 952866.2537473612
 1772 8 11 15 3 13 967433.6656394086
 1773 8 12 14 3 13 981655.8123514844
 1774 8 13 13 3 13 995973.0897617425
 1775 8 12 14 3 13 1009929.8890864803
 1776 7 13 14 3 13 1023975.3149354144
 1777 8 13 13 3 13 1037225.4757800683
 1778 9 12 13 3 13 1051069.7160823308
 1779 8 14 12 3 13 1063764.3053472228
 1780 7 16 11 3 13 1078100.4885590866
 1781 9 10 15 3 13 1091480.9435913884
 1782 9 10 16 2 13 1106353.1428326245
 1783 8 11 15 3 13 1121554.379756991
 1784 7 12 15 3 13 1135176.556464023
 1785 8 12 14 3 13 1149281.2513075543
 1786 6 13 15 3 13 1163542.3204590208
 1787 8 11 15 3 13 1178423.7228392372
 1788 8 11 15 3 13 1192914.1180500365
 1789 7 12 15 3 13 1205696.0612104814
 1790 8 14 12 3 13 1220260.087255483
 1791 6 13 15 3 13 1234877.345233677
 1792 8 12 14 3 13 1248728.6799255267
 1793 7 13 14 3 13 1263125.7621535354
 1794 8 11 15 3 13 1277548.352203816
 1795 7 12 15 3 13 1291889.0933667102
 1796 8 13 15 2 12 1306339.756410773
 1797 7 12 15 3 13 1320353.9536729027
 1798 8 12 14 3 13 1336173.4553052792
 1799 6 12 16 3 13 1350385.6423359076
 1800 8 12 14 3 13 1363669.1992698836
 1801 7 16 11 3 13 1378018.6850100262
 1802 8 14 12 3 13 1391789.3450241203
 1803 8 15 11 3 13 1404032.9538457678
 1804 8 16 10 3 13 1418160.1407325845
 1805 8 13 13 3 13 1432374.3658572256
 1806 7 11 16 3 13 1446946.4561634976
 1807 9 11 14 3 13 1460680.3890803906
 1808 8 12 13 3 14 1473983.4018926183
 1809 7 13 14 3 13 1487146.5722838684
 1810 8 14 11 3 14 1500636.8239286244
 1811 6 12 15 3 14 1514845.4409967763
 1812 7 14 12 3 14 1528037.661710467
 1813 9 13 12 3 13 1540833.2618144676
 1814 8 12 14 3 13 1553820.0504944967
 1815 8 13 13 3 13 1567947.5545351803
 1816 9 13 12 3 13 1581528.7220120076
 1817 8 13 13 3 13 1594408.6333030837
 1818 10 12 12 2 14 1607774.949660795
 1819 9 11 14 2 14 1622185.4583349514
 1820 9 10 15 2 14 1636178.1167767954
 1821 8 11 15 3 13 1650289.6193653955
 1822 8 13 13 3 13 1664376.0454584665
 1823 8 14 12 3 13 1677037.0387198932
 1824 7 16 10 3 14 1691575.2817267124
 1825 8 13 12 3 14 1704732.0473474017
 1826 8 12 13 3 14 1718859.5488034063
 1827 8 13 12 3 14 1733102.1722141295
 1828 8 13 12 3 14 1747148.6937744024
 1829 8 14 12 3 13 1761660.7984966165
 1830 8 13 13 3 13 1775566.583834583
 1831 8 13 12 3 14 1790279.1943975992
 1832 7 13 15 2 13 1804873.8644378674
 1833 8 13 13 3 13 1818447.1839287449
 1834 8 10 16 3 13 1831865.5578734663
 1835 8 13 13 3 13 1845618.6162817518
 1836 8 13 12 3 14 1858427.5558485477
 1837 8 12 13 3 14 1871206.4711506055
 1838 7 13 13 3 14 1884722.3415991766
 1839 8 11 14 3 14 1897186.2961247405
 1840 8 13 13 3 13 1909860.8695283525
 1841 7 16 11 3 13 1923720.190049029
 1842 8 15 11 3 13 1937882.0358812131
 1843 8 12 14 3 13 1951693.73231845
 1844 7 14 13 3 13 1964695.1312910873
 1845 8 15 11 3 13 1978135.3202140387
 1846 8 14 12 3 13 1990539.6446439675
 1847 8 14 13 2 13 2004242.3005114822
 1848 8 14 12 3 13 2017767.299325309
 1849 8 12 15 2 13 2032457.5778632495
 1850 8 13 13 3 13 2046549.7226599974
 1851 8 14 13 3 12 2060047.9042960096
 1852 7 14 14 3 12 2072971.8393986828
 1853 8 16 11 3 12 2087311.8666854363
 1854 7 12 15 3 13 2102100.0681174486
 1855 10 9 15 3 13 2116392.906799356
 1856 8 11 15 3 13 2130433.190167888
 1857 8 11 15 3 13 2144264.6701754592
 1858 7 13 14 3 13 2158392.9015296483
 1859 8 13 13 3 13 2172917.350986233
 1860 8 13 13 3 13 2187096.873567386
 1861 8 12 14 3 13 2200950.321415081
 1862 8 12 14 3 13 2216023.7125035706
 1863 8 12 14 3 13 2229284.2004729477
 1864 8 15 12 3 12 2241735.888284711
 1865 8 14 14 2 12 2256917.9130772855
 1866 7 14 15 2 12 2272362.2115758196
 1867 7 11 17 3 12 2287629.2044093073
 1868 7 12 16 3 12 2301715.8902782383
 1869 9 11 15 3 12 2315707.933367217
 1870 8 12 15 3 12 2330652.5208446397
 1871 8 12 15 3 12 2345110.1281270646
 1872 9 12 14 3 12 2359123.858978651
 1873 8 14 13 3 12 2372203.517152396
 1874 9 13 13 3 12 2386053.389811473
 1875 7 14 15 3 11 2400714.4823985267
 1876 8 13 15 3 11 2416477.15965702
 1877 8 11 17 3 11 2431515.908480413
 1878 8 12 17 3 10 2446462.652167194
 1879 6 15 16 3 10 2460718.0092059807
 1880 9 12 15 3 11 2476120.762945542
 1881 8 12 16 3 11 2490421.3284732983
 1882 8 14 14 3 11 2504976.1081834007
 1883 8 15 12 3 12 2520120.5501895696
 1884 8 14 14 3 11 2534552.884262108
 1885 8 15 13 3 11 2548690.3178062453
 1886 8 15 13 3 11 2563594.6158364885
 1887 8 13 15 2 12 2577501.7251791
 1888 8 15 12 2 13 2591919.1573356795
 1889 8 13 13 3 13 2606028.605756123
 1890 8 13 12 3 14 2619636.2869643397
 1891 8 13 12 3 14 2634213.186772561
 1892 8 12 13 3 14 2647493.8463649764
 1893 8 13 12 3 14 2661729.860587024
 1894 7 14 12 3 14 2674993.2398380367
 1895 8 14 11 3 14 2688897.6234324807
 1896 8 13 12 3 14 2702719.915535106
 1897 9 11 13 3 14 2716629.41945295
 1898 8 12 13 3 14 2729604.631336404
 1899 6 15 12 3 14 2743183.9004472266
 1900 7 14 12 3 14 2756910.8847226184
 1901 7 12 14 3 14 2768623.0087854387
 1902 8 17 8 3 14 2781888.2637172337
 1903 7 15 11 3 14 2794978.7019650186
 1904 8 15 10 3 14 2808716.3924244833
 1905 8 13 13 3 13 2823417.9686983423
 1906 8 11 15 3 13 2836808.8444748567
 1907 8 13 13 3 13 2850669.4518406033
 1908 7 13 14 3 13 2864389.4955139137
 1909 7 14 13 3 13 2877978.340209415
 1910 8 13 13 2 14 2892282.3000360476
 1911 7 12 15 2 14 2905911.8666675333
 1912 8 13 12 3 14 2919158.1865279656
 1913 8 12 13 3 14 2932966.287074013
 1914 8 13 13 3 13 2946720.773696557
 1915 8 12 13 3 14 2960184.560725629
 1916 9 12 12 3 14 2973673.2195938095
 1917 8 13 12 3 14 2987485.5196557916
 1918 8 13 13 2 14 3002329.2572973943
 1919 7 14 12 3 14 3016888.727045447
 1920 7 14 13 3 13 3031818.82277888
 1921 8 12 15 3 12 3046769.1201122426
 1922 8 13 14 3 12 3060080.5959077356
 1923 8 15 12 3 12 3075004.565958724
 1924 7 12 16 3 12 3088245.97951405
 1925 8 13 14 3 12 3103328.5527078467
 1926 7 13 14 3 13 3117383.160613237
 1927 7 14 13 3 13 3130399.287604473
 1928 8 16 10 3 13 3144831.4424328287
 1929 8 13 14 2 13 3159803.581209534
 1930 8 11 16 2 13 3172883.739163639
 1931 8 14 12 3 13 3186436.1871352945
 1932 7 13 13 3 14 3200332.3329879357
 1933 8 14 12 3 13 3215110.1067128354
 1934 8 11 15 3 13 3229631.1202538097
 1935 8 12 14 3 13 3242470.9630159605
 1936 8 12 14 3 13 3255622.020628687
 1937 7 13 15 3 12 3269147.3254327504
 1938 7 13 15 3 12 3282862.8725058762
 1939 7 12 16 3 12 3294698.834057463
 1940 5 16 15 3 11 3307748.824026246
 1941 6 13 16 3 12 3321322.8968096916
 1942 7 13 15 3 12 3334813.9946887195
 1943 8 12 14 3 13 3348869.25802851
 1944 7 12 16 3 12 3362905.7565405397
 1945 8 11 17 3 11 3374411.970997736
 1946 8 15 11 3 13 3386565.0167598575
 1947 8 16 11 2 13 3399173.464920417
 1948 7 13 15 2 13 3411838.96085325
 1949 8 13 13 3 13 3423964.373672476
 1950 7 13 14 3 13 3435856.5693395888
 1951 9 12 13 3 13 3448133.7402082775
 1952 8 12 13 3 14 3460373.4991135783
 1953 7 13 13 3 14 3473350.4423673837
 1954 7 14 12 3 14 3484998.122165333
 1955 8 15 10 3 14 3497122.150782472
 1956 9 13 11 3 14 3510341.714765998
 1957 8 12 14 3 13 3522686.0764768203
 1958 7 15 12 3 13 3535090.781090123
 1959 7 17 10 3 13 3548088.763760541
 1960 8 12 13 3 14 3561522.804466618
 1961 7 14 13 3 13 3575412.870401262
 1962 9 10 15 3 13 3588090.3226818587
 1963 8 12 14 3 13 3600731.899642991
 1964 9 12 13 3 13 3613807.0444536568
 1965 8 13 13 3 13 3626202.513907361
 1966 8 14 12 3 13 3640006.163070145
 1967 8 12 14 3 13 3653397.6782687306
 1968 9 12 13 3 13 3665953.083093164
 1969 7 13 14 3 13 3678749.3654253487
 1970 7 13 14 3 13 3691349.5773384594
 1971 8 12 15 2 13 3704478.4102958716
 1972 8 14 12 3 13 3716792.8051084275
 1973 8 14 12 3 13 3729092.5677289977
 1974 7 15 12 3 13 3742431.616736957
 1975 7 14 13 3 13 3754159.317528688
 1976 7 16 11 3 13 3767395.3212655988
 1977 7 14 13 3 13 3779948.491431432
 1978 8 15 11 3 13 3792759.431310588
 1979 9 12 13 3 13 3804509.6558298552
 1980 10 12 11 3 14 3815840.612520921
 1981 9 12 12 3 14 3828077.72721294
 1982 10 12 11 3 14 3839644.0156858047
 1983 8 15 10 3 14 3852872.3622348364
 1984 8 12 13 3 14 3864800.3224674333
 1985 8 13 12 3 14 3878468.0798736173
 1986 8 12 13 3 14 3889883.9368543876
 1987 10 13 10 3 14 3902238.377442596
 1988 9 15 9 3 14 3914044.296571548
 1989 9 16 8 3 14 3926415.014217089
 1990 8 14 11 3 14 3938657.7262205654
 1991 7 14 13 2 14 3952117.169933268
 1992 7 14 13 3 13 3964383.3089024997
 1993 8 15 10 3 14 3977234.6220372343
 1994 7 15 11 3 14 3990319.34501206
 1995 8 12 13 3 14 4004444.1122105513
 1996 8 12 13 3 14 4017251.6557468544
 1997 8 12 13 3 14 4030028.027738483
 1998 8 14 11 3 14 4043980.3044932354
 1999 8 12 13 3 14 4056185.926640169
 2000 9 12 12 3 14 4068507.9683794864
 2001 7 14 13 3 13 4081239.953042956
 2002 8 16 10 3 13 4093398.1374513255
 2003 7 14 12 3 14 4106736.6959275277
 2004 7 14 12 3 14 4119144.464767397
 2005 8 14 11 3 14 4133019.6736282837
 2006 8 11 14 3 14 4145647.4486902934
 2007 8 14 11 3 14 4159184.5914425147
 2008 8 13 13 2 14 4171961.3162380797
 2009 9 13 12 2 14 4186154.9039449156
 2010 8 11 14 3 14 4199719.005958793
 2011 6 14 13 3 14 4213070.839923409
 2012 6 15 13 3 13 4225265.821769015
 2013 7 15 12 3 13 4237872.245655888
 2014 6 15 13 3 13 4250266.967380341
 2015 7 14 12 3 14 4262365.01019363
 2016 8 15 10 3 14 4275592.508949266
 2017 9 11 13 3 14 4289305.6630114885
 2018 9 11 13 3 14 4301848.137923904
 2019 8 14 11 3 14 4314682.654046917
 2020 8 13 12 3 14 4327937.09316895
 2021 8 11 14 3 14 4340835.911426698
 2022 8 14 11 3 14 4353693.336363168
 2023 8 13 12 3 14 4367324.192651591
 2024 8 13 13 3 13 4380114.2450263165
 2025 8 13 13 3 13 4393641.820612835
 2026 9 12 14 2 13 4405725.482836767
 2027 10 13 12 2 13 4419280.137572584
 2028 8 11 15 3 13 4433115.708596406
 2029 8 13 13 3 13 4445574.498467033
 2030 7 12 15 3 13 4459545.386539161
 2031 8 11 15 3 13 4473178.821784974
 2032 8 12 14 3 13 4485472.239333924
 2033 9 10 14 3 14 4497318.132652817
 2034 9 13 11 3 14 4507230.280552955
 2035 9 15 9 3 14 4518774.646781126
 2036 8 15 10 3 14 4530757.56399292
 2037 7 15 11 3 14 4542739.628076584
 2038 7 15 11 3 14 4555571.335528609
 2039 8 14 11 3 14 4568968.3963915445