 "ticks" "state 0" "state 1" "state 2" "state 3" "state 4" "bioenergy success"
 0 7 14 8 8 13 25881.327
 1 7 15 4 9 15 37911.809775762034
 2 6 15 6 10 13 49661.24721614082
 3 6 14 6 10 14 61572.05480526192
 4 7 13 5 10 15 72810.56708137812
 5 6 14 5 10 15 84607.6850903102
 6 6 14 5 10 15 96601.77017920533
 7 7 14 5 9 15 109507.43860141242
 8 5 15 6 10 14 121145.49619974176
 9 4 15 6 11 14 133792.75511349845
 10 7 13 6 10 14 146625.5039756354
 11 7 13 6 10 14 158453.18184235418
 12 7 13 6 10 14 170839.11048943514
 13 6 14 6 10 14 182744.89110321077
 14 6 14 4 10 16 195498.67872357884
 15 5 15 5 10 15 207824.7056340636
 16 6 14 5 10 15 220132.7695884606
 17 5 15 5 10 15 231922.84284072166
 18 4 15 5 10 16 244166.47310202115
 19 3 16 5 10 16 257720.44105543572
 20 5 13 4 11 17 269659.0526389969
 21 5 15 4 9 17 282425.4888072284
 22 5 14 4 10 17 294150.9271713466
 23 5 14 4 10 17 306550.89229786006
 24 6 13 4 10 17 319169.96411594946
 25 6 13 4 10 17 331404.8975776394
 26 6 13 4 10 17 344501.936492235
 27 7 13 4 10 16 357158.3391239088
 28 7 13 4 10 16 369954.41806060396
 29 7 13 4 10 16 382238.6379976807
 30 7 13 4 10 16 394567.59495558625
 31 7 13 4 10 16 407296.29816525633
 32 6 15 4 9 16 419958.33687659574
 33 6 14 4 10 16 432364.7147541557
 34 6 13 4 11 16 444770.5880973502
 35 6 14 4 10 16 458359.1005527609
 36 6 13 4 11 16 470906.3524895952
 37 4 14 4 12 16 483579.7199952874
 38 4 14 4 12 16 496209.4621626229
 39 5 14 4 11 16 509214.5804910173
 40 5 14 4 11 16 523100.9939339899
 41 5 15 5 10 15 535926.8496764194
 42 5 15 5 10 15 549632.502691366
 43 4 15 6 11 14 561843.6524608206
 44 6 14 5 10 15 574645.8550118983
 45 5 14 5 11 15 586864.8209270828
 46 4 15 5 11 15 600290.49401108
 47 6 14 4 10 16 614217.3554007668
 48 6 14 4 10 16 627966.3255285952
 49 6 14 4 10 16 641583.0056141381
 50 6 14 5 10 15 654987.3209081895
 51 6 14 5 10 15 667805.780394259
 52 6 15 5 9 15 681943.6930124034
 53 6 14 5 10 15 694878.5346845033
 54 6 14 5 10 15 708203.6819876115
 55 5 14 5 11 15 720196.0141404342
 56 6 14 5 10 15 733449.4034520225
 57 5 14 5 11 15 747378.8882946868
 58 5 14 5 11 15 760845.732254915
 59 6 14 5 10 15 774877.1723745828
 60 6 14 5 10 15 788318.013949033
 61 4 15 5 10 16 802005.2644116222
 62 3 16 5 10 16 816142.3227316274
 63 6 13 5 10 16 828382.6296050218
 64 4 15 5 10 16 841804.6633519745
 65 6 14 5 10 15 854860.2907517855
 66 7 13 5 10 15 868164.0602737335
 67 5 14 5 11 15 881389.0315070611
 68 5 14 5 11 15 894339.9507269552
 69 4 15 5 10 16 907097.8992729138
 70 4 15 5 11 15 920305.8149158017
 71 3 15 5 11 16 933652.0514792742
 72 4 15 5 10 16 946946.8958248567
 73 4 16 5 9 16 960618.3832941268
 74 3 16 5 10 16 974285.0009800203
 75 4 16 5 9 16 988270.5519073679
 76 4 15 5 10 16 1001870.4063675381
 77 6 13 5 10 16 1015198.1743198
 78 6 13 5 10 16 1028611.8270452595
 79 4 14 5 11 16 1042342.0889233993
 80 7 13 5 10 15 1055322.3508452317
 81 7 13 5 10 15 1069049.2409990842
 82 6 14 5 10 15 1082253.8387042037
 83 3 14 5 12 16 1094870.3931208793
 84 4 15 5 10 16 1108513.5353353447
 85 3 16 5 10 16 1121540.1471894283
 86 3 16 5 10 16 1134663.6511250676
 87 5 14 5 10 16 1146917.898385017
 88 5 14 5 10 16 1159773.1365987458
 89 5 14 5 10 16 1172931.086742294
 90 6 14 5 10 15 1186382.8110111698
 91 6 14 5 10 15 1199380.6934634394
 92 5 14 6 11 14 1211939.169960783
 93 6 14 6 10 14 1224240.8679277336
 94 5 15 6 10 14 1237735.3345866217
 95 5 14 6 11 14 1250292.1155426067
 96 4 15 5 11 15 1263003.7132996407
 97 4 15 5 12 14 1275783.2767115643
 98 4 14 6 12 14 1288774.191944122
 99 7 14 5 10 14 1300809.7381624796
 100 6 14 6 10 14 1313627.6414458172
 101 7 14 5 10 14 1326824.8445345934
 102 6 14 6 10 14 1340517.8229508535
 103 5 14 6 11 14 1353873.6597967222
 104 6 14 5 11 14 1367286.0157521334
 105 6 15 6 9 14 1379907.5954581331
 106 5 16 6 9 14 1393888.44650509
 107 6 15 6 9 14 1406723.6234267394
 108 5 16 6 9 14 1420457.2943053117
 109 6 15 5 10 14 1433263.6646615162
 110 5 15 6 10 14 1446638.2358347985
 111 6 14 6 10 14 1460410.9777115395
 112 8 13 5 10 14 1473309.4611022081
 113 6 14 6 10 14 1487012.173874788
 114 6 15 6 10 13 1500496.2628983862
 115 6 15 6 9 14 1514829.3620840407
 116 6 14 6 10 14 1529127.670605372
 117 5 14 6 11 14 1542135.9852884463
 118 7 13 6 10 14 1555464.0158123232
 119 6 15 5 10 14 1568958.8996862841
 120 6 14 5 11 14 1581836.6561382473
 121 6 14 5 11 14 1594356.4993203802
 122 7 13 6 10 14 1607454.966719854
 123 6 14 5 10 15 1620163.496540541
 124 6 14 6 10 14 1633699.4994290802
 125 7 14 4 10 15 1646710.7330355195
 126 6 16 4 9 15 1660118.4571174702
 127 4 15 5 11 15 1673074.5578567372
 128 5 14 4 12 15 1685727.3625249479
 129 5 14 5 11 15 1698822.5543616975
 130 5 14 5 11 15 1711951.7937297157
 131 4 16 5 10 15 1725549.0916957401
 132 7 13 5 10 15 1738472.993937035
 133 8 13 4 10 15 1751997.288910034
 134 7 14 4 10 15 1765475.902328902
 135 6 15 5 9 15 1779885.5816355825
 136 5 14 4 11 16 1793783.7703142858
 137 6 14 4 10 16 1807382.3514956823
 138 5 14 5 10 16 1821016.8032352282
 139 6 14 4 10 16 1834489.1463963527
 140 6 13 5 10 16 1847837.2831706032
 141 5 14 5 10 16 1860956.2059037283
 142 4 15 5 10 16 1874618.5670857301
 143 5 14 5 10 16 1887175.311620495
 144 5 14 5 10 16 1901770.643959318
 145 5 13 5 11 16 1915199.5150393343
 146 4 14 4 11 17 1929304.8335226877
 147 4 14 4 11 17 1943257.6897844628
 148 4 14 4 11 17 1957873.6840404526
 149 5 13 4 11 17 1973050.1886009257
 150 4 13 4 12 17 1987327.9515821394
 151 4 14 5 11 16 2001352.5304202086
 152 4 14 5 11 16 2016347.299085452
 153 4 15 5 10 16 2031712.2303360822
 154 3 14 4 12 17 2046488.5566405717
 155 3 14 4 12 17 2061457.1971008596
 156 4 14 4 11 17 2075735.9130016328
 157 5 13 4 11 17 2090048.2659084895
 158 6 14 4 10 16 2104095.1978628235
 159 5 15 4 10 16 2118580.6191960736
 160 6 14 5 10 15 2133364.0468912288
 161 7 13 5 10 15 2148773.9196507703
 162 7 14 4 9 16 2164379.351752474
 163 6 15 4 9 16 2180749.86067214
 164 6 13 4 11 16 2196281.3036115896
 165 5 14 4 10 17 2210869.320442908
 166 4 15 4 10 17 2225891.5598514993
 167 4 14 4 11 17 2240425.662268438
 168 5 14 4 10 17 2255107.001411495
 169 4 15 4 10 17 2270988.6033787485
 170 4 15 4 10 17 2286719.0207738173
 171 5 14 4 10 17 2301196.589846693
 172 6 15 4 9 16 2317284.6671415884
 173 5 16 4 9 16 2332105.414857854
 174 4 15 4 10 17 2348047.821845023
 175 5 14 4 10 17 2363251.4295942043
 176 5 15 4 9 17 2378340.1640870566
 177 5 15 4 9 17 2393637.019608694
 178 5 14 4 10 17 2408876.2912778594
 179 5 14 4 10 17 2424125.8016303913
 180 6 14 4 9 17 2439337.941972131
 181 5 15 4 9 17 2455084.260203953
 182 6 13 4 10 17 2470737.794386764
 183 5 14 5 10 16 2485790.7407615124
 184 5 15 5 9 16 2500741.0984291853
 185 4 16 5 9 16 2516168.4912485727
 186 5 14 5 10 16 2530725.7108180537
 187 5 14 5 10 16 2545543.9727659244
 188 6 14 4 10 16 2559886.1556472317
 189 6 15 4 9 16 2574710.0071423547
 190 5 16 5 9 15 2589618.9081449783
 191 4 14 5 12 15 2604239.9601037125
 192 5 14 5 11 15 2619676.4241784643
 193 6 13 5 11 15 2633838.7703476273
 194 5 14 5 11 15 2647531.2749385242
 195 5 15 5 10 15 2662870.1758150067
 196 5 16 5 9 15 2678763.2178063677
 197 6 14 5 10 15 2693536.9999820055
 198 6 14 5 10 15 2707029.990171419
 199 6 14 5 10 15 2722181.4151580455
 200 5 13 5 11 16 2735610.793822531
 201 6 15 5 9 15 2750623.873455831
 202 6 14 5 10 15 2765913.9908808805
 203 4 14 5 11 16 2780004.4100777954
 204 5 13 5 11 16 2794304.8211621707
 205 6 13 5 10 16 2808145.695963219
 206 4 13 5 11 17 2821945.1105133803
 207 5 14 5 11 15 2835876.7994447118
 208 4 14 5 12 15 2849918.440125696
 209 4 15 5 11 15 2864528.0719866236
 210 6 13 5 11 15 2879083.8620772446
 211 5 13 5 12 15 2893315.4305792935
 212 4 16 5 10 15 2908283.6403303444
 213 6 14 5 10 15 2923307.0541990506
 214 5 14 5 11 15 2938083.3807785017
 215 6 14 5 10 15 2954394.5469881515
 216 6 14 5 10 15 2969167.372810586
 217 6 14 5 10 15 2983585.864550701
 218 6 15 4 9 16 2999722.933790744
 219 5 14 4 11 16 3014340.878200919
 220 5 14 4 11 16 3029310.7135246503
 221 5 14 4 11 16 3044360.604326645
 222 4 14 4 12 16 3059029.0016883374
 223 5 15 4 10 16 3074684.6444878387
 224 5 15 4 10 16 3090808.8051348855
 225 4 14 4 12 16 3105909.665968384
 226 3 14 5 12 16 3120904.945510161
 227 4 15 5 10 16 3136545.6552673
 228 4 15 5 10 16 3152453.496083177
 229 4 15 5 11 15 3167931.1566261942
 230 4 15 6 10 15 3183077.092008555
 231 4 15 5 10 16 3198442.69215523
 232 4 15 5 10 16 3214049.852506233
 233 4 14 5 11 16 3229046.6163844396
 234 4 14 5 11 16 3244136.383272284
 235 5 14 5 10 16 3258362.522195037
 236 3 14 5 12 16 3273260.684031012
 237 4 14 5 12 15 3287884.111298385
 238 4 14 5 11 16 3302998.6949616433
 239 5 15 5 10 15 3316919.521536376
 240 5 14 6 10 15 3332180.301848488
 241 6 14 5 10 15 3346846.2349476935
 242 5 14 6 10 15 3361533.58378191
 243 4 14 6 11 15 3375747.879831748
 244 5 13 5 11 16 3389352.593822833
 245 5 14 5 10 16 3404134.56613058
 246 5 14 5 10 16 3419348.4227397107
 247 5 13 5 11 16 3433449.581070029
 248 5 15 5 10 15 3447895.2778767105
 249 4 15 5 11 15 3460915.43119964
 250 4 16 6 9 15 3475773.5294519234
 251 4 15 6 10 15 3490263.234613412
 252 5 14 6 10 15 3504709.0301868157
 253 4 14 6 11 15 3518240.858253243
 254 4 14 6 11 15 3531523.0948794233
 255 6 13 6 10 15 3545316.749648534
 256 4 14 6 11 15 3559156.7680341424
 257 4 14 4 11 17 3573698.7117525763
 258 5 14 4 10 17 3587623.851189636
 259 6 14 4 9 17 3602616.1526038293
 260 5 14 4 10 17 3616721.178669851
 261 5 13 5 11 16 3631137.4487027805
 262 5 14 5 10 16 3644533.873617709
 263 4 14 5 11 16 3658340.4826666857
 264 4 13 5 12 16 3672740.9900833857
 265 4 14 5 11 16 3686560.6640060693
 266 4 14 6 11 15 3701015.54770775
 267 4 14 5 12 15 3715129.5487416764
 268 5 15 5 10 15 3729902.4205787834
 269 4 15 5 10 16 3745249.0582359354
 270 4 14 5 11 16 3759943.344179884
 271 6 14 4 11 15 3774798.4713846566
 272 7 13 4 11 15 3788784.4943361785
 273 5 14 5 11 15 3803260.9390401454
 274 5 14 5 10 16 3818109.591915068
 275 6 14 5 10 15 3833004.7822549706
 276 7 14 4 10 15 3847855.48339769
 277 5 13 5 12 15 3862004.4960180437
 278 6 13 5 11 15 3876405.840109015
 279 4 14 5 12 15 3890424.3394827466
 280 5 14 5 11 15 3905003.178808336
 281 4 15 5 11 15 3918827.4789153333
 282 6 15 5 9 15 3933933.485818171
 283 5 15 5 10 15 3949307.9516144646
 284 6 14 4 11 15 3963389.023054072
 285 4 15 5 11 15 3977151.8121247296
 286 6 14 5 10 15 3991667.4314488987
 287 7 13 5 10 15 4006891.9688363713
 288 6 13 5 11 15 4020709.9798609074
 289 7 13 5 10 15 4035363.078120172
 290 5 15 6 10 14 4049908.1593423616
 291 7 14 5 10 14 4064464.483381208
 292 6 14 5 11 14 4078601.8100685305
 293 6 15 5 10 14 4092793.487276378
 294 5 15 5 11 14 4107394.4225103743
 295 5 15 6 10 14 4122526.281193563
 296 6 15 5 9 15 4136058.5610710657
 297 5 15 6 10 14 4149242.367407893
 298 6 14 5 11 14 4163237.4691728144
 299 6 13 6 11 14 4175850.783792612
 300 5 13 6 12 14 4188680.525213931
 301 5 14 5 11 15 4202136.190273448
 302 6 13 5 11 15 4215727.7568426365
 303 6 13 5 11 15 4229297.096851499
 304 6 14 6 10 14 4242339.11470335
 305 5 14 6 11 14 4257415.491407609
 306 5 14 6 11 14 4271744.285999871
 307 4 14 6 12 14 4285562.479932493
 308 5 14 5 11 15 4299977.188099271
 309 4 14 5 12 15 4313805.717026241
 310 5 14 5 11 15 4327391.36184036
 311 5 14 5 11 15 4340848.157921474
 312 5 14 5 11 15 4354483.856508454
 313 6 14 5 10 15 4368667.820390704
 314 5 14 5 11 15 4383158.100948335
 315 6 14 5 10 15 4397009.692282695
 316 5 15 5 10 15 4411894.25056558
 317 3 16 5 11 15 4426056.924533939
 318 6 13 5 11 15 4440321.595958789
 319 6 14 5 10 15 4455372.541101404
 320 7 13 5 10 15 4469819.963375634
 321 7 13 5 10 15 4484647.611058172
 322 5 14 5 11 15 4498603.918807103
 323 5 14 5 11 15 4512722.195005339
 324 6 15 5 9 15 4527097.195696209
 325 6 15 5 9 15 4541957.1533619175
 326 6 14 5 10 15 4556881.602086419
 327 6 14 5 10 15 4571524.317188298
 328 5 14 5 11 15 4585974.335647687
 329 5 15 5 10 15 4600292.71981766
 330 4 15 5 11 15 4615074.031435661
 331 6 14 5 10 15 4630273.155919085
 332 5 14 5 11 15 4643713.6331550265
 333 6 14 5 10 15 4657715.090373899
 334 6 13 5 11 15 4671572.412845768
 335 7 13 5 10 15 4684968.186308596
 336 5 14 5 11 15 4698567.904717826
 337 5 14 5 11 15 4712679.026283143
 338 4 14 5 12 15 4727113.629161554
 339 3 14 5 12 16 4740679.681162725
 340 5 14 5 11 15 4754403.904389347
 341 5 14 5 11 15 4769142.907492211
 342 5 13 5 12 15 4783037.629701426
 343 5 14 5 11 15 4796763.731829118
 344 5 15 5 10 15 4810336.2128723
 345 4 15 5 11 15 4824317.038344323
 346 6 14 5 10 15 4838975.298361945
 347 7 13 5 10 15 4853654.189491954
 348 5 14 5 11 15 4867461.933195549
 349 6 14 5 10 15 4881319.426889763
 350 6 14 5 10 15 4895668.476496833
 351 6 14 5 10 15 4909878.157973583
 352 5 15 5 10 15 4925206.691993483
 353 6 14 5 10 15 4940059.618765903
 354 6 14 5 10 15 4954693.393054156
 355 6 14 5 10 15 4969414.196472184
 356 6 14 5 10 15 4982879.492524027
 357 4 15 5 10 16 4996383.277413833
 358 6 14 5 10 15 5010314.5133726075
 359 6 14 5 10 15 5023719.686136383
 360 6 14 5 10 15 5037846.311515688
 361 6 14 5 10 15 5052845.932868061
 362 6 13 5 11 15 5067821.569209516
 363 5 14 5 11 15 5081834.998937503
 364 6 14 5 10 15 5095968.3601936875
 365 5 15 5 10 15 5111211.3774832
 366 5 14 5 11 15 5126348.756059738
 367 5 14 5 11 15 5141244.288015271
 368 6 14 5 10 15 5154449.317129847
 369 6 14 5 10 15 5168029.682301226
 370 4 14 5 11 16 5182140.566602217
 371 6 14 4 10 16 5196251.016337411
 372 6 14 4 10 16 5210334.174126631
 373 6 14 4 10 16 5224567.795338821
 374 6 14 4 10 16 5237895.825199769
 375 6 14 4 10 16 5252258.513140893
 376 6 14 5 10 15 5266339.693038285
 377 6 14 5 10 15 5280412.500348772
 378 5 14 5 11 15 5294668.903895449
 379 6 14 5 10 15 5308068.708639576
 380 5 15 5 9 16 5322777.650593965
 381 5 14 5 10 16 5337078.737675887
 382 5 14 5 10 16 5351707.961858947
 383 5 14 5 10 16 5365199.089791525
 384 6 13 5 10 16 5378623.969814818
 385 6 13 5 10 16 5390662.718387315
 386 5 15 5 9 16 5405640.2654060535
 387 6 14 5 9 16 5419322.59708601
 388 7 14 5 9 15 5434005.286080289
 389 6 14 5 10 15 5448754.451524899
 390 6 13 5 11 15 5462546.325992819
 391 7 13 5 10 15 5477036.146812928
 392 6 14 5 10 15 5491816.4000935005
 393 4 15 4 11 16 5506123.9541888125
 394 6 13 4 11 16 5519167.750010815
 395 5 14 4 10 17 5534139.800825609
 396 4 14 4 11 17 5547185.502263755
 397 4 16 4 9 17 5560554.814111197
 398 3 15 4 11 17 5575106.754658916
 399 4 14 4 11 17 5589316.653388496
 400 4 14 4 11 17 5602964.20690444
 401 4 14 4 11 17 5617587.368285396
 402 4 14 4 11 17 5631590.616070595
 403 6 13 4 10 17 5645912.65616301
 404 5 15 4 10 16 5659633.412171233
 405 5 14 4 11 16 5673652.850635111
 406 5 14 4 11 16 5688002.099052081
 407 5 13 4 12 16 5701123.550609022
 408 5 14 4 11 16 5715168.769393098
 409 6 13 4 11 16 5729654.247990188
 410 6 13 4 11 16 5742948.131351136
 411 6 13 4 11 16 5756861.253794109
 412 6 13 4 11 16 5769930.394056598
 413 4 14 4 12 16 5784123.756468632
 414 5 15 4 10 16 5799315.698570774
 415 5 14 4 11 16 5813553.410929024
 416 6 13 4 11 16 5828278.982829209
 417 5 15 4 10 16 5843675.494212163
 418 6 13 4 11 16 5857925.038819322
 419 7 13 4 10 16 5872169.075888288
 420 7 13 4 10 16 5886847.787964545
 421 7 13 4 10 16 5901616.766711436
 422 6 15 4 9 16 5916808.084022667
 423 6 13 4 11 16 5931991.380709379
 424 6 13 4 11 16 5945876.211463154
 425 7 13 4 10 16 5960289.261183526
 426 7 13 4 10 16 5975056.89324209
 427 7 13 4 10 16 5989714.586021265
 428 5 14 4 11 16 6004376.162797674
 429 6 13 4 11 16 6018327.782566474
 430 6 14 4 10 16 6033410.01938093
 431 7 14 4 9 16 6047767.384295881
 432 6 14 4 10 16 6062959.174993702
 433 5 13 4 11 17 6078213.267875091
 434 7 13 4 10 16 6092061.538232697
 435 4 14 4 12 16 6106798.881898918
 436 6 13 4 11 16 6121364.272214482
 437 5 13 4 12 16 6136025.229248857
 438 4 14 4 12 16 6149723.512276548
 439 5 15 4 10 16 6164369.43002903
 440 4 15 4 10 17 6179131.068260794
 441 6 13 4 10 17 6193960.745023378
 442 5 13 4 11 17 6208854.549899367
 443 4 14 4 11 17 6223932.878406564
 444 5 14 4 10 17 6238843.506920913
 445 4 14 4 11 17 6253252.545662495
 446 4 14 4 11 17 6267749.53896917
 447 5 14 4 10 17 6283009.167570373
 448 4 14 4 11 17 6297056.7868522955
 449 4 14 4 11 17 6311089.752015974
 450 5 14 4 10 17 6324974.649969846
 451 4 15 4 10 17 6339383.317857057
 452 4 14 4 11 17 6354408.322520821
 453 4 15 4 10 17 6368642.512177775
 454 4 13 4 12 17 6382245.967036427
 455 4 14 4 11 17 6396159.644275281
 456 3 14 4 12 17 6409988.749695588
 457 3 14 4 12 17 6424026.204843654
 458 4 14 4 11 17 6438786.915798102
 459 3 14 4 12 17 6452752.424538506
 460 4 14 4 11 17 6466596.201165199
 461 4 16 4 9 17 6481159.926549595
 462 4 16 4 9 17 6497066.990633423
 463 5 14 4 10 17 6510977.024671375
 464 5 15 5 10 15 6524729.805514658
 465 5 15 5 10 15 6538326.351871511
 466 5 14 5 10 16 6552054.487579734
 467 4 14 5 11 16 6565348.148728308
 468 5 14 4 10 17 6579697.138652624
 469 5 14 4 10 17 6593931.203587156
 470 5 15 4 9 17 6608303.354342227
 471 4 14 4 11 17 6621887.26105645
 472 4 14 4 11 17 6635842.876940864
 473 3 15 4 11 17 6649168.839328563
 474 4 13 4 12 17 6662308.703885076
 475 4 13 4 12 17 6676506.762072172
 476 5 13 4 11 17 6689742.855422629
 477 5 14 4 10 17 6702378.361008354
 478 5 14 4 10 17 6716736.18550972
 479 4 15 4 10 17 6731034.026773086
 480 6 13 5 10 16 6740323.371040486
 481 6 14 4 10 16 6750209.176306814
 482 6 14 4 10 16 6760056.419776854
 483 5 14 5 10 16 6770133.80707039
 484 5 14 4 10 17 6779913.486688252
 485 5 14 5 10 16 6790626.428024203
 486 5 13 5 10 17 6800741.450457344
 487 3 15 5 10 17 6811265.10101601
 488 3 15 5 10 17 6821934.052415353
 489 5 14 4 10 17 6832885.914097275
 490 4 14 5 10 17 6842680.043135646
 491 4 15 5 10 16 6853900.900644784
 492 5 14 5 10 16 6863850.974868103
 493 5 14 5 10 16 6874555.20239351
 494 5 14 5 10 16 6884398.619685783
 495 6 14 4 10 16 6895279.203020973
 496 3 15 5 10 17 6905628.066935404
 497 5 14 5 10 16 6916641.010996879
 498 6 13 4 10 17 6927290.182686482
 499 5 14 5 10 16 6936979.288262955
 500 5 14 5 10 16 6948659.014381388
 501 4 15 4 10 17 6958663.8174231015
 502 4 15 4 10 17 6969659.212847813
 503 5 14 4 10 17 6980983.287361457
 504 5 14 4 10 17 6992635.362728597
 505 6 13 4 10 17 7003354.818278128
 506 5 14 4 10 17 7014143.442580122
 507 4 15 4 10 17 7024979.5835469235
 508 4 14 4 10 18 7034924.71990298
 509 2 16 4 10 18 7045979.710791891
 510 5 13 4 10 18 7056202.615247536
 511 4 14 5 10 17 7066230.674387135
 512 4 14 4 10 18 7076806.848122902
 513 4 14 4 10 18 7086224.505536497
 514 3 15 4 10 18 7096092.516838913
 515 3 15 4 10 18 7105805.009725877
 516 3 15 4 10 18 7117602.719862176
 517 4 14 4 10 18 7129349.297041179
 518 4 14 4 10 18 7141480.094764334
 519 4 14 4 10 18 7152318.142327044
 520 4 14 4 10 18 7163494.937519121
 521 3 15 4 10 18 7174811.114059503
 522 4 14 4 10 18 7186096.2157628015
 523 4 14 4 10 18 7197295.879847076
 524 3 15 4 10 18 7207693.547423835
 525 3 15 4 10 18 7219392.394369899
 526 5 13 4 10 18 7229839.997810691
 527 5 13 4 10 18 7241324.820968744
 528 5 13 4 10 18 7252141.85879687
 529 4 14 4 10 18 7263436.371509064
 530 3 15 4 10 18 7274845.373132266
 531 4 14 4 10 18 7286596.47410825
 532 4 14 4 10 18 7297973.029817071
 533 3 15 4 10 18 7309181.257753292
 534 4 14 4 10 18 7320558.224770528
 535 3 15 4 10 18 7332266.1812412515
 536 5 14 4 10 17 7343627.204454406
 537 5 14 4 10 17 7354939.448148483
 538 5 14 4 10 17 7365680.38890718
 539 5 14 4 10 17 7376711.210597651
 540 5 14 4 10 17 7388973.9614136005
 541 4 14 4 10 18 7401623.788667927
 542 4 14 4 10 18 7412283.306460339
 543 4 14 4 10 18 7423380.784102121
 544 4 14 4 10 18 7434921.4764126
 545 4 14 4 10 18 7446269.771637925
 546 5 13 4 10 18 7458617.455947081
 547 3 15 4 10 18 7470717.069797286
 548 5 13 4 10 18 7482771.12381494
 549 5 13 4 10 18 7494514.111517066
 550 5 13 4 10 18 7506864.183780852
 551 5 13 4 10 18 7517278.425893137
 552 5 13 4 10 18 7527748.058848003
 553 4 13 4 11 18 7538566.55665325
 554 5 13 4 11 17 7548234.368293012
 555 4 13 4 11 18 7559751.496538781
 556 5 12 4 11 18 7570695.701995868
 557 5 12 4 11 18 7581912.318457934
 558 4 13 4 11 18 7592492.846503767
 559 3 14 4 11 18 7604125.698148147
 560 3 14 4 11 18 7615725.035610063
 561 3 14 4 11 18 7627039.82170742
 562 3 14 4 11 18 7637994.959706512
 563 3 14 4 11 18 7649969.440853186
 564 4 13 4 11 18 7659882.093076962
 565 5 13 4 10 18 7670961.253965826
 566 6 12 4 10 18 7682432.900353501
 567 5 13 4 10 18 7693752.303409891
 568 6 13 4 10 17 7704940.494588758
 569 5 13 5 10 17 7716928.098931023
 570 6 12 5 10 17 7727698.861015675
 571 5 14 4 10 17 7739840.903274872
 572 6 12 5 10 17 7751272.642796695
 573 4 14 5 10 17 7763323.618293719
 574 3 15 5 10 17 7775443.349992344
 575 4 14 5 10 17 7786777.72461686
 576 2 16 5 10 17 7798266.782426835
 577 4 14 5 10 17 7810201.33965663
 578 4 14 5 10 17 7820752.740924604
 579 4 14 5 10 17 7831488.638296711
 580 4 14 5 10 17 7841924.998540386
 581 5 13 4 10 18 7852863.700602383
 582 4 14 4 10 18 7864542.215535535
 583 5 13 4 10 18 7875648.2040043445
 584 5 14 4 10 17 7886424.919911616
 585 5 13 4 11 17 7896078.525276604
 586 5 14 4 10 17 7907440.798250621
 587 5 14 4 10 17 7918573.926485772
 588 7 12 4 10 17 7929631.626012581
 589 6 13 4 10 17 7940813.545469739
 590 5 14 4 10 17 7952237.968924308
 591 4 14 4 10 18 7962707.950555776
 592 5 14 4 10 17 7973840.666505972
 593 6 13 4 10 17 7985727.426767629
 594 5 14 4 10 17 7995943.61860661
 595 6 13 4 10 17 8006088.484428482
 596 6 13 4 10 17 8017293.268480439
 597 6 13 4 10 17 8028474.27455962
 598 6 13 4 10 17 8038614.99534951
 599 7 12 4 10 17 8049434.233239983
 600 6 13 4 10 17 8060620.371263039
 601 6 13 5 10 16 8070977.977537073
 602 5 14 5 10 16 8081917.536023361
 603 6 13 4 10 17 8092673.697622793
 604 6 13 4 10 17 8103743.6026854385
 605 5 14 4 10 17 8115139.656949325
 606 7 12 4 10 17 8126795.728313928
 607 4 14 4 11 17 8137616.274268903
 608 5 13 4 11 17 8148091.212954724
 609 7 12 4 10 17 8159108.614345959
 610 6 13 5 10 16 8169088.1626192415
 611 6 13 5 10 16 8180171.881685235
 612 7 12 5 10 16 8191453.110469125
 613 6 13 5 10 16 8202717.143916827
 614 4 14 5 11 16 8213851.950361385
 615 6 12 5 11 16 8224152.573733449
 616 5 14 5 10 16 8235595.857216624
 617 5 14 5 10 16 8246298.950982758
 618 6 13 5 10 16 8257339.590300257
 619 4 14 5 11 16 8268674.26356104
 620 4 14 4 11 17 8280737.186430664
 621 5 14 4 10 17 8292584.481349613
 622 4 15 4 10 17 8304200.320804931
 623 4 14 4 11 17 8315385.435902015
 624 3 16 4 11 16 8326529.7574491
 625 5 14 4 10 17 8337390.182334513
 626 5 14 4 10 17 8348621.807522497
 627 5 14 4 10 17 8359750.679541744
 628 5 14 4 10 17 8370781.6726351045
 629 4 15 4 10 17 8381568.078661219
 630 5 14 4 10 17 8392404.084673785
 631 2 16 4 11 17 8402050.866310267
 632 4 14 4 11 17 8412468.165222354
 633 6 13 4 10 17 8422959.077057855
 634 4 15 4 10 17 8433965.030595496
 635 3 15 4 11 17 8445638.75086306
 636 5 13 4 11 17 8457415.616703935
 637 6 13 4 10 17 8468704.912779763
 638 5 14 4 10 17 8481383.962094307
 639 5 13 4 11 17 8491880.397711644
 640 4 14 4 11 17 8504260.994786661
 641 5 14 4 10 17 8515910.954125376
 642 5 14 4 10 17 8528591.001747878
 643 4 14 4 11 17 8539848.182926685
 644 4 14 4 11 17 8551204.04508118
 645 4 15 4 10 17 8562200.146556746
 646 5 13 4 11 17 8573889.565431474
 647 5 13 4 11 17 8583631.027065724
 648 5 14 4 10 17 8594073.444997085
 649 4 15 4 10 17 8605165.420026053
 650 4 15 4 10 17 8616350.584836908
 651 5 14 4 10 17 8627041.094315365
 652 6 13 4 10 17 8638893.814324904
 653 4 14 4 11 17 8649513.286026346
 654 4 14 4 11 17 8659887.282916555
 655 5 14 4 10 17 8671353.588254243
 656 6 13 4 10 17 8681908.167004567
 657 5 14 4 10 17 8693059.80636286
 658 5 13 4 11 17 8703926.380344111
 659 5 13 4 11 17 8714173.608951852
 660 3 14 4 12 17 8725866.228489054
 661 4 13 4 12 17 8736085.519336438
 662 4 14 4 11 17 8746792.746883355
 663 5 13 4 11 17 8757523.38651649
 664 4 14 4 11 17 8769149.846624905
 665 4 13 4 12 17 8779643.599459423
 666 5 13 4 11 17 8790502.810622793
 667 5 14 4 10 17 8800844.247019667
 668 5 13 4 11 17 8810633.309938813
 669 4 14 4 11 17 8820568.973032482
 670 4 14 4 11 17 8831856.19204562
 671 4 14 4 11 17 8842798.43545596
 672 5 13 4 11 17 8853472.170388103
 673 5 13 4 11 17 8863731.078798646
 674 3 15 4 11 17 8874065.356497515
 675 4 13 4 11 18 8884940.788592594
 676 3 14 4 11 18 8895553.419746807
 677 4 14 4 11 17 8906773.71039018
 678 4 13 4 12 17 8917778.433252264
 679 4 13 4 12 17 8927898.314365312
 680 4 14 4 11 17 8938823.098225893
 681 2 15 4 12 17 8950550.195188388
 682 3 14 4 12 17 8961780.747988772
 683 4 14 4 11 17 8973284.098448781
 684 3 14 4 12 17 8984984.920883445
 685 4 14 4 11 17 8997000.630415808
 686 6 13 4 10 17 9008010.866417838
 687 5 14 4 10 17 9020094.123774786
 688 5 13 5 11 16 9032625.505601408
 689 5 13 5 11 16 9044633.59442252
 690 6 13 5 10 16 9056937.031299043
 691 5 13 5 11 16 9069618.180243516
 692 4 14 5 11 16 9080543.484199109
 693 5 14 5 10 16 9091995.149898203
 694 5 14 5 10 16 9103972.125496257
 695 5 14 5 10 16 9115243.226738214
 696 5 13 5 11 16 9126045.721030554
 697 6 12 5 11 16 9136127.037397884
 698 6 13 5 10 16 9146293.09931137
 699 6 13 4 11 16 9157860.233399652
 700 5 14 4 11 16 9169622.77661314
 701 5 14 5 10 16 9182072.056445202
 702 6 12 5 11 16 9193713.970598632
 703 7 12 4 11 16 9205395.78358764
 704 6 13 5 10 16 9216965.930078002
 705 7 12 5 10 16 9228504.080104344
 706 6 12 5 11 16 9239437.062521204
 707 5 13 5 11 16 9250985.066024646
 708 7 12 5 10 16 9261727.523880625
 709 6 12 5 11 16 9273183.704518782
 710 7 12 4 11 16 9283818.618790325
 711 6 13 4 11 16 9294077.819116984
 712 4 13 5 12 16 9304777.806886785
 713 4 13 5 12 16 9315003.726477154
 714 6 12 5 11 16 9325882.572312113
 715 4 13 5 12 16 9336682.872196438
 716 5 12 5 12 16 9348182.862816645
 717 5 13 5 11 16 9358813.492693622
 718 4 15 5 10 16 9370838.071408678
 719 6 13 5 10 16 9383114.511750743
 720 7 14 7 9 13 9386109.241965048
 721 6 15 6 9 14 9389838.872229459
 722 6 15 5 10 14 9393645.018221969
 723 7 14 4 10 15 9398083.273812776
 724 6 13 5 11 15 9402796.212901348
 725 6 13 4 11 16 9407561.235221855
 726 5 13 6 11 15 9410955.11034546
 727 5 14 6 10 15 9415061.62049639
 728 4 15 5 10 16 9418737.811298927
 729 5 13 5 11 16 9422327.421419092
 730 4 14 5 11 16 9426261.357062489
 731 4 14 5 11 16 9430165.65433077
 732 4 13 6 12 15 9434377.854917029
 733 5 14 4 11 16 9437943.047431575
 734 5 14 4 11 16 9442179.964038748
 735 5 14 4 11 16 9445849.665005274
 736 5 14 4 11 16 9449384.997698393
 737 5 14 4 11 16 9453508.352577083
 738 6 13 4 11 16 9456798.088539487
 739 5 14 5 11 15 9460003.55156011
 740 5 14 4 11 16 9464482.904909754
 741 7 12 4 11 16 9469187.423665853
 742 5 14 4 11 16 9473106.111343369
 743 5 15 4 10 16 9477973.734733911
 744 6 13 4 10 17 9481872.891859593
 745 6 13 4 10 17 9486607.839739285
 746 6 13 4 10 17 9490842.61698615
 747 7 13 4 10 16 9493660.03521071
 748 6 13 4 10 17 9497677.733077684
 749 5 14 4 10 17 9502542.298419379
 750 5 14 5 10 16 9506921.908417419
 751 6 13 5 10 16 9511000.32317407
 752 5 14 4 10 17 9514330.06049572
 753 5 14 5 10 16 9518331.534782594
 754 6 13 6 10 15 9522249.331284095
 755 4 15 6 10 15 9526007.938589234
 756 6 14 5 10 15 9530029.307027908
 757 5 14 5 10 16 9534309.707223695
 758 5 14 5 10 16 9539096.553363489
 759 4 15 5 10 16 9543131.025518065
 760 5 14 4 10 17 9548122.804089475
 761 4 15 5 10 16 9552972.670966139
 762 4 15 4 10 17 9557162.747373397
 763 4 15 5 10 16 9561757.411848526
 764 4 15 4 10 17 9565645.56485089
 765 4 15 4 10 17 9571529.720017571
 766 3 16 4 10 17 9575427.83905362
 767 4 15 4 10 17 9579738.49566473
 768 4 15 4 10 17 9583679.100092912
 769 5 14 4 10 17 9587633.880144425
 770 4 15 4 10 17 9592884.464030568
 771 4 15 4 10 17 9597069.663363017
 772 5 14 4 10 17 9601100.164630942
 773 4 14 4 11 17 9605494.078118222
 774 3 15 4 11 17 9609008.82893468
 775 4 15 4 10 17 9614764.245991707
 776 5 13 4 11 17 9619856.316647591
 777 5 13 4 11 17 9625136.286338016
 778 5 13 4 11 17 9629834.14487156
 779 5 13 4 11 17 9634112.43031881
 780 5 15 4 10 16 9639037.921500433
 781 5 14 4 10 17 9643734.953420036
 782 5 14 4 10 17 9648536.376532232
 783 7 13 4 10 16 9653271.831825214
 784 5 14 5 10 16 9658753.118393032
 785 5 14 5 10 16 9663208.408651661
 786 5 14 5 10 16 9667812.573297419
 787 5 14 5 10 16 9672697.746954927
 788 5 14 5 10 16 9677831.552324252
 789 5 14 5 10 16 9683705.249371832
 790 5 14 5 10 16 9688915.956872666
 791 4 15 5 10 16 9693393.551164553
 792 4 14 5 11 16 9699200.894613404
 793 4 14 5 11 16 9704215.840853527
 794 6 13 4 11 16 9709293.388807122
 795 4 14 5 11 16 9714798.794764925
 796 5 13 5 11 16 9718776.973926913
 797 4 14 5 11 16 9722372.302143902
 798 4 14 4 11 17 9727877.777869789
 799 4 14 4 11 17 9733553.831494054
 800 3 15 4 11 17 9738913.660996648
 801 3 15 4 11 17 9745228.313449755
 802 4 14 4 11 17 9750740.152802905
 803 3 16 4 10 17 9756313.88235346
 804 4 15 4 10 17 9761328.504276296
 805 4 15 4 10 17 9767340.359325578
 806 7 13 4 10 16 9771959.082345325
 807 6 13 4 10 17 9776889.196968175
 808 4 14 4 11 17 9782225.296116903
 809 4 14 4 11 17 9787573.891598232
 810 4 15 4 10 17 9792387.51708844
 811 6 14 4 10 16 9796217.91068709
 812 5 14 5 10 16 9800456.785874454
 813 5 14 5 10 16 9804609.234073568
 814 5 14 5 10 16 9808889.487684725
 815 5 14 4 10 17 9813180.194069272
 816 5 14 4 10 17 9817514.50504538
 817 5 14 4 10 17 9822688.56103507
 818 5 13 4 11 17 9827036.509523889
 819 5 14 4 11 16 9831628.906772425
 820 4 14 4 11 17 9836973.869277382
 821 6 13 4 11 16 9840742.63620833
 822 4 14 4 11 17 9845414.165779322
 823 3 15 4 11 17 9850239.451681664
 824 4 16 4 10 16 9854982.501359407
 825 6 14 4 10 16 9859717.621646453
 826 4 15 5 10 16 9864236.186864786
 827 5 14 5 10 16 9869224.303773208
 828 4 15 5 10 16 9874326.48895291
 829 5 13 5 11 16 9878273.492248945
 830 3 15 5 11 16 9883401.979609814
 831 5 14 4 11 16 9887414.800072808
 832 6 12 4 11 17 9891224.824171474
 833 4 14 5 11 16 9895745.441715008
 834 5 14 4 11 16 9900662.637955876
 835 6 13 5 10 16 9904317.84118764
 836 7 13 4 10 16 9908885.96251678
 837 5 14 5 10 16 9913871.495116606
 838 5 14 5 10 16 9918323.563475782
 839 6 14 4 10 16 9923782.122964902
 840 7 14 4 10 15 9927988.440556098
 841 5 14 5 10 16 9932726.993850224
 842 5 14 5 10 16 9937540.131257609
 843 5 14 5 10 16 9943002.7127235
 844 5 14 4 10 17 9947333.312935218
 845 5 14 5 10 16 9952464.866279177
 846 4 15 5 10 16 9956808.255737346
 847 5 14 5 10 16 9960628.848806126
 848 4 15 4 10 17 9965216.570344774
 849 4 15 4 10 17 9969123.41997182
 850 3 16 4 10 17 9972798.043086737
 851 4 15 4 10 17 9977721.189328084
 852 5 14 5 10 16 9981478.658272821
 853 4 15 5 10 16 9985953.462899588
 854 4 15 5 10 16 9989824.131202087
 855 5 14 5 10 16 9994056.145631393
 856 5 16 4 10 15 9997950.694168443
 857 4 15 5 10 16 1.00021607775962E7
 858 4 15 5 10 16 1.0006304172028689E7
 859 5 14 4 11 16 1.0011072713577999E7
 860 3 15 5 11 16 1.001646197424256E7
 861 3 15 5 11 16 1.0021819620496504E7
 862 5 14 4 11 16 1.0026018657053087E7
 863 4 14 5 11 16 1.0030623640879728E7
 864 4 14 5 11 16 1.0035075709057346E7
 865 3 15 4 11 17 1.0039526345997743E7
 866 3 16 5 10 16 1.0043848730385616E7
 867 3 16 4 10 17 1.0048348399359887E7
 868 5 14 4 10 17 1.0052975274610834E7
 869 4 15 4 10 17 1.0058445472052896E7
 870 5 14 5 10 16 1.0063989796176428E7
 871 6 15 4 10 15 1.0067469208685078E7
 872 4 15 5 10 16 1.007150638067793E7
 873 4 15 5 10 16 1.0075410459283425E7
 874 4 14 5 10 17 1.0079713043408237E7
 875 4 15 5 10 16 1.0083304686664253E7
 876 5 15 4 10 16 1.0087809492734827E7
 877 5 14 5 10 16 1.0091267706927761E7
 878 4 15 4 10 17 1.0094918407070968E7
 879 5 15 4 10 16 1.0099715922441468E7
 880 4 15 4 10 17 1.0103990727059482E7
 881 5 14 5 10 16 1.0108541055177161E7
 882 6 15 4 10 15 1.0113215462957837E7
 883 4 15 4 10 17 1.0117610029217282E7
 884 4 15 5 10 16 1.0122575519241104E7
 885 5 14 4 10 17 1.0126877223058878E7
 886 5 14 4 10 17 1.0131443920183014E7
 887 5 14 5 10 16 1.0135811505219104E7
 888 5 14 5 10 16 1.0141134467092363E7
 889 5 14 5 10 16 1.0145994397030782E7
 890 5 14 5 10 16 1.0149723024565026E7
 891 5 14 6 10 15 1.0153579811924787E7
 892 4 15 6 10 15 1.0157142906511484E7
 893 3 16 6 10 15 1.0161488497110082E7
 894 4 15 6 10 15 1.016550036441008E7
 895 4 14 5 11 16 1.0170034872621763E7
 896 4 14 5 11 16 1.0173960350687385E7
 897 4 14 4 11 17 1.0178431132254293E7
 898 4 14 5 11 16 1.0182404557685012E7
 899 5 14 4 11 16 1.0187207148329567E7
 900 4 14 5 11 16 1.0191931086401904E7
 901 5 14 4 11 16 1.0196552823269932E7
 902 4 15 5 11 15 1.0201665754805021E7
 903 5 15 4 10 16 1.0205832493557494E7
 904 6 14 5 10 15 1.0210287428440709E7
 905 4 14 4 11 17 1.0215041469019817E7
 906 5 14 4 11 16 1.0219971795792915E7
 907 4 14 4 11 17 1.0224194127606904E7
 908 3 15 4 11 17 1.0228172287183654E7
 909 3 15 4 11 17 1.0232488127163464E7
 910 4 14 4 11 17 1.023682657448952E7
 911 3 15 5 11 16 1.0240979083275825E7
 912 3 16 4 10 17 1.0245996397527132E7
 913 5 14 5 10 16 1.0250521627049014E7
 914 4 14 4 11 17 1.0255135911177736E7
 915 5 14 5 11 15 1.0259370234045729E7
 916 3 15 4 11 17 1.0263199126064999E7
 917 4 14 5 11 16 1.0267319286624933E7
 918 4 14 4 11 17 1.027116174382093E7
 919 3 15 5 11 16 1.0275849958483266E7
 920 5 14 4 10 17 1.0280103396263411E7
 921 4 15 5 9 17 1.0284843788075909E7
 922 4 15 4 10 17 1.0288251655782761E7
 923 3 16 5 10 16 1.0293331669027366E7
 924 7 13 4 10 16 1.0297198645016376E7
 925 5 14 4 10 17 1.0301007732331853E7
 926 4 14 4 11 17 1.0304892009487903E7
 927 3 15 4 11 17 1.0309875828089053E7
 928 4 14 4 11 17 1.0313573355942661E7
 929 3 15 4 11 17 1.0318284925192686E7
 930 3 15 5 11 16 1.032237525311492E7
 931 3 15 4 11 17 1.032672573603566E7
 932 4 14 4 11 17 1.0331089252698833E7
 933 3 15 4 11 17 1.0335540667779244E7
 934 3 16 4 10 17 1.0340070702964338E7
 935 4 15 4 10 17 1.0345013589408569E7
 936 6 14 4 10 16 1.0350169566596791E7
 937 6 14 4 10 16 1.035495395125864E7
 938 7 14 4 10 15 1.0359601948051352E7
 939 5 14 5 10 16 1.0363912965759985E7
 940 5 15 4 10 16 1.036813851620708E7
 941 4 15 5 10 16 1.0372277399124222E7
 942 4 15 5 10 16 1.0377201107700694E7
 943 3 16 5 10 16 1.0381927920282451E7
 944 5 14 5 10 16 1.0387147843792193E7
 945 5 14 5 10 16 1.0392340787558196E7
 946 4 15 4 10 17 1.0396814357284442E7
 947 3 16 4 10 17 1.040167772586038E7
 948 4 15 4 10 17 1.0405940176621383E7
 949 3 16 4 10 17 1.0410526402757365E7
 950 4 15 4 10 17 1.0415649518480841E7
 951 5 14 4 10 17 1.0421071592184104E7
 952 4 15 4 10 17 1.0425086119004104E7
 953 5 14 4 10 17 1.043030568130026E7
 954 4 15 4 10 17 1.0436078381437441E7
 955 4 15 4 10 17 1.043972016799189E7
 956 4 15 5 10 16 1.0444558413011821E7
 957 4 15 5 10 16 1.0450232789188717E7
 958 6 13 4 10 17 1.0455146416088663E7
 959 5 14 4 10 17 1.0461056990319198E7
 960 4 15 4 10 17 1.0465796938098552E7
 961 3 16 5 10 16 1.0471035189709887E7
 962 5 14 5 10 16 1.0476324018662302E7
 963 5 15 4 10 16 1.0481455527629508E7
 964 4 15 5 10 16 1.0485912377473522E7
 965 5 14 5 10 16 1.0491061314498296E7
 966 5 14 5 10 16 1.0495926618090289E7
 967 4 15 5 10 16 1.050130665194692E7
 968 5 14 4 11 16 1.0506580954256784E7
 969 4 14 5 11 16 1.0512335320902558E7
 970 4 14 5 11 16 1.0517352061560465E7
 971 5 14 4 11 16 1.0522439315900534E7
 972 4 15 4 11 16 1.0527627116184866E7
 973 5 14 4 11 16 1.0531569658859335E7
 974 3 15 4 11 17 1.0535677885998022E7
 975 4 14 5 11 16 1.0540789807088861E7
 976 5 14 4 10 17 1.0545436201034127E7
 977 3 15 5 11 16 1.0550208536863213E7
 978 4 15 5 10 16 1.0555148354382493E7
 979 5 14 5 10 16 1.055986690910664E7
 980 5 15 4 10 16 1.0564656277306236E7
 981 6 14 4 10 16 1.0568699899192143E7
 982 6 13 5 10 16 1.057360646231442E7
 983 6 13 4 11 16 1.0578817687731948E7
 984 6 13 4 11 16 1.0583662895656869E7
 985 3 15 5 11 16 1.0590229068250867E7
 986 5 14 4 11 16 1.0595445562426586E7
 987 5 14 5 10 16 1.0601008406147951E7
 988 5 14 5 10 16 1.0605869362523274E7
 989 6 13 5 10 16 1.060995979776362E7
 990 4 15 4 10 17 1.0615243002490075E7
 991 4 15 4 10 17 1.0620431191416284E7
 992 3 16 4 10 17 1.0625174565043436E7
 993 4 15 4 10 17 1.0629864223984435E7
 994 4 15 4 10 17 1.0635209444104504E7
 995 4 15 4 10 17 1.064030952069983E7
 996 5 14 4 10 17 1.0644832128472827E7
 997 5 14 4 10 17 1.0649755135966927E7
 998 5 14 4 10 17 1.0654257171607595E7
 999 5 14 4 10 17 1.065841090743878E7
 1000 5 14 4 10 17 1.0662902135956733E7
 1001 6 13 4 10 17 1.066668114722449E7
 1002 6 13 4 10 17 1.0670516284504008E7
 1003 6 13 4 10 17 1.0675041812326398E7
 1004 5 14 4 10 17 1.0678428256716136E7
 1005 4 15 4 10 17 1.0683724294834685E7
 1006 5 14 4 10 17 1.0688419172674263E7
 1007 5 14 4 10 17 1.0692940429809585E7
 1008 6 13 4 10 17 1.0697582479815822E7
 1009 6 13 4 10 17 1.0700891125762306E7
 1010 5 14 4 10 17 1.0706746314880658E7
 1011 4 15 4 10 17 1.0711412877028573E7
 1012 5 14 4 10 17 1.0716146561939044E7
 1013 4 15 4 10 17 1.0719900089456359E7
 1014 4 15 4 10 17 1.07237304749294E7
 1015 5 14 4 10 17 1.0727974632239932E7
 1016 4 15 4 10 17 1.0731863209263002E7
 1017 3 16 4 10 17 1.073646498347527E7
 1018 4 15 4 10 17 1.0741454181011036E7
 1019 3 16 4 10 17 1.0746163992822645E7
 1020 5 14 4 10 17 1.0750784630217703E7
 1021 5 14 3 11 17 1.075590175731734E7
 1022 4 14 4 11 17 1.0761078888762485E7
 1023 5 13 4 11 17 1.076494553706137E7
 1024 5 13 4 11 17 1.0770821235427411E7
 1025 4 14 4 11 17 1.0775654528890382E7
 1026 5 14 4 11 16 1.0779871141936261E7
 1027 4 15 5 10 16 1.0783971466355955E7
 1028 6 14 4 10 16 1.0788517778615182E7
 1029 4 15 5 10 16 1.079255002758538E7
 1030 7 13 4 10 16 1.0797068725678347E7
 1031 5 14 5 10 16 1.0801664964596724E7
 1032 6 14 4 10 16 1.0806551670248242E7
 1033 5 14 5 10 16 1.0810570214811673E7
 1034 5 14 5 10 16 1.0814764603479542E7
 1035 6 14 4 10 16 1.0818772974449525E7
 1036 5 14 5 10 16 1.0823497987995699E7
 1037 7 12 4 11 16 1.0827580625380289E7
 1038 4 14 5 11 16 1.0832949069480216E7
 1039 5 13 5 11 16 1.083676222508811E7
 1040 5 14 4 11 16 1.0842124097179215E7
 1041 4 15 5 10 16 1.0846140961418314E7
 1042 5 14 4 10 17 1.085043419496902E7
 1043 6 13 5 10 16 1.0854827642885378E7
 1044 5 14 5 10 16 1.0859395234123511E7
 1045 5 14 4 10 17 1.0863542462135563E7
 1046 5 14 4 10 17 1.0868224031619538E7
 1047 6 13 4 10 17 1.0873156098055463E7
 1048 4 15 4 10 17 1.0877663219951505E7
 1049 5 14 4 10 17 1.0882017342160609E7
 1050 6 13 4 10 17 1.0885892742488427E7
 1051 4 15 4 10 17 1.0890693716881968E7
 1052 5 14 4 10 17 1.0896631834132357E7
 1053 7 12 4 10 17 1.0900933269261852E7
 1054 5 14 4 10 17 1.0905444628527317E7
 1055 5 14 4 10 17 1.0910894488504563E7
 1056 5 14 4 10 17 1.0917051180682188E7
 1057 5 14 4 10 17 1.092273933097324E7
 1058 4 15 4 10 17 1.0928977496443218E7
 1059 5 14 4 10 17 1.0934665375675047E7
 1060 3 16 4 10 17 1.0940385915708179E7
 1061 4 15 4 10 17 1.0946265213201396E7
 1062 5 14 4 10 17 1.0951618530758476E7
 1063 6 13 4 10 17 1.0955879365067149E7
 1064 5 14 4 10 17 1.0959587565012198E7
 1065 6 13 4 10 17 1.0963391018047262E7
 1066 5 14 4 10 17 1.0968015505300652E7
 1067 6 13 4 10 17 1.0972792333954535E7
 1068 6 13 4 10 17 1.0978240033137966E7
 1069 5 14 4 10 17 1.098256521821991E7
 1070 6 13 4 10 17 1.0986634520856826E7
 1071 5 14 4 10 17 1.0991646272222765E7
 1072 5 15 5 9 16 1.100227893876469E7
 1073 6 15 5 9 15 1.101347838634739E7
 1074 5 15 4 10 16 1.1024928178596225E7
 1075 7 13 4 10 16 1.1036420568860598E7
 1076 6 14 4 10 16 1.1047358615194507E7
 1077 6 13 4 10 17 1.1059070472466417E7
 1078 6 15 5 9 15 1.1070468588703826E7
 1079 6 15 4 9 16 1.10821502208619E7
 1080 4 15 5 10 16 1.1093153183498323E7
 1081 6 14 4 10 16 1.1104927158415046E7
 1082 7 14 4 10 15 1.1116006271244194E7
 1083 5 14 5 11 15 1.1126833377317255E7
 1084 4 14 4 11 17 1.113796209159222E7
 1085 5 15 5 10 15 1.1148477633185072E7
 1086 6 14 5 10 15 1.1160297297679806E7
 1087 6 14 4 10 16 1.1171191520682376E7
 1088 7 13 4 10 16 1.1182908217162186E7
 1089 7 13 4 10 16 1.1193927396513097E7
 1090 6 15 5 9 15 1.120445384005336E7
 1091 5 16 5 9 15 1.1216694994730044E7
 1092 6 14 6 9 15 1.12294960673776E7
 1093 5 15 6 9 15 1.1241809184620013E7
 1094 5 15 5 10 15 1.1253646925381774E7
 1095 4 16 6 10 14 1.1265909500314638E7
 1096 5 15 6 10 14 1.1277150697257243E7
 1097 5 15 6 10 14 1.1288268651647761E7
 1098 4 15 6 10 15 1.129923368729707E7
 1099 4 17 5 9 15 1.1311015634655273E7
 1100 4 17 5 9 15 1.1323287966901356E7
 1101 5 15 5 9 16 1.1335471771800162E7
 1102 4 16 4 9 17 1.1346856052342042E7
 1103 5 14 4 10 17 1.1359096247888815E7
 1104 7 13 5 10 15 1.137023483945283E7
 1105 7 13 5 10 15 1.1381109905173073E7
 1106 6 14 4 10 16 1.1392067071992148E7
 1107 4 15 4 10 17 1.1402757210557625E7
 1108 5 14 4 10 17 1.1414497221943285E7
 1109 5 16 5 9 15 1.1426494197105624E7
 1110 5 15 6 9 15 1.143808856034942E7
 1111 5 15 6 9 15 1.14502766016583E7
 1112 5 15 6 9 15 1.146203032225649E7
 1113 5 15 6 9 15 1.1472959075506411E7
 1114 5 14 6 10 15 1.1484260302796762E7
 1115 7 13 5 10 15 1.149634345572191E7
 1116 6 14 5 9 16 1.1507200418986756E7
 1117 5 15 5 10 15 1.1518307822255656E7
 1118 4 15 6 10 15 1.1530861782445736E7
 1119 5 14 6 10 15 1.1543118814245762E7
 1120 6 14 5 10 15 1.1555509693984069E7
 1121 5 14 6 10 15 1.156713408268683E7
 1122 6 13 6 10 15 1.1577974473503333E7
 1123 5 15 6 9 15 1.158963186571046E7
 1124 5 15 6 9 15 1.1602071291616995E7
 1125 5 14 6 10 15 1.1615002344927587E7
 1126 6 14 5 10 15 1.1626524437638069E7
 1127 5 14 6 10 15 1.1637739537821434E7
 1128 6 14 5 10 15 1.164834322094609E7
 1129 6 13 6 10 15 1.165995463685454E7
 1130 5 16 5 9 15 1.1671599147119159E7
 1131 5 14 6 10 15 1.1684957667799015E7
 1132 6 14 5 10 15 1.1697208687256133E7
 1133 5 14 6 10 15 1.170963533651175E7
 1134 4 14 6 11 15 1.1721782784261568E7
 1135 4 15 6 10 15 1.1734244875918772E7
 1136 6 14 5 10 15 1.1745635875895517E7
 1137 4 15 6 10 15 1.1757851892116982E7
 1138 5 14 6 10 15 1.176906932645096E7
 1139 4 15 6 10 15 1.1779181319382584E7
 1140 3 16 5 10 16 1.1791270777189601E7
 1141 5 15 5 9 16 1.1803905496418156E7
 1142 5 15 5 10 15 1.1814972800813235E7
 1143 5 15 5 10 15 1.182607715139371E7
 1144 5 14 5 10 16 1.1836407242607111E7
 1145 6 14 5 10 15 1.1848723980341153E7
 1146 5 14 4 10 17 1.1860170228905583E7
 1147 5 14 5 10 16 1.1871388591828043E7
 1148 6 13 4 10 17 1.188221954078832E7
 1149 4 16 4 9 17 1.1893949402257338E7
 1150 4 16 4 9 17 1.1905814910709787E7
 1151 4 16 4 9 17 1.1917440766617376E7
 1152 5 15 4 9 17 1.1929493690264385E7
 1153 6 14 4 9 17 1.1941280099469619E7
 1154 6 14 4 9 17 1.1952933352446795E7
 1155 5 14 4 10 17 1.1964333431642251E7
 1156 5 14 4 10 17 1.1975909863913419E7
 1157 5 14 4 10 17 1.1987655257262774E7
 1158 5 14 4 10 17 1.1999244264893027E7
 1159 6 13 4 10 17 1.2010742421761762E7
 1160 5 14 4 10 17 1.202305808323914E7
 1161 5 14 4 10 17 1.2034569341381334E7
 1162 5 14 4 10 17 1.2045731036599483E7
 1163 5 14 4 10 17 1.2057444211081924E7
 1164 5 14 4 10 17 1.207057035556243E7
 1165 6 13 5 10 16 1.208195758142238E7
 1166 5 14 5 10 16 1.2094239733757138E7
 1167 5 14 5 10 16 1.2106136998332229E7
 1168 5 14 5 10 16 1.2119552768753393E7
 1169 6 14 5 10 15 1.2131955973595757E7
 1170 4 15 5 10 16 1.2144525871134501E7
 1171 6 13 6 10 15 1.2156483083693156E7
 1172 5 14 5 10 16 1.2170459953872204E7
 1173 7 13 5 11 14 1.218238142016008E7
 1174 5 14 6 10 15 1.2193684938214445E7
 1175 6 13 6 10 15 1.2205736511133872E7
 1176 5 14 6 10 15 1.221638254150336E7
 1177 5 14 5 11 15 1.2228382696343947E7
 1178 7 13 6 10 14 1.2239525383059984E7
 1179 6 13 5 10 16 1.2250495882145887E7
 1180 2 16 5 11 16 1.226237274294939E7
 1181 4 15 5 10 16 1.2273468466801148E7
 1182 5 14 5 10 16 1.2284961196187524E7
 1183 3 15 5 11 16 1.229519894517987E7
 1184 5 14 5 10 16 1.2306520886989927E7
 1185 5 14 4 10 17 1.2317036248394487E7
 1186 5 14 4 10 17 1.2328294918555232E7
 1187 5 14 4 10 17 1.2339342079825694E7
 1188 5 14 4 10 17 1.2350784657637725E7
 1189 5 14 4 10 17 1.2362262428872881E7
 1190 5 14 5 10 16 1.2373449735937774E7
 1191 6 13 5 10 16 1.238494705421373E7
 1192 5 15 4 10 16 1.2396219368036618E7
 1193 5 15 4 10 16 1.2406155046656912E7
 1194 5 14 6 10 15 1.241744398434801E7
 1195 4 15 4 11 16 1.242786670273224E7
 1196 5 14 5 10 16 1.2439049099813359E7
 1197 5 14 5 10 16 1.2450883832820058E7
 1198 4 16 4 10 16 1.2461491582294414E7
 1199 5 15 4 9 17 1.2471856927914545E7
 1200 4 15 5 10 16 1.2481253497862456E7
 1201 5 14 5 10 16 1.2492752693366926E7
 1202 6 14 4 10 16 1.2503976012692552E7
 1203 6 14 4 10 16 1.2515758776314534E7
 1204 5 14 4 11 16 1.252763019159984E7
 1205 6 14 4 10 16 1.2539704565517113E7
 1206 5 15 4 9 17 1.2551676018735003E7
 1207 4 14 4 11 17 1.2563997272917805E7
 1208 4 14 4 11 17 1.257534673696249E7
 1209 5 14 4 10 17 1.2586606875990748E7
 1210 5 14 4 10 17 1.2598542399545252E7
 1211 3 15 4 11 17 1.2610136660643458E7
 1212 4 14 4 11 17 1.262030691990117E7
 1213 4 15 4 10 17 1.2631669535556316E7
 1214 5 15 4 9 17 1.264328586464169E7
 1215 5 15 4 9 17 1.2655302424059527E7
 1216 4 16 4 9 17 1.266695072701077E7
 1217 5 15 4 9 17 1.2678993574536296E7
 1218 6 14 4 9 17 1.2690614198135655E7
 1219 6 14 4 9 17 1.2702771832969502E7
 1220 5 15 4 9 17 1.2714196223837702E7
 1221 4 15 4 10 17 1.2725417167893808E7
 1222 5 14 4 10 17 1.2735813092882797E7
 1223 5 15 4 9 17 1.2748996682351936E7
 1224 6 14 4 9 17 1.276088404853267E7
 1225 5 15 4 9 17 1.2773418036504176E7
 1226 6 14 4 9 17 1.2785543857938511E7
 1227 5 13 4 11 17 1.2797668050864587E7
 1228 6 13 4 10 17 1.2809622169459462E7
 1229 6 13 4 10 17 1.2821455708708132E7
 1230 5 13 4 11 17 1.2832384324643986E7
 1231 4 15 4 10 17 1.2843547556287205E7
 1232 4 15 4 10 17 1.2854446546912305E7
 1233 2 16 4 11 17 1.2865085064269306E7
 1234 4 15 4 10 17 1.2876025035318935E7
 1235 6 13 4 10 17 1.2887139763732988E7
 1236 5 14 4 10 17 1.2897941693678414E7
 1237 5 15 4 9 17 1.2908789782926073E7
 1238 4 16 4 9 17 1.2920130021389717E7
 1239 4 15 4 10 17 1.2930827106149333E7
 1240 5 14 4 10 17 1.294139809007746E7
 1241 5 14 4 10 17 1.2953815882833622E7
 1242 4 15 4 10 17 1.2965269367270578E7
 1243 5 14 4 10 17 1.2976921229407659E7
 1244 6 14 4 9 17 1.2988470283862565E7
 1245 5 15 4 9 17 1.2999795135556221E7
 1246 5 14 4 10 17 1.301159171195862E7
 1247 6 14 4 10 16 1.3021823785286449E7
 1248 5 15 4 10 16 1.3034086815826945E7
 1249 7 13 4 10 16 1.30444788535281E7
 1250 6 14 4 10 16 1.3056347308623211E7
 1251 6 14 4 10 16 1.3067077657648101E7
 1252 6 13 4 10 17 1.3079323495734567E7
 1253 5 14 4 10 17 1.3091170165073937E7
 1254 6 14 4 10 16 1.3101952629059704E7
 1255 6 14 4 10 16 1.3113447995848065E7
 1256 7 14 5 9 15 1.3125179947111243E7
 1257 5 15 4 10 16 1.313589010219126E7
 1258 4 15 5 10 16 1.3147319210299604E7
 1259 6 14 5 10 15 1.3157879373850046E7
 1260 6 15 5 9 15 1.3169693087980067E7
 1261 4 15 6 10 15 1.3179336202411968E7
 1262 3 15 5 11 16 1.319042161348857E7
 1263 4 15 5 10 16 1.3201310257519254E7
 1264 5 15 5 9 16 1.3213518575873103E7
 1265 4 16 4 9 17 1.322537340937805E7
 1266 3 15 4 11 17 1.3236981383973945E7
 1267 4 15 4 10 17 1.3249485127438765E7
 1268 6 13 4 10 17 1.3261512968830878E7
 1269 5 13 4 11 17 1.3272284072981833E7
 1270 4 16 4 9 17 1.3285162340959523E7
 1271 5 14 4 10 17 1.3297248257417895E7
 1272 4 14 4 11 17 1.3308408945846248E7
 1273 5 14 4 10 17 1.3320204179692004E7
 1274 5 14 4 10 17 1.3330800245572148E7
 1275 5 15 5 9 16 1.3341401819962643E7
 1276 5 14 5 10 16 1.3353290018034222E7
 1277 6 13 5 10 16 1.3364493547006557E7
 1278 5 15 5 10 15 1.3375773589218283E7
 1279 6 14 5 10 15 1.3385563385263458E7
 1280 4 16 4 10 16 1.3396374691607771E7
 1281 4 14 5 11 16 1.3407243050826177E7
 1282 4 14 5 11 16 1.3418701217363564E7
 1283 4 14 5 11 16 1.3429532585333312E7
 1284 5 14 4 11 16 1.3441475202679785E7
 1285 4 14 5 11 16 1.3453407946859563E7
 1286 5 15 4 10 16 1.3466114547653317E7
 1287 4 13 5 12 16 1.3477331923435332E7
 1288 4 14 5 11 16 1.3489281903669577E7
 1289 5 13 5 11 16 1.350088492157015E7
 1290 4 13 5 12 16 1.3513313622524763E7
 1291 3 14 5 12 16 1.3522844007469354E7
 1292 4 15 5 10 16 1.3535172795462003E7
 1293 6 13 5 10 16 1.3545688556844048E7
 1294 5 15 5 9 16 1.3557995911023162E7
 1295 6 14 5 9 16 1.3569920152783873E7
 1296 4 15 5 10 16 1.3581769801818047E7
 1297 6 14 5 9 16 1.359317211402123E7
 1298 5 13 5 11 16 1.3603444036801927E7
 1299 4 15 5 10 16 1.361479963961706E7
 1300 4 15 5 10 16 1.3624919765263224E7
 1301 4 16 5 9 16 1.3637453131285911E7
 1302 4 14 5 11 16 1.364833999104742E7
 1303 5 13 4 11 17 1.365933822106549E7
 1304 4 15 5 10 16 1.3671710150662368E7
 1305 4 15 5 10 16 1.3683551841546219E7
 1306 4 16 4 10 16 1.3695424505969748E7
 1307 4 15 5 10 16 1.3707812065614905E7
 1308 5 14 5 11 15 1.3719693987871641E7
 1309 5 16 5 9 15 1.373261321932718E7
 1310 5 14 5 11 15 1.374568392058713E7
 1311 5 14 6 10 15 1.3757594233636037E7
 1312 6 15 5 10 14 1.3770896292760817E7
 1313 5 16 6 9 14 1.3782354298035085E7
 1314 5 14 5 11 15 1.379508719886777E7
 1315 6 14 5 11 14 1.380802008522775E7
 1316 6 13 4 12 15 1.3819732516531207E7
 1317 6 13 5 11 15 1.3832801808931703E7
 1318 6 14 4 11 15 1.3845420920213656E7
 1319 6 14 4 11 15 1.3858454051691573E7
 1320 7 14 5 9 15 1.3871345236462006E7
 1321 7 13 4 11 15 1.3883777356938813E7
 1322 6 13 5 11 15 1.3895315193584638E7
 1323 5 14 5 11 15 1.3907494022419514E7
 1324 5 14 4 11 16 1.3919601237473285E7
 1325 5 13 4 12 16 1.3931206997433515E7
 1326 4 15 4 10 17 1.3944035470690088E7
 1327 5 15 4 10 16 1.3956952162725313E7
 1328 6 14 5 10 15 1.3970321371160619E7
 1329 6 15 5 10 14 1.3983027288915806E7
 1330 5 15 6 10 14 1.3996512760812897E7
 1331 5 15 6 10 14 1.4009967959859228E7
 1332 5 16 6 9 14 1.4023897734860828E7
 1333 5 16 6 9 14 1.4037433865994914E7
 1334 6 15 6 9 14 1.4050059113048963E7
 1335 7 14 6 9 14 1.4061652650083883E7
 1336 4 15 5 11 15 1.407514647538336E7
 1337 6 14 5 10 15 1.4087642189709896E7
 1338 4 15 5 10 16 1.4100443597469233E7
 1339 6 14 4 9 17 1.4112791990243359E7
 1340 4 16 4 9 17 1.4125067457102299E7
 1341 5 14 4 10 17 1.4137651833736388E7
 1342 5 14 4 10 17 1.4150404735450754E7
 1343 4 14 4 11 17 1.4163229444139235E7
 1344 4 14 4 11 17 1.4175062550291657E7
 1345 4 14 4 11 17 1.4186953031814395E7
 1346 5 14 4 10 17 1.4198639044706438E7
 1347 4 15 4 10 17 1.4209996645044142E7
 1348 4 15 4 10 17 1.4221477146441324E7
 1349 4 14 4 11 17 1.423363538343954E7
 1350 4 14 4 11 17 1.4245565428223636E7
 1351 3 15 4 11 17 1.4257320535336077E7
 1352 4 14 4 11 17 1.426820974905907E7
 1353 4 15 4 10 17 1.4280467676920798E7
 1354 5 14 4 10 17 1.4292822503673933E7
 1355 6 13 4 10 17 1.4304342506732669E7
 1356 6 13 4 10 17 1.4315823016214555E7
 1357 5 14 4 10 17 1.4327503663644485E7
 1358 5 14 4 10 17 1.4340817033821234E7
 1359 6 13 4 11 16 1.4353940983418688E7
 1360 6 14 4 10 16 1.436775184273743E7
 1361 6 13 5 10 16 1.4379927437696164E7
 1362 4 14 4 11 17 1.4392112068138773E7
 1363 4 16 4 10 16 1.4404462007332753E7
 1364 5 15 4 10 16 1.4416506661396451E7
 1365 3 16 4 11 16 1.4428585757945504E7
 1366 3 16 4 11 16 1.4439980129503734E7
 1367 5 14 4 11 16 1.4452163733438307E7
 1368 3 14 4 12 17 1.446437273571832E7
 1369 3 14 4 12 17 1.4476014631979201E7
 1370 5 13 4 11 17 1.4486977060990596E7
 1371 4 15 4 10 17 1.4498624621599052E7
 1372 5 14 4 10 17 1.4510185695991475E7
 1373 4 15 4 10 17 1.452164725110798E7
 1374 4 15 4 10 17 1.4532983367132686E7
 1375 4 13 4 12 17 1.454359376743017E7
 1376 3 15 4 11 17 1.4555309636649815E7
 1377 5 14 4 10 17 1.4567017787730057E7
 1378 5 14 4 10 17 1.4579666757679539E7
 1379 4 14 4 11 17 1.4591724850059126E7
 1380 4 14 4 11 17 1.46041795059911E7
 1381 5 14 4 10 17 1.4616006716886487E7
 1382 5 14 4 10 17 1.4628735119475892E7
 1383 6 13 4 10 17 1.464026211268024E7
 1384 6 13 4 10 17 1.4651630945799373E7
 1385 6 13 4 10 17 1.466417301838563E7
 1386 6 13 4 10 17 1.4676282408866808E7
 1387 5 14 4 10 17 1.4688545765489785E7
 1388 5 14 4 10 17 1.4701052091840308E7
 1389 5 14 4 10 17 1.4712789985138195E7
 1390 4 15 5 10 16 1.472548991843687E7
 1391 5 14 4 10 17 1.4738372319892075E7
 1392 5 14 4 10 17 1.4750265830540711E7
 1393 5 14 4 10 17 1.476266516758481E7
 1394 5 13 4 11 17 1.4775910475549623E7
 1395 5 13 4 11 17 1.4788623582958236E7
 1396 5 15 4 9 17 1.4801692918204783E7
 1397 6 14 4 9 17 1.481416356237671E7
 1398 6 14 4 9 17 1.4827490061093558E7
 1399 4 15 4 10 17 1.4840187227932435E7
 1400 3 14 4 12 17 1.4852040282655673E7
 1401 3 14 4 12 17 1.4863596602996238E7
 1402 5 13 4 11 17 1.487482327436083E7
 1403 5 14 4 10 17 1.4886491771474965E7
 1404 5 14 4 10 17 1.489748848612965E7
 1405 4 15 4 10 17 1.4909819199884664E7
 1406 4 15 4 10 17 1.49218423184942E7
 1407 4 14 4 11 17 1.4933483997263584E7
 1408 4 16 4 9 17 1.4946929994287953E7
 1409 4 15 4 10 17 1.4958937540681414E7
 1410 6 15 4 9 16 1.4971915834505305E7
 1411 6 14 4 10 16 1.4984868346256569E7
 1412 5 15 4 9 17 1.4998424124909936E7
 1413 5 15 4 9 17 1.5012439799031999E7
 1414 5 15 4 9 17 1.5026091249021156E7
 1415 4 15 4 10 17 1.5038550857379548E7
 1416 5 14 4 10 17 1.5051442446397664E7
 1417 6 13 4 10 17 1.5064455717538232E7
 1418 3 15 4 11 17 1.5077000556933733E7
 1419 6 15 4 9 16 1.5089351938950116E7
 1420 4 16 4 9 17 1.5101445202695716E7
 1421 5 14 4 10 17 1.5114034128588455E7
 1422 4 14 4 11 17 1.5126646235872062E7
 1423 6 13 4 11 16 1.5137658667914527E7
 1424 5 16 5 8 16 1.515059137065385E7
 1425 6 15 5 8 16 1.5162802042010222E7
 1426 4 16 5 9 16 1.5174914824278327E7
 1427 7 15 4 8 16 1.5187226982262595E7
 1428 6 15 5 8 16 1.519882754280253E7
 1429 8 14 4 8 16 1.5212189110582845E7
 1430 6 15 6 8 15 1.522519047967415E7
 1431 7 15 5 8 15 1.5238667471733144E7
 1432 4 15 6 9 16 1.525174411762431E7
 1433 4 15 6 9 16 1.5264378178768957E7
 1434 5 15 6 8 16 1.527710411998294E7
 1435 6 15 6 8 15 1.5289903739689851E7
 1436 6 15 6 8 15 1.5302846891600534E7
 1437 6 15 6 8 15 1.5316062487787701E7
 1438 6 15 5 9 15 1.533053984332471E7
 1439 6 15 6 9 14 1.5344179007821307E7
 1440 6 16 6 8 14 1.535624994589701E7
 1441 5 16 7 8 14 1.5369526992813258E7
 1442 7 15 5 8 15 1.5381477347148897E7
 1443 6 15 7 8 14 1.5394735022604953E7
 1444 7 15 5 8 15 1.5406159818387914E7
 1445 6 15 7 8 14 1.541865215449745E7
 1446 7 15 5 8 15 1.543120370673986E7
 1447 8 14 6 8 14 1.544466334545019E7
 1448 8 14 6 8 14 1.5456895707860254E7
 1449 6 15 7 8 14 1.5470279868054187E7
 1450 7 15 6 8 14 1.5483718295397667E7
 1451 6 14 7 9 14 1.5495738378364597E7
 1452 7 15 5 8 15 1.5509496007721107E7
 1453 6 14 6 9 15 1.5521000798165713E7
 1454 4 15 6 10 15 1.5532797287284357E7
 1455 5 15 4 10 16 1.5545096567126805E7
 1456 6 14 5 10 15 1.5556531747139579E7
 1457 6 14 5 10 15 1.556888830018089E7
 1458 5 14 6 10 15 1.5581179111740137E7
 1459 6 15 5 9 15 1.5593296467582176E7
 1460 6 16 4 8 16 1.560554975865525E7
 1461 7 15 4 8 16 1.5618808094733426E7
 1462 4 16 5 8 17 1.5631876125359751E7
 1463 6 15 5 8 16 1.5644373999717195E7
 1464 6 15 4 8 17 1.565660882047478E7
 1465 5 15 5 8 17 1.5669944844363011E7
 1466 5 15 5 8 17 1.5683016821258355E7
 1467 5 15 4 9 17 1.5695949684327729E7
 1468 4 16 4 9 17 1.5708458460803935E7
 1469 6 15 4 8 17 1.5720531517851276E7
 1470 5 15 5 8 17 1.5732400546475181E7
 1471 5 16 4 8 17 1.5745524959725803E7
 1472 4 15 5 9 17 1.5758100709375128E7
 1473 5 15 4 9 17 1.5770817117650114E7
 1474 5 15 6 8 16 1.5783081950221853E7
 1475 4 15 6 9 16 1.579602396685441E7
 1476 3 15 5 10 17 1.5808184799749307E7
 1477 5 15 5 9 16 1.5820492206610966E7
 1478 5 14 6 9 16 1.5833252336230347E7
 1479 4 14 6 10 16 1.5845706737095453E7
 1480 5 14 6 9 16 1.5856810028429514E7
 1481 4 15 6 9 16 1.5869348645139346E7
 1482 5 13 6 10 16 1.5879696820757851E7
 1483 6 13 6 9 16 1.5890974066836184E7
 1484 5 14 6 9 16 1.5902584886099255E7
 1485 4 14 6 10 16 1.5914427632906234E7
 1486 4 15 5 10 16 1.592541645072115E7
 1487 5 14 6 9 16 1.593749852499212E7
 1488 5 14 6 9 16 1.5949893835167104E7
 1489 5 14 6 9 16 1.5961600042332528E7
 1490 4 15 6 9 16 1.597491366441213E7
 1491 5 14 6 9 16 1.5987396543106284E7
 1492 5 14 6 9 16 1.5998702848240059E7
 1493 3 16 5 10 16 1.6010776263492387E7
 1494 4 15 6 9 16 1.6023533609921547E7
 1495 5 14 5 10 16 1.603560031631841E7
 1496 3 15 6 10 16 1.6048340761668032E7
 1497 6 13 5 10 16 1.6060599535089128E7
 1498 5 13 6 10 16 1.6072973544636283E7
 1499 4 14 6 10 16 1.6085173063986495E7
 1500 5 13 6 10 16 1.6098148119600134E7
 1501 5 15 5 9 16 1.6110134325565934E7
 1502 4 15 6 9 16 1.6122480018361086E7
 1503 5 14 5 10 16 1.6134498754902348E7
 1504 3 15 6 10 16 1.6146113751451498E7
 1505 4 15 6 9 16 1.615916770398467E7
 1506 5 14 5 9 17 1.6172151870710379E7
 1507 5 14 5 9 17 1.618383171740782E7
 1508 4 14 5 10 17 1.619601915206757E7
 1509 4 14 5 10 17 1.6207878302352566E7
 1510 5 14 5 9 17 1.6219569658905037E7
 1511 3 15 5 10 17 1.623172644438104E7
 1512 4 15 5 9 17 1.6244230141387505E7
 1513 6 13 5 9 17 1.6256219765980978E7
 1514 5 14 5 9 17 1.626884877286139E7
 1515 4 14 5 10 17 1.6280398731176164E7
 1516 4 15 5 9 17 1.6292551684049962E7
 1517 4 15 5 9 17 1.630510489537791E7
 1518 5 14 5 9 17 1.6317183829759749E7
 1519 5 15 4 9 17 1.6328797194314925E7
 1520 3 16 5 9 17 1.6340261466770584E7
 1521 5 16 4 8 17 1.6352736840606067E7
 1522 5 15 5 8 17 1.6365340825588552E7
 1523 3 16 5 9 17 1.6377846250710307E7
 1524 3 16 5 9 17 1.6388769733467078E7
 1525 6 15 4 8 17 1.640157008333917E7
 1526 3 16 5 9 17 1.6413148722030386E7
 1527 4 16 5 8 17 1.6425506367941428E7
 1528 3 16 5 9 17 1.64378671984636E7
 1529 4 15 5 9 17 1.6449139274328334E7
 1530 5 16 4 8 17 1.6460684977552237E7
 1531 4 15 5 9 17 1.6473320601632033E7
 1532 4 15 5 9 17 1.6486560934301736E7
 1533 3 15 5 10 17 1.6498996744203748E7
 1534 4 16 5 8 17 1.6511130085304163E7
 1535 4 16 4 9 17 1.6523610116220798E7
 1536 4 15 5 9 17 1.653626772804069E7
 1537 5 15 5 8 17 1.6548417355001086E7
 1538 4 15 5 9 17 1.6559706765322108E7
 1539 3 14 5 11 17 1.6571424801939962E7
 1540 4 14 5 10 17 1.6582578459803814E7
 1541 6 14 4 10 16 1.6593883963950513E7
 1542 4 14 5 11 16 1.6605964728023827E7
 1543 5 14 5 10 16 1.6616997678907476E7
 1544 4 14 6 10 16 1.6628533039082095E7
 1545 3 15 6 10 16 1.6640198488043247E7
 1546 5 15 5 9 16 1.6652219262974696E7
 1547 6 15 4 9 16 1.6665331372471562E7
 1548 5 14 6 10 15 1.6678146195063805E7
 1549 6 14 6 9 15 1.66904677771034E7
 1550 5 15 6 9 15 1.6702613406606004E7
 1551 7 14 5 9 15 1.67149003232814E7
 1552 6 14 6 9 15 1.6727022005492179E7
 1553 6 15 5 9 15 1.6738713928724462E7
 1554 4 15 6 10 15 1.675058874898585E7
 1555 5 14 5 10 16 1.676123697550284E7
 1556 5 15 5 9 16 1.6773705032013364E7
 1557 5 15 5 9 16 1.678572894151969E7
 1558 4 15 5 10 16 1.679892081504544E7
 1559 3 15 6 10 16 1.681118280152694E7
 1560 5 15 5 9 16 1.682265766352243E7
 1561 6 14 5 9 16 1.6834499384364124E7
 1562 7 14 4 9 16 1.684736012633022E7
 1563 5 14 6 9 16 1.6858882483727716E7
 1564 3 15 6 10 16 1.6870455474000983E7
 1565 4 15 5 10 16 1.6882570405260824E7
 1566 5 14 6 9 16 1.6894089474217396E7
 1567 4 15 5 10 16 1.6905542398643117E7
 1568 4 15 6 9 16 1.6916847061473183E7
 1569 7 14 4 9 16 1.6927798090526227E7
 1570 5 14 5 9 17 1.693887013817005E7
 1571 5 14 5 9 17 1.694947895033493E7
 1572 6 14 4 9 17 1.6961018588173598E7
 1573 5 15 5 8 17 1.6972193267462775E7
 1574 4 16 4 9 17 1.6984241020127356E7
 1575 4 15 4 10 17 1.699619614603349E7
 1576 4 15 5 9 17 1.7008050802417975E7
 1577 3 15 5 10 17 1.7019428217062224E7
 1578 4 14 5 10 17 1.703052634568483E7
 1579 4 15 5 9 17 1.7041900199064508E7
 1580 6 15 5 8 16 1.7054975360393353E7
 1581 5 15 6 8 16 1.7068145321362693E7
 1582 5 14 5 9 17 1.708056678006356E7
 1583 4 15 5 9 17 1.709248849158879E7
 1584 5 15 5 9 16 1.7105476781578556E7
 1585 6 13 5 9 17 1.7117151355946373E7
 1586 4 15 5 9 17 1.7128878803902864E7
 1587 3 14 5 11 17 1.7139517185609676E7
 1588 5 14 4 10 17 1.715136842302665E7
 1589 5 13 5 10 17 1.7162862545498967E7
 1590 4 14 5 10 17 1.7174191316898376E7
 1591 3 15 5 10 17 1.718658240624933E7
 1592 4 14 5 10 17 1.71982408150938E7
 1593 4 16 5 8 17 1.7211522863434605E7
 1594 4 15 5 9 17 1.7223336238392808E7
 1595 5 15 4 9 17 1.7235686329399634E7
 1596 5 14 5 9 17 1.724694639177826E7
 1597 5 14 4 10 17 1.7258619226286612E7
 1598 6 14 4 9 17 1.7271011113075566E7
 1599 4 14 5 10 17 1.7283160441992067E7
 1600 5 14 5 9 17 1.729393550949277E7
 1601 5 15 4 9 17 1.730614803290732E7
 1602 4 16 5 8 17 1.731942092115231E7
 1603 5 15 5 8 17 1.733103998515237E7
 1604 6 15 4 8 17 1.7343139239578966E7
 1605 6 14 5 8 17 1.7356032619419143E7
 1606 6 14 5 8 17 1.736740968677775E7
 1607 7 13 4 9 17 1.7378699419974096E7
 1608 5 14 5 9 17 1.7389213390314296E7
 1609 5 15 4 9 17 1.7401918520042717E7
 1610 4 14 5 10 17 1.741251767517843E7
 1611 4 15 5 9 17 1.742382029848949E7
 1612 3 15 5 10 17 1.743435883515596E7
 1613 6 15 4 8 17 1.7446537667195775E7
 1614 6 15 4 8 17 1.7459848122222107E7
 1615 5 15 5 8 17 1.747245011775343E7
 1616 6 15 4 8 17 1.7485603398349475E7
 1617 5 15 6 8 16 1.7498444902230114E7
 1618 4 16 5 8 17 1.7508971859286405E7
 1619 5 16 5 8 16 1.752120739007849E7
 1620 5 15 6 8 16 1.753427072880434E7
 1621 5 15 6 8 16 1.75464731854681E7
 1622 3 15 6 10 16 1.7557679259165365E7
 1623 4 15 6 9 16 1.7568480739532202E7
 1624 5 15 5 9 16 1.758059274425477E7
 1625 5 14 5 9 17 1.7592487758467294E7
 1626 5 14 4 10 17 1.7603466079445377E7
 1627 5 16 4 8 17 1.761525708442807E7
 1628 5 16 4 8 17 1.762759987499617E7
 1629 4 14 4 11 17 1.7638197381782703E7
 1630 4 14 5 10 17 1.764908292984602E7
 1631 5 14 4 10 17 1.7662051030158054E7
 1632 4 14 5 10 17 1.7673352690278217E7
 1633 4 14 4 11 17 1.7685797333959065E7
 1634 4 14 5 10 17 1.769635803475231E7
 1635 5 14 4 10 17 1.770719043261671E7
 1636 5 14 4 10 17 1.771849690536909E7
 1637 4 14 5 10 17 1.7730739874699052E7
 1638 5 14 4 10 17 1.7743267794534832E7
 1639 3 15 5 10 17 1.7755644592963614E7
 1640 5 16 4 8 17 1.7767974399336718E7
 1641 5 15 4 9 17 1.7778993273124263E7
 1642 2 16 5 10 17 1.7790770780290402E7
 1643 6 14 4 9 17 1.7802612153561115E7
 1644 3 16 5 9 17 1.7815088681070734E7
 1645 5 15 4 9 17 1.782698550862398E7
 1646 4 15 5 9 17 1.7839653674412813E7
 1647 6 14 4 9 17 1.785237738337015E7
 1648 4 14 5 10 17 1.7864578756152682E7
 1649 6 14 4 9 17 1.787557483345385E7
 1650 3 15 5 10 17 1.788785447304038E7
 1651 5 14 5 9 17 1.7898896650561158E7
 1652 5 15 4 9 17 1.7911374890331104E7
 1653 6 14 4 9 17 1.7922585144560773E7
 1654 5 15 4 9 17 1.79348002133732E7
 1655 4 15 5 9 17 1.794552891724879E7
 1656 4 15 4 10 17 1.7958226291272E7
 1657 4 15 5 9 17 1.7970486348716494E7
 1658 5 13 5 10 17 1.798282856923327E7
 1659 5 14 5 9 17 1.7994877891673964E7
 1660 5 13 5 10 17 1.800742312916024E7
 1661 6 14 4 9 17 1.8019921860122867E7
 1662 4 15 5 9 17 1.803176766921809E7
 1663 5 15 4 9 17 1.8043325647104584E7
 1664 5 14 4 10 17 1.8054797777017538E7
 1665 6 13 4 10 17 1.8066297128429905E7
 1666 6 15 4 8 17 1.8078197203934696E7
 1667 5 16 4 8 17 1.8090236458614893E7
 1668 7 13 4 9 17 1.810029729238023E7
 1669 5 15 4 9 17 1.811176187472783E7
 1670 5 15 4 9 17 1.8122999019633126E7
 1671 4 14 4 11 17 1.8133810890146755E7
 1672 6 13 4 10 17 1.8145019679771483E7
 1673 5 16 4 8 17 1.815769628758588E7
 1674 5 15 4 9 17 1.8168856004096624E7
 1675 6 14 4 9 17 1.818063418761543E7
 1676 5 15 4 10 16 1.8191273958670095E7
 1677 4 15 6 9 16 1.8202760443707436E7
 1678 6 14 5 9 16 1.8214933014329083E7
 1679 4 16 6 8 16 1.8226916359419577E7
 1680 6 14 5 9 16 1.8239672194896683E7
 1681 7 13 5 9 16 1.8251401620434854E7
 1682 8 13 4 9 16 1.8263775065330986E7
 1683 6 14 5 9 16 1.8275961818422187E7
 1684 6 15 4 9 16 1.828778537498915E7
 1685 5 15 5 9 16 1.830047249644835E7
 1686 6 14 4 10 16 1.8313812477634776E7
 1687 6 14 4 10 16 1.8326493976488806E7
 1688 7 13 4 10 16 1.833823851485829E7
 1689 5 15 5 9 16 1.8351200718753826E7
 1690 5 15 4 9 17 1.8363697767162945E7
 1691 6 15 4 8 17 1.8376198431681417E7
 1692 5 14 5 9 17 1.8389624747548338E7
 1693 5 14 6 9 16 1.8400881405628096E7
 1694 4 15 4 10 17 1.841379469668371E7