 "ticks" "state 0" "state 1" "state 2" "state 3" "state 4" "bioenergy success"
 0 11 11 8 10 10 25532.429500000006
 1 11 11 9 9 10 26635.085548459803
 2 9 13 9 10 9 27641.95665921786
 3 9 13 8 11 9 28794.458459598463
 4 9 13 8 11 9 29534.460072793776
 5 9 13 8 11 9 30538.85580061276
 6 10 13 8 11 8 31407.779740434173
 7 9 13 8 11 9 32629.660492423256
 8 9 13 8 11 9 33809.447017288556
 9 9 13 8 11 9 35189.977600361315
 10 9 13 8 11 9 36653.11290147237
 11 9 12 8 11 10 37966.2390243806
 12 9 12 8 11 10 39128.76685880199
 13 9 12 8 11 10 40121.710005474764
 14 9 12 8 11 10 41465.588819987235
 15 9 12 8 11 10 42530.68559437459
 16 9 12 8 11 10 43771.341444579506
 17 9 12 8 11 10 44995.088904201715
 18 9 12 8 11 10 46228.36930548296
 19 9 12 8 11 10 47331.798712827724
 20 9 12 8 11 10 48616.71305952394
 21 9 12 8 11 10 49760.20762212558
 22 9 12 8 11 10 51193.40660389753
 23 9 12 8 11 10 52423.77945433104
 24 9 12 8 11 10 53738.0716971887
 25 9 12 8 11 10 55026.981621223895
 26 9 12 8 11 10 56224.6092490921
 27 9 12 8 11 10 57444.92610980433
 28 9 12 8 11 10 58781.17974977831
 29 9 12 8 11 10 60110.45588148921
 30 9 13 8 11 9 61519.71313032249
 31 9 13 8 11 9 63058.53734716856
 32 9 13 8 11 9 64627.71438914457
 33 9 13 8 11 9 66060.23897964174
 34 9 13 8 11 9 67471.62049928759
 35 9 13 8 11 9 68841.24290925516
 36 9 13 8 11 9 70424.58837304889
 37 9 13 8 11 9 71659.54113315413
 38 9 13 8 11 9 72952.55118831135
 39 9 13 8 11 9 74549.61233563842
 40 9 13 8 11 9 76050.28833279933
 41 9 13 8 11 9 77411.34688273886
 42 9 13 8 11 9 79129.8270101399
 43 9 13 8 11 9 80478.04378833926
 44 9 13 8 11 9 81740.5778823781
 45 9 13 8 11 9 83108.42213773738
 46 9 13 8 11 9 84287.6104501495
 47 9 13 8 11 9 85607.04848360471
 48 9 13 8 11 9 87010.29539427458
 49 9 13 8 11 9 88169.63065121441
 50 9 13 8 11 9 89701.31247201095
 51 9 13 8 11 9 90827.72612401599
 52 9 13 8 11 9 92012.33993243746
 53 9 13 8 11 9 93210.71338812534
 54 9 13 7 11 10 94469.98328494489
 55 9 12 7 11 11 95642.66472397264
 56 9 13 7 11 10 96737.01676785559
 57 9 12 7 11 11 98209.65712732097
 58 9 13 7 11 10 99421.95375652204
 59 9 13 7 11 10 100921.90786943959
 60 9 13 7 11 10 102347.5360829932
 61 9 13 7 11 10 103756.06262642897
 62 9 13 7 11 10 105317.07530729401
 63 9 13 7 11 10 106713.2708903984
 64 9 13 7 11 10 108160.8429677425
 65 9 13 7 11 10 109594.20123707225
 66 9 13 7 11 10 111072.60042161301
 67 9 13 7 11 10 112440.04743166082
 68 9 13 7 11 10 113964.63369037902
 69 9 13 7 11 10 115307.94133860909
 70 9 13 7 11 10 116868.12072740313
 71 9 13 7 11 10 118487.51099600717
 72 9 13 7 11 10 120231.44911487315
 73 9 13 7 11 10 121848.15775767375
 74 9 13 7 11 10 123360.3256146836
 75 9 13 7 11 10 124745.72225438975
 76 9 13 7 11 10 126280.78410803826
 77 9 13 7 11 10 127866.7633230795
 78 9 13 7 11 10 129405.92006399822
 79 9 13 7 11 10 131017.82788998088
 80 9 13 7 11 10 132705.297049316
 81 9 13 7 11 10 134409.57011199
 82 9 13 7 11 10 136054.6643342999
 83 9 13 7 11 10 137735.68876038207
 84 9 13 7 11 10 139612.11911589562
 85 9 13 7 11 10 141419.0789009269
 86 9 13 7 11 10 142749.96104177678
 87 9 12 7 11 11 144341.57937622434
 88 9 12 7 11 11 145945.09436141106
 89 9 12 7 11 11 147308.5024805338
 90 9 12 7 11 11 148827.91385391765
 91 9 12 7 11 11 150114.12063301605
 92 9 12 7 11 11 151792.87739899542
 93 9 13 7 11 10 153322.4992111489
 94 9 13 7 11 10 154956.09152103218
 95 9 13 7 11 10 156439.10712427183
 96 9 12 7 11 11 157617.8656316614
 97 9 12 7 11 11 159281.6140228525
 98 9 12 7 11 11 160665.52779956957
 99 9 12 7 11 11 162139.73717100202
 100 9 12 7 11 11 163684.43941439767
 101 9 12 7 11 11 165162.46366202773
 102 9 12 7 11 11 166724.67182200582
 103 9 12 7 11 11 168111.13642481633
 104 9 12 7 11 11 169495.38504474374
 105 8 12 7 12 11 170912.7874253707
 106 8 12 7 12 11 172394.19182990264
 107 8 12 7 12 11 173924.3465577063
 108 8 12 7 12 11 175484.51785639513
 109 8 12 8 12 10 177059.13505834353
 110 8 12 8 12 10 178439.70723612848
 111 8 12 8 12 10 179799.0797200239
 112 8 12 8 12 10 181119.35991259717
 113 8 12 8 12 10 182393.8113455022
 114 8 12 8 12 10 183733.50362018775
 115 8 12 8 12 10 185221.68077201478
 116 8 12 8 12 10 186797.5325274092
 117 8 12 8 12 10 188052.41026777297
 118 8 12 8 12 10 189737.20733287118
 119 8 12 8 12 10 191268.92827458377
 120 8 12 8 12 10 192618.9116197198
 121 8 12 8 12 10 193993.77407043605
 122 8 12 8 12 10 195319.21239679932
 123 8 12 8 12 10 196750.6809436523
 124 8 12 8 12 10 197738.79111024708
 125 8 12 8 12 10 199191.5997908867
 126 8 12 8 12 10 200717.49692262613
 127 8 12 8 12 10 202252.66412600465
 128 8 12 8 12 10 203884.73125637881
 129 8 12 8 12 10 205407.16251291268
 130 8 12 8 12 10 206801.83441110008
 131 8 12 8 12 10 208261.68990895431
 132 8 12 8 12 10 209692.58591971078
 133 8 12 8 12 10 211182.40892427956
 134 8 12 8 12 10 212467.44991101738
 135 8 12 8 12 10 213826.24001971245
 136 8 12 8 12 10 214956.37989500063
 137 8 12 8 12 10 216126.60994222845
 138 8 12 8 12 10 217364.1630364167
 139 8 12 8 12 10 218512.42342347014
 140 8 12 8 12 10 219436.4315625462
 141 8 12 8 12 10 220723.85248848837
 142 8 12 8 12 10 221995.43304814966
 143 8 12 8 12 10 223291.21596766182
 144 8 12 8 12 10 224455.7981059913
 145 8 12 8 12 10 225783.70894225605
 146 8 12 7 12 11 227315.87933889008
 147 8 12 7 12 11 228640.70084970284
 148 8 12 7 12 11 230106.5955396473
 149 8 12 8 12 10 231513.74181612977
 150 8 13 7 12 10 233036.5852926989
 151 8 13 7 12 10 234501.24675688575
 152 8 12 8 12 10 235473.06911899496
 153 8 12 7 12 11 236904.45770905702
 154 8 12 7 12 11 238290.56959209603
 155 8 12 7 12 11 239702.28670147367
 156 8 12 7 12 11 241283.13274284027
 157 8 12 7 12 11 242955.10030330066
 158 8 12 7 12 11 244608.30386195908
 159 8 12 7 12 11 245967.84744138998
 160 8 12 7 12 11 247425.7359902963
 161 8 12 7 12 11 248907.626461123
 162 8 12 8 12 10 250483.9273052459
 163 8 12 8 12 10 251877.52050840625
 164 8 12 8 12 10 253291.60424726512
 165 8 12 8 12 10 254594.46419177426
 166 8 12 8 12 10 256083.15070255767
 167 8 12 8 12 10 257227.3097442293
 168 8 12 8 12 10 258479.07071997016
 169 8 12 8 12 10 259619.61951491126
 170 8 12 8 12 10 261106.74952026058
 171 8 12 8 12 10 262657.19838673563
 172 8 12 8 12 10 263981.6107102865
 173 8 13 8 12 9 265584.2058961354
 174 8 13 8 12 9 266952.0112172572
 175 8 12 8 12 10 268358.1336175583
 176 8 12 8 12 10 269789.4994351565
 177 8 12 8 12 10 271330.8827225172
 178 8 12 8 12 10 272831.83806310483
 179 8 12 8 12 10 274186.38285361335
 180 8 12 8 12 10 275819.904738618
 181 8 12 7 12 11 277093.26524146233
 182 8 12 7 12 11 278566.14387941564
 183 8 12 7 12 11 280235.8796739222
 184 8 12 7 12 11 281762.8812948346
 185 8 12 8 12 10 283260.0291296197
 186 8 12 7 12 11 284655.7354775103
 187 8 12 7 12 11 286129.4662085896
 188 8 12 8 12 10 287641.27326956065
 189 8 12 8 12 10 289085.84477236035
 190 8 12 7 12 11 290576.8288434296
 191 8 12 8 12 10 292124.3423366579
 192 8 12 8 12 10 293672.38325045956
 193 8 12 8 12 10 295257.9253551902
 194 8 12 8 12 10 296884.8306721174
 195 8 12 8 12 10 298502.61237006116
 196 8 12 8 12 10 300115.39077832596
 197 8 12 8 12 10 301645.2320794971
 198 8 12 8 12 10 303132.9089433304
 199 8 12 8 12 10 304622.04519122804
 200 8 12 8 12 10 305925.2308527646
 201 8 12 8 12 10 307570.1707263376
 202 8 12 8 12 10 308774.7548753581
 203 8 12 8 12 10 310134.9399319242
 204 8 12 8 12 10 311558.8755215819
 205 8 12 8 12 10 313041.3601592746
 206 8 12 8 12 10 314409.713957433
 207 8 12 7 12 11 316203.7780511378
 208 8 12 8 12 10 317423.41883296496
 209 8 12 8 12 10 318948.2939241172
 210 8 12 8 12 10 320541.4158036019
 211 8 12 8 12 10 321758.1934635945
 212 8 12 8 12 10 323033.99123752135
 213 8 12 8 12 10 324577.2726195112
 214 8 12 8 12 10 325975.7862859381
 215 8 12 8 12 10 327165.72503355634
 216 8 12 8 12 10 328738.81855373806
 217 8 12 8 12 10 330229.6591175639
 218 8 12 7 12 11 331754.3826912266
 219 8 12 7 12 11 333282.59092566464
 220 8 12 7 12 11 334887.31995409296
 221 8 12 7 12 11 336639.7314913187
 222 8 13 8 12 9 338075.466744465
 223 8 13 8 12 9 339818.81219243945
 224 8 13 8 12 9 341427.27068577235
 225 8 13 8 12 9 343082.19067593454
 226 8 13 8 12 9 344592.8233213893
 227 8 13 8 12 9 346043.39495739737
 228 8 13 8 12 9 347729.0328407814
 229 8 13 8 12 9 349423.1909517424
 230 8 13 8 12 9 351177.2007025907
 231 8 13 8 12 9 352554.849991846
 232 8 13 8 12 9 354262.03297591506
 233 8 13 8 12 9 355692.7217559995
 234 8 13 8 12 9 357329.955584139
 235 8 13 8 12 9 358915.6859033746
 236 8 13 8 12 9 360631.43600097595
 237 8 13 8 12 9 362364.5011690595
 238 8 13 8 12 9 363958.799844733
 239 8 13 8 12 9 365621.692754896
 240 8 13 8 12 9 367055.9627601367
 241 8 13 8 12 9 368324.47744769446
 242 8 13 8 12 9 369713.15058226883
 243 8 13 8 12 9 370959.0289969377
 244 8 13 8 12 9 372273.07944933174
 245 8 13 8 12 9 373590.07814793
 246 8 13 8 12 9 374936.32271696633
 247 8 13 8 12 9 376349.00743700453
 248 8 13 8 12 9 377833.8968086084
 249 8 13 8 12 9 379135.7525650428
 250 8 13 8 12 9 380551.2573804324
 251 8 13 8 12 9 382078.08129310986
 252 8 13 8 12 9 383464.90619366145
 253 8 13 8 12 9 384944.42978647305
 254 8 13 8 12 9 386176.76991510036
 255 8 13 8 12 9 387722.556164612
 256 8 13 8 12 9 388980.0632604624
 257 8 13 8 12 9 389886.82487793773
 258 8 13 8 12 9 390966.41271904635
 259 8 13 8 12 9 392405.38511091436
 260 8 13 8 12 9 393878.41194146307
 261 8 13 8 12 9 395198.4811574175
 262 8 13 8 12 9 396685.72940814705
 263 8 13 8 12 9 397950.30663133995
 264 8 13 8 12 9 399050.2190521522
 265 8 13 8 12 9 400337.0114494802
 266 8 13 8 12 9 401877.64494196704
 267 8 13 8 12 9 403015.01398379006
 268 8 13 8 12 9 404498.3422600143
 269 8 13 8 12 9 405856.7119910807
 270 8 13 8 12 9 407299.99021095433
 271 8 13 8 12 9 408417.74236126477
 272 8 13 8 12 9 409810.9327088175
 273 8 13 8 12 9 411200.3053195121
 274 8 13 8 12 9 412583.16819697694
 275 8 13 8 12 9 413907.9939953821
 276 8 13 8 12 9 415360.7026172176
 277 8 13 8 12 9 416733.00454366824
 278 8 13 8 12 9 418142.9661483134
 279 8 13 8 12 9 419665.84875151666
 280 8 13 8 12 9 420960.43267813174
 281 8 13 8 12 9 422246.8253670441
 282 8 13 8 12 9 423498.4247405112
 283 8 13 8 12 9 424832.03088687715
 284 8 13 8 12 9 426257.4658489454
 285 8 13 8 12 9 427638.6032316623
 286 8 13 8 12 9 429125.93627610535
 287 8 13 8 12 9 430388.8235590777
 288 8 13 8 12 9 431900.1078810931
 289 8 13 8 12 9 433269.8440631133
 290 8 13 8 12 9 434677.5272296241
 291 8 13 8 12 9 435913.0307104101
 292 8 13 8 12 9 437484.0820255181
 293 8 13 8 12 9 438923.47621068114
 294 8 13 8 12 9 440342.0119691293
 295 8 13 8 12 9 441801.29257770185
 296 8 13 8 12 9 443246.51568995946
 297 8 13 8 12 9 444761.93468890863
 298 8 13 8 12 9 446132.08790682437
 299 8 13 8 12 9 447555.26319345355
 300 8 13 8 12 9 449071.8714229188
 301 8 13 8 12 9 450470.56916167383
 302 8 13 8 12 9 451979.837527242
 303 8 13 8 12 9 453296.1421710891
 304 8 13 8 12 9 454774.2167317112
 305 8 13 8 12 9 456113.2805934753
 306 8 13 8 12 9 457451.3641533452
 307 8 13 8 12 9 458752.6804142173
 308 8 13 8 12 9 460066.46482373105
 309 8 13 8 12 9 461453.0296796199
 310 8 13 8 12 9 462678.6476032715
 311 8 13 8 12 9 463910.8743351203
 312 8 13 8 12 9 465097.5287124454
 313 8 13 8 12 9 466331.90787496464
 314 8 13 8 12 9 467714.6765468373
 315 8 13 8 12 9 469173.1000201394
 316 8 13 8 12 9 470683.352677213
 317 8 13 8 12 9 472080.0937332835
 318 8 13 8 12 9 473407.35746803426
 319 8 13 8 12 9 474675.2780784829
 320 8 13 8 12 9 476223.8134356509
 321 8 13 8 12 9 477409.5803024883
 322 8 13 8 12 9 478737.6505683329
 323 8 13 8 12 9 480091.59159032174
 324 8 13 8 12 9 481479.42518623476
 325 8 13 8 12 9 482935.8737718873
 326 8 13 8 12 9 484031.2397723718
 327 8 13 8 12 9 485382.81998645666
 328 8 13 8 12 9 486612.0952888043
 329 8 13 8 12 9 488029.5436285969
 330 8 13 8 12 9 489603.0801839153
 331 8 13 8 12 9 491174.87341269315
 332 8 13 8 12 9 492411.7381401682
 333 8 13 8 12 9 493716.52837822994
 334 8 13 8 12 9 495085.4801895967
 335 8 13 8 12 9 496232.97488442244
 336 8 13 8 12 9 497742.3544452001
 337 8 13 8 12 9 499317.8066632126
 338 8 13 8 12 9 500722.01481216826
 339 8 13 8 12 9 502197.7227221599
 340 8 13 8 12 9 503510.85638056026
 341 8 13 8 12 9 505039.8244198683
 342 8 13 8 12 9 506250.4197655408
 343 8 13 8 12 9 507570.73855206073
 344 8 13 8 12 9 508866.2254519748
 345 8 13 8 12 9 510015.93083397194
 346 8 13 8 12 9 511326.63599304477
 347 8 12 9 12 9 512434.38336985506
 348 8 13 8 12 9 513611.06785932655
 349 8 13 8 12 9 514931.6476189345
 350 8 13 8 12 9 516366.44344212255
 351 8 13 8 12 9 517481.60812142043
 352 8 13 8 12 9 518975.65592486126
 353 8 13 8 12 9 520113.6440023016
 354 8 13 8 12 9 521372.38327825494
 355 8 13 8 12 9 522436.92096885224
 356 8 13 8 12 9 523736.70514317154
 357 8 13 8 12 9 524684.6280402658
 358 8 13 8 12 9 526009.2285558578
 359 8 13 8 12 9 527255.9866083252
 360 8 13 8 12 9 528536.2519448962
 361 8 13 8 12 9 529770.9774030378
 362 8 13 8 12 9 530845.2037409523
 363 8 13 8 12 9 532197.7656105789
 364 8 13 8 12 9 533444.3499430579
 365 8 13 8 12 9 534674.3605076148
 366 8 13 8 12 9 535742.4793381761
 367 8 13 8 12 9 537236.105941705
 368 8 13 8 12 9 538623.6756064409
 369 8 13 8 12 9 539941.7949995229
 370 8 13 8 12 9 541260.2576609082
 371 8 13 8 12 9 542531.8299459429
 372 8 13 8 12 9 543736.5371359859
 373 8 13 8 12 9 545171.7918859858
 374 8 13 8 12 9 546546.1606596933
 375 8 13 8 12 9 547846.0051089473
 376 8 13 8 12 9 549053.3401023656
 377 8 13 8 12 9 550407.2218207106
 378 8 13 7 12 10 551610.4814517853
 379 8 13 7 12 10 552903.5533492981
 380 8 13 7 13 9 554254.3382675572
 381 8 13 7 13 9 555583.9641484092
 382 8 13 7 12 10 556916.4343116276
 383 8 13 7 12 10 558299.1626641664
 384 8 13 7 12 10 559601.7366592183
 385 8 13 8 12 9 560896.1539475201
 386 8 13 8 12 9 562433.3398654673
 387 8 13 8 12 9 563831.2577388036
 388 8 13 8 12 9 565143.3293830126
 389 8 13 8 12 9 566389.3730871294
 390 8 13 8 12 9 567809.9533670037
 391 8 13 8 12 9 568981.5474730037
 392 8 13 8 12 9 570418.5318263492
 393 8 13 8 12 9 571357.3598881965
 394 8 13 8 12 9 572661.3003662825
 395 8 13 8 12 9 573760.9466635865
 396 8 13 8 12 9 575255.3679539071
 397 8 13 8 12 9 576722.9206293535
 398 8 13 8 12 9 577819.9660413457
 399 8 13 8 12 9 579006.1863883085
 400 8 13 8 12 9 580347.1080298917
 401 8 13 8 12 9 581689.2295697295
 402 8 13 8 12 9 582926.3394799042
 403 8 13 8 12 9 584243.219560429
 404 8 13 8 12 9 585403.7842203417
 405 8 13 8 12 9 586841.2309103379
 406 8 13 8 12 9 588176.4903201447
 407 8 13 8 12 9 589569.2879431569
 408 8 13 8 12 9 590899.2782717493
 409 8 13 8 12 9 592222.586762924
 410 8 13 8 12 9 593627.8269356028
 411 8 13 8 12 9 594869.8848803629
 412 8 13 8 12 9 596055.4803929102
 413 8 13 8 12 9 597469.9513664497
 414 8 13 8 12 9 598978.5300055987
 415 8 13 8 12 9 600120.7520814906
 416 8 13 8 12 9 601541.6033391911
 417 8 13 8 12 9 603046.1347328884
 418 8 13 8 12 9 604425.0288726548
 419 8 13 8 12 9 605696.0813585697
 420 8 13 8 12 9 606994.5947308643
 421 8 13 8 12 9 608335.7153726858
 422 8 13 8 12 9 609745.0380689836
 423 8 13 8 12 9 611239.9382219482
 424 8 13 8 12 9 612621.4950407082
 425 7 13 8 12 10 614127.5301987226
 426 7 13 8 12 10 615400.042458099
 427 7 13 8 12 10 616834.3521120816
 428 7 13 8 12 10 617976.7390623945
 429 7 13 8 12 10 619594.3888215944
 430 7 13 8 12 10 621100.3655464208
 431 7 13 8 12 10 622355.1575983714
 432 7 13 8 12 10 623813.7761777178
 433 7 13 8 12 10 625173.903873738
 434 7 13 8 12 10 626599.9399247397
 435 7 13 8 12 10 628151.4107554769
 436 7 13 8 12 10 629517.911693566
 437 7 13 8 12 10 630965.7008088799
 438 7 13 8 12 10 632526.1864990392
 439 7 13 8 12 10 634100.7655789274
 440 7 13 8 12 10 635459.0547632426
 441 7 13 8 12 10 636957.4427197113
 442 7 13 8 12 10 638395.0874475321
 443 8 13 8 12 9 639917.8377215238
 444 8 13 8 12 9 641401.9189424491
 445 8 13 8 12 9 642776.0703384274
 446 8 13 8 12 9 644014.4314423907
 447 8 13 8 12 9 645319.6743962163
 448 8 13 8 12 9 646513.7650977344
 449 8 13 8 12 9 647690.9584238328
 450 8 13 8 12 9 648849.1363139339
 451 8 13 8 12 9 650000.8998528909
 452 8 13 8 12 9 651216.3825421911
 453 8 13 8 12 9 652341.8107779119
 454 8 13 8 12 9 653674.1563046816
 455 8 13 8 12 9 655195.4988558105
 456 7 13 8 12 10 656521.906287259
 457 8 13 8 12 9 657873.9521793887
 458 8 13 8 12 9 659062.8349922367
 459 8 13 8 12 9 660480.8319811336
 460 8 13 8 12 9 661787.7509520418
 461 8 13 8 12 9 663001.6790288803
 462 8 13 8 12 9 664359.260479582
 463 8 13 8 12 9 665811.7128269054
 464 8 13 8 12 9 666937.3498619138
 465 8 13 8 12 9 668198.2165705257
 466 8 13 8 12 9 669421.9962676347
 467 8 13 8 12 9 670788.389245814
 468 8 13 8 12 9 672242.8191227444
 469 8 13 8 12 9 673719.9853600913
 470 8 13 8 12 9 675185.3063697121
 471 8 13 8 12 9 676604.0535875427
 472 8 13 8 12 9 677947.0697834743
 473 8 13 8 12 9 679445.2374701257
 474 8 13 8 12 9 680754.8567791675
 475 8 13 8 12 9 682259.0660510074
 476 8 13 8 12 9 683639.3742356226
 477 8 13 8 12 9 685006.3616556622
 478 8 13 8 12 9 686236.377392997
 479 8 13 8 12 9 687566.9676789901
 480 9 12 8 11 10 687626.2596509381
 481 9 12 7 11 11 687721.252368462
 482 8 12 8 11 11 688070.3100963212
 483 9 12 7 11 11 688241.3068839826
 484 8 12 8 11 11 688769.6833663292
 485 9 12 8 11 10 688861.1949584432
 486 9 12 8 11 10 689046.2630754274
 487 9 12 8 11 10 689413.4426636841
 488 8 12 9 11 10 689624.7492994687
 489 8 12 9 11 10 689824.3544816924
 490 8 12 9 11 10 690129.1093376696
 491 8 12 9 11 10 690537.111505419
 492 9 12 8 11 10 690825.903942958
 493 8 12 9 11 10 691509.0705623234
 494 8 12 9 11 10 691837.2651849997
 495 8 12 9 11 10 692276.9819777973
 496 9 12 8 11 10 692627.6820478906
 497 9 12 8 11 10 692796.7567265951
 498 9 12 8 11 10 692961.7276199848
 499 9 12 8 11 10 693264.2951759687
 500 9 12 8 11 10 693541.9631976396
 501 9 12 8 11 10 694001.6708812582
 502 9 12 8 11 10 694337.979183843
 503 9 12 8 11 10 694468.3019569837
 504 8 12 9 11 10 694952.8154312411
 505 9 12 8 11 10 695296.2823232502
 506 8 12 9 11 10 695480.727726097
 507 9 12 8 11 10 695871.8634539914
 508 9 12 8 11 10 695950.473763498
 509 9 12 8 11 10 696258.5087884027
 510 8 12 9 11 10 696698.9941271538
 511 9 12 8 11 10 696902.2759755844
 512 8 12 9 11 10 697248.6988202445
 513 8 12 9 11 10 697387.8158620959
 514 8 12 9 11 10 697657.8239121464
 515 9 12 8 11 10 697953.1790949536
 516 9 12 8 11 10 698524.8892764929
 517 9 12 8 11 10 698938.4407708561
 518 9 12 8 11 10 699224.94954125
 519 8 12 9 11 10 699724.4187375323
 520 9 12 8 11 10 699807.5748475656
 521 9 12 8 11 10 700306.5356170855
 522 8 12 9 11 10 700888.9097476106
 523 8 12 9 11 10 701138.1976674171
 524 8 12 9 11 10 701355.8876060493
 525 8 12 9 11 10 701596.6429979672
 526 9 12 8 11 10 701958.3415875
 527 9 12 7 11 11 702397.0506383309
 528 9 12 7 11 11 702918.2513079899
 529 9 12 8 11 10 703281.4264203043
 530 9 12 8 11 10 703943.0668952327
 531 8 12 9 11 10 704214.6479931143
 532 8 12 9 11 10 705056.869225398
 533 8 12 9 11 10 705844.9493912474
 534 9 12 8 11 10 706619.8602219241
 535 9 12 8 11 10 707047.8090636447
 536 9 12 8 11 10 707596.2330733334
 537 9 12 8 11 10 708045.2711834931
 538 8 12 9 11 10 708588.2136605792
 539 9 12 8 11 10 709153.9956819797
 540 8 12 8 12 10 710041.8587588406
 541 9 12 8 11 10 710667.7023472519
 542 9 12 8 11 10 711143.4040450321
 543 9 12 8 11 10 711675.8463615518
 544 9 12 8 11 10 712346.2149327282
 545 9 12 7 11 11 713209.4132855198
 546 8 12 9 11 10 713719.1791488463
 547 9 12 8 11 10 714039.6086939868
 548 8 12 8 12 10 714513.6284554756
 549 9 13 8 11 9 715115.2196539813
 550 9 13 8 11 9 715514.1036203924
 551 8 13 8 11 10 715977.0841951014
 552 8 13 7 12 10 716475.1508102602
 553 9 13 7 11 10 717256.3259085658
 554 9 13 7 11 10 717629.8944155461
 555 9 13 7 11 10 718381.9167167833
 556 8 13 7 12 10 719100.0611535757
 557 8 13 7 12 10 719724.8894015993
 558 8 13 7 12 10 720303.3164265938
 559 8 13 7 12 10 721216.7629307417
 560 8 13 7 12 10 722019.1838355212
 561 8 13 7 12 10 722813.0960923608
 562 8 13 8 12 9 723505.3308028694
 563 8 13 8 12 9 724185.4804857098
 564 8 13 8 12 9 725015.8034542635
 565 8 12 9 12 9 725678.0487093617
 566 8 13 8 12 9 726483.1593594297
 567 8 13 8 12 9 727129.9714717434
 568 8 13 8 12 9 728004.7206059061
 569 8 13 8 12 9 728544.7463339972
 570 8 13 8 12 9 729312.2705276152
 571 8 13 8 12 9 729975.0923448249
 572 8 13 8 12 9 730562.8059509608
 573 9 13 8 11 9 731321.2572282851
 574 9 13 8 11 9 731717.5242377791
 575 8 13 9 11 9 732402.0600997529
 576 9 13 8 11 9 733012.5924864346
 577 8 13 9 11 9 733288.5964652174
 578 9 13 8 11 9 733892.1407880404
 579 9 13 8 11 9 734615.5139864263
 580 9 13 8 11 9 735145.1440205886
 581 9 13 8 11 9 735604.238811783
 582 8 13 8 12 9 736205.6916604885
 583 9 13 8 11 9 736969.9884470202
 584 8 13 8 12 9 737548.1947378862
 585 9 13 8 11 9 737936.3140129214
 586 9 13 8 11 9 738504.3215723097
 587 8 13 9 11 9 739011.5229979999
 588 9 13 8 11 9 739677.3669513506
 589 8 13 8 12 9 740215.1021324375
 590 9 13 8 11 9 740516.4326164222
 591 9 13 8 11 9 740769.3136544504
 592 8 13 8 12 9 741384.6397179802
 593 9 13 8 11 9 741897.0842177927
 594 9 13 7 11 10 742562.7785305326
 595 8 12 7 12 11 742955.9758175306
 596 8 12 7 13 10 743152.6973549768
 597 8 12 7 13 10 743693.4274411881
 598 8 12 7 12 11 744126.003775514
 599 8 12 7 13 10 744631.3673979017
 600 8 12 7 12 11 745254.6677723522
 601 8 12 7 12 11 746010.2960292981
 602 8 12 7 12 11 746513.8998948364
 603 8 12 7 12 11 747538.5175930479
 604 8 12 8 12 10 748379.5735583517
 605 8 12 8 12 10 748798.925228402
 606 8 12 8 12 10 749425.8740118644
 607 8 13 8 12 9 749989.0236938741
 608 8 13 8 12 9 750826.3048942045
 609 8 13 8 12 9 751550.965787767
 610 8 13 8 12 9 752252.1888745588
 611 8 13 8 12 9 753053.8124303535
 612 8 13 8 12 9 753794.8049946278
 613 8 13 8 12 9 754274.8144741495
 614 8 13 8 12 9 754875.6139438271
 615 8 13 8 12 9 755046.0510643101
 616 8 13 8 12 9 755604.3044928403
 617 8 13 8 12 9 756052.0660382018
 618 8 13 8 12 9 756340.5034898274
 619 8 13 8 12 9 756845.8923193638
 620 8 13 8 12 9 757192.1955807242
 621 8 13 8 12 9 757609.4467649749
 622 8 12 8 12 10 758104.7911651998
 623 8 12 8 12 10 758632.7227752982
 624 8 12 8 12 10 759382.2016219518
 625 8 12 7 12 11 760181.9478253529
 626 8 12 8 12 10 760886.4599788036
 627 8 12 8 12 10 761511.4136568567
 628 8 12 8 12 10 761961.330520439
 629 8 12 7 12 11 762555.2702312425
 630 8 12 7 12 11 763102.8696790535
 631 8 12 8 12 10 763407.6091594556
 632 8 12 8 12 10 763835.5780877352
 633 8 12 8 12 10 764195.3519698165
 634 8 12 8 12 10 764736.4510215919
 635 8 12 8 12 10 765449.0766576496
 636 8 12 8 12 10 765978.0065746311
 637 8 12 8 12 10 766586.3065450113
 638 8 12 8 12 10 767139.7196408446
 639 8 12 8 12 10 767727.361612266
 640 8 12 8 12 10 768324.7695149857
 641 8 12 8 12 10 769010.5365865646
 642 8 12 8 12 10 769524.2382882193
 643 8 12 8 12 10 770166.6201789902
 644 8 12 8 12 10 770610.989902968
 645 8 12 8 12 10 771171.2630427723
 646 8 12 8 12 10 771603.2853630048
 647 8 12 8 12 10 772326.642578552
 648 8 12 8 12 10 773006.9460881272
 649 8 12 8 12 10 773612.3679127707
 650 8 12 8 12 10 774262.1935342974
 651 8 12 8 12 10 774839.9561580495
 652 8 12 8 12 10 775109.9549980717
 653 8 12 8 12 10 775464.3764268637
 654 8 12 8 12 10 775874.6464329443
 655 8 12 8 12 10 776253.6539608758
 656 8 12 8 12 10 776453.4296161117
 657 8 12 8 12 10 777153.3604927761
 658 8 12 8 12 10 777764.244570152
 659 8 12 8 12 10 778408.5092035794
 660 8 12 8 12 10 778721.0625123994
 661 8 12 8 12 10 779529.2755519283
 662 8 12 8 12 10 779979.2485436163
 663 8 12 8 12 10 780550.022584882
 664 8 12 8 12 10 780938.0070722075
 665 8 12 8 12 10 781740.4284279433
 666 8 12 8 12 10 782166.3504631103
 667 8 12 8 12 10 782767.1799596697
 668 8 12 8 12 10 783398.5661750692
 669 8 12 8 12 10 784194.4349067111
 670 8 12 8 12 10 784765.8906500359
 671 8 12 8 12 10 785447.978339704
 672 8 11 9 12 10 785918.2846627453
 673 8 12 8 12 10 786303.7087558848
 674 8 12 7 12 11 787028.7910097742
 675 8 12 8 12 10 787702.8315840052
 676 8 12 8 12 10 788457.8033771913
 677 8 12 8 12 10 789002.4679512274
 678 8 12 8 12 10 789713.6661764997
 679 8 12 8 12 10 790557.2389639064
 680 8 12 8 12 10 791047.809320825
 681 8 12 8 12 10 791986.7640571438
 682 8 12 8 12 10 792768.9148259505
 683 8 12 8 12 10 793701.2658099052
 684 8 12 8 12 10 794398.5828726206
 685 8 12 8 12 10 794801.0102802807
 686 8 12 8 12 10 795314.608866381
 687 8 12 8 12 10 795788.1411433202
 688 8 12 8 12 10 796208.4115092903
 689 8 12 8 12 10 796718.3459987284
 690 8 12 8 12 10 797395.2782927769
 691 8 12 8 12 10 798179.3124863945
 692 8 12 8 12 10 798654.6681545038
 693 8 12 8 12 10 799324.5249576713
 694 8 12 8 12 10 799860.1317059374
 695 8 12 8 12 10 800328.1584856967
 696 8 12 8 12 10 800930.9088566795
 697 8 12 8 12 10 801598.0211390012
 698 8 12 8 12 10 802434.6489241697
 699 8 12 8 12 10 803060.6626748036
 700 8 12 8 12 10 803548.7283064133
 701 8 12 8 12 10 804389.3655218148
 702 8 12 8 12 10 805435.577418551
 703 8 12 8 12 10 806130.3523068742
 704 8 12 8 12 10 806960.678883445
 705 8 12 8 12 10 807608.0784775278
 706 8 12 8 12 10 808112.0938812653
 707 8 12 8 12 10 808743.0532826249
 708 8 12 8 12 10 809407.542923238
 709 8 12 8 12 10 810184.4113114232
 710 8 12 8 12 10 811185.5369643711
 711 8 12 8 12 10 812127.3681495419
 712 8 12 8 12 10 812786.1993290685
 713 8 12 8 12 10 813406.5712216067
 714 8 12 8 12 10 813870.6042066969
 715 8 12 8 12 10 814542.9420771985
 716 8 12 8 12 10 815136.9943392839
 717 8 12 8 12 10 815864.3488399492
 718 8 12 8 12 10 816355.1729811626
 719 8 12 8 12 10 817049.4816448408
 720 9 11 11 9 10 815890.6470722737
 721 8 11 11 10 10 815159.9330409061
 722 9 12 9 10 10 814054.8474678566
 723 8 11 11 10 10 813094.5032392382
 724 8 12 10 10 10 812280.1709599049
 725 9 12 9 10 10 811679.6383539126
 726 9 12 9 10 10 810928.0931760393
 727 9 11 10 10 10 810342.1916511327
 728 8 12 9 11 10 809678.2318634508
 729 10 11 8 11 10 809049.5855333821
 730 10 11 8 11 10 808260.3970072697
 731 10 11 8 11 10 807706.2385059743
 732 9 11 9 11 10 807165.5927798998
 733 9 11 9 11 10 806620.2190458453
 734 10 11 8 11 10 805877.3856013269
 735 9 11 9 11 10 805417.3971134662
 736 10 11 8 11 10 804679.1911876443
 737 10 11 8 11 10 804013.107782401
 738 9 11 9 11 10 803207.7257148351
 739 10 11 8 11 10 802605.3028801823
 740 9 11 9 11 10 801884.508334723
 741 9 10 9 11 11 801032.6165841281
 742 9 11 8 11 11 800444.1745014063
 743 9 11 8 11 11 799824.5109902951
 744 10 11 7 11 11 799275.9399019792
 745 10 11 8 11 10 798583.3832421851
 746 10 11 8 11 10 797907.6526004187
 747 9 11 9 11 10 797356.4596590857
 748 10 11 8 11 10 796479.5506260878
 749 9 11 9 11 10 795750.3662140128
 750 10 11 8 11 10 795216.7906584139
 751 10 11 8 11 10 794463.9485037125
 752 9 11 9 11 10 793922.4155717933
 753 10 11 8 11 10 793109.8682155454
 754 10 11 8 11 10 792621.3917888596
 755 10 11 8 11 10 792071.1594415548
 756 10 11 8 11 10 791297.4194161202
 757 10 11 8 11 10 790601.4708666509
 758 9 11 9 11 10 789775.5201830721
 759 9 11 9 11 10 789071.5131948395
 760 9 11 9 11 10 788394.7125125148
 761 10 11 8 11 10 787621.2929453851
 762 9 11 9 11 10 786892.3539902744
 763 10 11 8 11 10 786359.0748715373
 764 10 11 8 11 10 785689.4933340391
 765 9 11 9 11 10 785037.3476753898
 766 9 11 9 11 10 784471.2504898524
 767 10 11 8 11 10 783890.051287938
 768 10 11 8 11 10 783105.7133637774
 769 9 11 9 11 10 782225.1586739885
 770 10 11 8 11 10 781531.0066297066
 771 10 11 8 11 10 780837.4753155689
 772 10 11 8 11 10 780280.9792274507
 773 10 11 8 11 10 779522.0579864512
 774 9 11 9 11 10 778941.9365201332
 775 10 11 8 11 10 778243.5617778497
 776 10 11 8 11 10 777742.6388402672
 777 10 11 8 11 10 777101.9414468318
 778 9 11 8 12 10 776349.1137226188
 779 9 11 8 12 10 775472.75629863
 780 9 11 8 12 10 774936.5366951558
 781 9 11 8 12 10 774249.1204721775
 782 9 11 8 12 10 773953.3613164392
 783 9 11 8 12 10 773312.7717747373
 784 9 11 8 12 10 772633.7203044934
 785 9 11 8 12 10 772124.1802883127
 786 9 11 8 12 10 771483.8454378785
 787 9 11 8 12 10 771021.3975027628
 788 9 11 8 12 10 770398.9527593647
 789 9 11 8 12 10 769910.45995879
 790 9 11 7 12 11 769399.3460772366
 791 9 11 7 12 11 768896.8984291749
 792 9 11 8 12 10 768388.5630237068
 793 9 11 8 12 10 768040.3567790148
 794 9 11 8 12 10 767491.8069437738
 795 9 11 8 12 10 766988.3982076693
 796 9 11 8 12 10 766525.9596659526
 797 9 11 8 12 10 765985.5321704309
 798 9 11 8 12 10 765660.1542982598
 799 9 11 8 12 10 765102.3492409226
 800 9 11 8 12 10 764608.4920241444
 801 9 11 8 12 10 763977.2741129993
 802 9 11 8 12 10 763539.8312736794
 803 9 11 8 12 10 763157.0568386472
 804 9 11 8 12 10 762656.8505598933
 805 9 11 8 12 10 762386.5710565116
 806 9 11 8 12 10 761878.3403514981
 807 9 11 8 12 10 761659.243819465
 808 9 12 8 12 9 761182.9795270615
 809 9 12 8 12 9 760868.2391633734
 810 9 12 8 12 9 760600.589794625
 811 9 12 8 12 9 760146.158372019
 812 9 12 8 12 9 760136.3016118882
 813 9 12 8 12 9 759576.5005101846
 814 9 12 8 12 9 759467.1202972314
 815 9 12 8 12 9 758807.6717831962
 816 9 12 8 12 9 758443.9567541241
 817 9 12 8 12 9 757943.7385780603
 818 9 12 8 12 9 757799.9744337777
 819 9 12 8 12 9 757249.3232018572
 820 9 12 8 12 9 756762.2163828025
 821 9 12 8 12 9 756090.2673151596
 822 9 12 8 12 9 755754.2456944145
 823 9 12 8 12 9 755362.9131696672
 824 9 12 8 12 9 755032.7175019275
 825 9 12 8 12 9 754496.9166967928
 826 9 12 8 12 9 754177.9263662606
 827 9 12 8 12 9 753676.8439749746
 828 9 12 8 12 9 753179.4043501967
 829 9 12 8 12 9 752568.7362417366
 830 9 12 8 12 9 752169.511316939
 831 9 12 8 12 9 751694.1343817345
 832 9 12 8 12 9 751259.2767567288
 833 9 12 8 12 9 750892.788288887
 834 9 12 8 12 9 750391.6419940187
 835 9 12 8 12 9 749906.9851622984
 836 9 12 8 12 9 749383.9474190553
 837 9 12 8 12 9 749177.8374848599
 838 9 12 8 12 9 748769.8312254382
 839 9 12 8 12 9 748437.3606816434
 840 9 12 8 12 9 748124.9126012085
 841 9 12 8 12 9 747697.0719968762
 842 9 11 8 12 10 747239.4374742353
 843 9 12 8 12 9 746655.1611094427
 844 9 12 8 12 9 746158.3707023935
 845 9 12 8 12 9 745679.4778995264
 846 9 12 8 12 9 745190.5071175693
 847 9 12 8 12 9 744749.7868504608
 848 9 12 8 12 9 744279.1767096859
 849 9 12 8 12 9 743602.9592061682
 850 9 12 8 12 9 743176.4109306787
 851 9 12 8 12 9 742349.8782943287
 852 9 12 8 12 9 741906.4205526746
 853 9 12 8 12 9 741273.8117131733
 854 9 12 8 12 9 740642.377933207
 855 9 12 8 12 9 740183.8679213983
 856 9 12 8 12 9 739745.1758704424
 857 9 12 8 12 9 739385.7108304559
 858 9 12 8 12 9 739032.8258779184
 859 9 12 8 12 9 738723.8318125851
 860 9 12 8 12 9 738320.4944774333
 861 9 12 8 12 9 737775.5416309503
 862 9 12 8 12 9 737174.3119123732
 863 9 12 8 12 9 736564.2054735525
 864 9 12 8 12 9 736007.0651654643
 865 9 12 8 12 9 735523.1254622511
 866 9 12 8 12 9 735104.6710184125
 867 9 12 8 12 9 734729.2232436552
 868 9 12 8 12 9 734370.955590975
 869 9 12 8 12 9 733697.6647505324
 870 9 12 8 12 9 733178.852779058
 871 9 12 8 12 9 732325.082361729
 872 9 12 8 12 9 731867.2538443016
 873 9 12 8 12 9 731343.4286161491
 874 9 12 8 12 9 730991.8101313813
 875 9 12 8 12 9 730426.2745999747
 876 9 12 8 12 9 730049.1830571766
 877 9 12 8 12 9 729475.4721083087
 878 9 12 8 12 9 729059.7083259462
 879 9 12 8 12 9 728633.0459596632
 880 9 12 8 12 9 728128.1065123637
 881 9 12 8 12 9 727347.5419134896
 882 9 12 8 12 9 726888.878373826
 883 9 12 8 12 9 726386.0171422884
 884 9 12 8 12 9 725970.5330859008
 885 9 12 8 12 9 725458.1040412321
 886 9 12 8 12 9 725103.9693955097
 887 9 12 8 12 9 724907.7431680538
 888 9 12 8 12 9 724241.4799103118
 889 9 11 8 12 10 723983.8256576969
 890 9 11 8 12 10 723445.3144286755
 891 9 11 8 12 10 723044.0263973902
 892 9 11 8 12 10 722666.207230497
 893 9 12 8 12 9 722012.7911518236
 894 9 12 8 12 9 721510.1325866712
 895 9 12 8 12 9 720830.1271160691
 896 9 12 8 12 9 720463.687589746
 897 9 12 8 12 9 719755.6963246536
 898 9 12 8 12 9 719399.2642194242
 899 9 12 8 12 9 718930.0088249512
 900 9 12 8 12 9 718555.5793488037
 901 9 12 8 12 9 718071.6665530228
 902 9 12 8 12 9 717860.0138777547
 903 9 12 8 12 9 717421.7418483072
 904 9 12 8 12 9 717293.930846383
 905 9 12 8 12 9 716736.6030390384
 906 9 12 8 12 9 716484.5169770344
 907 9 12 8 12 9 716389.8901560217
 908 9 12 8 12 9 715936.9568221887
 909 9 12 8 12 9 715769.1481481558
 910 9 12 8 12 9 715249.6440469589
 911 9 12 8 12 9 714912.7303543309
 912 9 12 8 12 9 714334.8802468393
 913 9 12 8 12 9 714140.1105413393
 914 9 12 8 12 9 713789.0826124549
 915 9 12 8 12 9 713407.4644382962
 916 9 12 8 12 9 713123.1565408844
 917 9 12 8 12 9 712638.883154081
 918 9 12 8 12 9 712138.0581288199
 919 9 12 8 12 9 711399.707339646
 920 9 12 8 12 9 711133.6259135561
 921 9 12 8 12 9 710620.9694703945
 922 9 12 8 12 9 710075.999305886
 923 9 12 8 12 9 709560.2912054994
 924 9 12 8 12 9 709122.5970744728
 925 9 12 8 12 9 708573.9532173178
 926 9 12 8 12 9 708196.4647881076
 927 9 12 8 12 9 707545.7524169971
 928 9 12 8 12 9 706963.5054848769
 929 9 12 8 12 9 706615.1494833137
 930 9 12 8 12 9 706003.7346770131
 931 9 12 8 12 9 705529.8962703415
 932 9 12 8 12 9 704947.9148644692
 933 9 12 8 12 9 704424.6063789495
 934 9 12 8 12 9 703922.5301562989
 935 9 12 8 12 9 703497.1947246996
 936 9 12 8 12 9 702929.1508051642
 937 9 12 8 12 9 702565.2721215518
 938 9 12 8 12 9 702048.6802388983
 939 9 12 8 12 9 701582.6089637645
 940 9 12 8 12 9 701174.5039338045
 941 9 12 8 12 9 700561.3863342345
 942 9 12 8 12 9 700149.8790502199
 943 9 12 8 12 9 699381.6981635534
 944 9 12 8 12 9 698886.5508979871
 945 9 12 8 12 9 698625.5830245855
 946 9 12 8 12 9 698083.7235536338
 947 9 12 8 12 9 697636.9319845937
 948 9 12 8 12 9 697143.3082893854
 949 9 12 8 12 9 696748.6138299264
 950 9 12 8 12 9 696311.2521524793
 951 9 12 8 12 9 696039.4098524861
 952 9 12 8 12 9 695394.1743451597
 953 9 12 8 12 9 695080.9548104006
 954 9 12 8 12 9 694568.9712704786
 955 9 12 8 12 9 694171.7961498792
 956 9 12 8 12 9 693654.3215623971
 957 9 12 8 12 9 693476.9420575633
 958 9 12 8 12 9 692811.4427687391
 959 9 12 8 12 9 692447.0177778369
 960 9 12 8 12 9 692157.5468671619
 961 9 12 8 12 9 691958.0315347507
 962 9 12 8 12 9 691601.4253975702
 963 9 12 8 12 9 691175.866901286
 964 9 12 8 12 9 690676.8519581762
 965 9 12 8 12 9 690381.9933287255
 966 9 12 8 12 9 689890.5972716351
 967 9 12 8 12 9 689471.2248051427
 968 9 12 8 12 9 689084.454460128
 969 9 12 8 12 9 688976.3869893652
 970 9 12 8 12 9 688622.8039449512
 971 9 12 8 12 9 688416.8909315714
 972 9 12 8 12 9 688127.8891814792
 973 9 12 8 12 9 687775.4676107801
 974 9 11 8 12 10 687272.2798229776
 975 9 11 8 12 10 687214.1973174091
 976 9 11 8 12 10 686608.7591216718
 977 9 11 8 12 10 686083.2996283486
 978 9 11 8 12 10 685564.2275624599
 979 9 11 8 12 10 684976.4052282189
 980 9 11 8 12 10 684365.7288584788
 981 9 11 8 12 10 684137.0667754163
 982 9 11 8 12 10 683422.1427136472
 983 9 11 8 12 10 682906.7327762418
 984 9 11 8 12 10 682251.695032537
 985 8 11 9 12 10 681666.6913191368
 986 9 12 8 12 9 681149.6740831792
 987 8 12 9 12 9 680713.9491378692
 988 9 12 8 12 9 680157.503219324
 989 8 12 9 12 9 679669.7711577618
 990 9 12 8 12 9 679266.1175421778
 991 9 12 8 12 9 678641.56697895
 992 9 12 8 12 9 678253.3566700041
 993 9 12 8 12 9 677838.431052854
 994 9 12 8 12 9 677495.1143359431
 995 9 12 8 12 9 677048.5973208417
 996 9 12 8 12 9 676652.8677664193
 997 9 12 8 12 9 676236.439715883
 998 9 12 8 12 9 675766.3252999473
 999 9 12 8 12 9 675375.5268706869
 1000 9 12 8 12 9 674860.4259534733
 1001 9 12 8 12 9 674301.0815951354
 1002 9 12 8 12 9 674028.6242599939
 1003 9 12 8 12 9 673440.9732185915
 1004 9 12 8 12 9 673066.7195341178
 1005 9 12 8 12 9 672675.7985866565
 1006 9 12 8 12 9 672390.2393471948
 1007 9 12 8 12 9 672181.576365019
 1008 9 12 8 12 9 671617.1061029758
 1009 9 12 8 12 9 671087.4756656396
 1010 8 12 9 12 9 670360.4922562258
 1011 9 12 8 12 9 669929.3499592313
 1012 9 12 8 12 9 669548.7620683184
 1013 9 12 8 12 9 669010.8766297983
 1014 9 12 8 12 9 668714.2465422436
 1015 9 12 8 12 9 668070.7824838328
 1016 9 12 8 12 9 667772.7120580659
 1017 9 12 8 12 9 666932.8000079036
 1018 9 11 8 12 10 666446.0476667199
 1019 9 11 8 12 10 665629.6222784792
 1020 9 11 8 12 10 665342.8516638234
 1021 9 11 8 12 10 664611.7224969539
 1022 9 11 8 12 10 664445.1813141494
 1023 9 11 8 12 10 663620.6305245121
 1024 9 11 8 12 10 663472.1031417473
 1025 9 10 9 12 10 662364.1865947976
 1026 9 11 8 12 10 661902.994124389
 1027 9 11 7 13 10 661089.9499241866
 1028 9 11 7 13 10 660568.0784733131
 1029 9 11 8 12 10 659682.0545473109
 1030 9 11 8 12 10 659316.4972854945
 1031 9 11 7 13 10 658715.5234259745
 1032 9 11 8 12 10 658584.5855697404
 1033 9 11 8 12 10 657997.7671181496
 1034 9 12 8 12 9 657545.9917198843
 1035 9 12 8 12 9 657146.5526401165
 1036 9 12 8 12 9 656817.7457083239
 1037 9 12 8 12 9 656566.1596531314
 1038 9 12 8 12 9 656325.8822208612
 1039 9 12 8 12 9 656038.7685503545
 1040 9 12 8 12 9 655742.3753338776
 1041 9 11 9 12 9 655174.2993971087
 1042 9 12 8 12 9 654871.2658573643
 1043 9 12 8 12 9 654644.7429208984
 1044 9 12 8 12 9 654266.4656147696
 1045 9 12 8 12 9 653925.8572944945
 1046 9 12 8 12 9 653487.2333368664
 1047 9 12 8 12 9 652954.0589822431
 1048 9 12 8 12 9 652611.1632638982
 1049 9 12 8 12 9 652212.4534142292
 1050 9 12 8 12 9 651874.0072311978
 1051 9 12 8 12 9 651390.5427287408
 1052 9 12 8 12 9 651071.8462426986
 1053 9 12 8 12 9 650760.6739464222
 1054 9 12 8 12 9 650361.1089402897
 1055 9 12 8 12 9 649804.4512690017
 1056 9 12 8 12 9 649470.5369951793
 1057 9 12 8 12 9 648908.7935165077
 1058 9 12 8 12 9 648719.2048646237
 1059 9 12 8 12 9 648053.9812486854
 1060 9 12 8 12 9 647573.1453009961
 1061 9 12 8 12 9 647081.277101627
 1062 9 12 8 12 9 646466.5268428224
 1063 9 12 7 12 10 645922.7856000862
 1064 9 12 8 12 9 645390.8154198409
 1065 9 12 8 12 9 644950.8359145678
 1066 9 12 8 12 9 644551.4003552544
 1067 9 12 8 12 9 644229.5028674346
 1068 9 12 8 12 9 643685.7998133727
 1069 9 12 8 12 9 643195.8875942562
 1070 9 12 8 12 9 642782.6705068672
 1071 9 12 8 12 9 642381.3900956433
 1072 10 12 8 11 9 643290.9817258895
 1073 10 12 8 11 9 644194.7044317859
 1074 10 12 8 11 9 645401.0745348472
 1075 10 12 8 11 9 646727.6143713766
 1076 10 12 8 11 9 647777.9713112962
 1077 10 12 8 11 9 648707.5393673545
 1078 10 12 8 11 9 649978.2095347561
 1079 10 12 8 11 9 651020.0521107605
 1080 10 12 8 11 9 651803.9819262457
 1081 10 12 8 11 9 653119.5380820112
 1082 10 12 8 11 9 653928.4219236881
 1083 10 12 8 11 9 655107.3052945941
 1084 10 12 8 11 9 656412.9508304179
 1085 10 12 8 11 9 657564.0636454737
 1086 10 12 8 11 9 658519.1149454187
 1087 9 12 8 12 9 659625.884767428
 1088 9 12 8 12 9 660885.0937516972
 1089 9 12 8 12 9 661746.7617999567
 1090 9 12 8 12 9 662867.6715838871
 1091 8 13 8 12 9 664064.2050775185
 1092 8 13 8 12 9 665327.1299803
 1093 8 13 8 12 9 666140.8239643999
 1094 8 13 8 12 9 667679.6173493967
 1095 8 13 8 12 9 669008.4290180616
 1096 8 13 8 12 9 670282.8457920448
 1097 8 13 8 12 9 671516.8474845035
 1098 8 13 8 12 9 672843.536458852
 1099 8 13 8 12 9 674090.6366230522
 1100 8 13 8 12 9 675457.9136689493
 1101 8 13 8 12 9 676847.3717821299
 1102 8 13 8 12 9 678063.6807652941
 1103 8 13 8 12 9 679235.1584752839
 1104 8 13 8 12 9 680773.4706233182
 1105 8 13 8 12 9 682119.3891154785
 1106 8 13 8 12 9 683497.7477837716
 1107 8 13 8 12 9 684931.0002896789
 1108 8 13 8 12 9 686399.9263338288
 1109 8 13 8 12 9 687717.0625246296
 1110 8 13 8 12 9 689157.1408356811
 1111 8 13 8 12 9 690588.0455354959
 1112 8 13 8 12 9 691663.3092931254
 1113 8 13 8 12 9 692768.9607736899
 1114 8 13 8 12 9 693912.7658622569
 1115 8 13 8 12 9 695009.7450106931
 1116 8 13 8 12 9 696167.7108036103
 1117 8 13 8 12 9 697601.4754369142
 1118 8 13 8 12 9 699061.6257404285
 1119 8 13 8 12 9 700671.0700385646
 1120 8 13 8 12 9 701990.0936864662
 1121 8 13 8 12 9 703475.4674947936
 1122 8 13 8 12 9 704943.5462184777
 1123 8 13 8 12 9 706203.5611129926
 1124 8 13 8 12 9 707436.7473564136
 1125 8 13 8 12 9 708663.536395734
 1126 8 13 8 12 9 709925.8961270287
 1127 8 13 8 12 9 710868.3571326905
 1128 8 12 8 12 10 712158.95787458
 1129 8 13 8 12 9 713201.1568498159
 1130 8 12 8 12 10 714275.786459703
 1131 8 12 8 12 10 715513.0933291926
 1132 8 12 8 12 10 716202.7990660806
 1133 8 11 9 12 10 717322.7724197849
 1134 8 11 9 12 10 718143.5910905083
 1135 9 11 8 12 10 718973.178215351
 1136 9 11 8 12 10 719633.7938878719
 1137 9 11 8 12 10 720210.2383599048
 1138 9 11 8 12 10 721072.5930099938
 1139 9 11 8 12 10 721892.2559604689
 1140 9 11 8 12 10 722905.4507884633
 1141 9 12 8 12 9 723853.5845480047
 1142 9 12 8 12 9 725189.7533188703
 1143 9 12 8 12 9 726262.6832669989
 1144 9 12 8 12 9 727475.5577919541
 1145 9 12 8 12 9 728436.3564580963
 1146 9 12 8 12 9 729738.7385784335
 1147 9 12 8 12 9 730844.500669217
 1148 9 12 8 12 9 732225.2432047043
 1149 9 12 8 12 9 733441.6187848347
 1150 9 12 8 12 9 734432.0520259447
 1151 9 12 8 12 9 735281.5867615718
 1152 9 12 8 12 9 736529.5915325672
 1153 9 12 8 12 9 737622.1271356777
 1154 9 12 8 12 9 738518.9837308788
 1155 9 12 8 12 9 739599.9769591033
 1156 9 12 8 12 9 740785.163049616
 1157 9 12 8 12 9 741873.53380234
 1158 9 12 8 12 9 743188.1338546855
 1159 9 12 8 12 9 744360.6292810615
 1160 9 12 8 12 9 745651.8613767402
 1161 9 12 8 12 9 746733.4293040031
 1162 9 12 8 12 9 747938.9762572211
 1163 9 12 8 12 9 749019.6755135274
 1164 9 12 8 12 9 750063.3285837342
 1165 9 12 8 12 9 751084.6519412474
 1166 9 12 8 12 9 752199.6474349248
 1167 9 12 8 12 9 753244.9636605307
 1168 9 12 8 12 9 754652.3377740505
 1169 9 12 8 12 9 755823.947766207
 1170 9 12 8 12 9 757075.4283615218
 1171 9 12 8 12 9 758048.8304082841
 1172 9 12 8 12 9 759126.0159449485
 1173 9 12 8 12 9 760367.1864684649
 1174 9 12 8 12 9 761300.8801254177
 1175 9 12 8 12 9 762561.6476950402
 1176 9 12 8 12 9 763582.9188056008
 1177 9 12 8 12 9 764610.7890098516
 1178 9 12 8 12 9 765823.5723053968
 1179 9 12 8 12 9 767107.315800793
 1180 9 12 8 12 9 768245.3001933546
 1181 9 12 8 12 9 769320.8468731504
 1182 9 12 7 12 10 770616.1600255653
 1183 9 12 7 12 10 771578.5671525984
 1184 9 12 7 12 10 772841.825755122
 1185 9 12 7 12 10 774221.7174173599
 1186 9 12 7 12 10 775216.9757016196
 1187 9 12 7 12 10 776442.408929732
 1188 9 12 7 12 10 777779.9283274434
 1189 9 12 7 12 10 778914.60895566
 1190 9 12 7 12 10 779841.772856414
 1191 9 12 7 12 10 780857.2905368567
 1192 9 12 7 12 10 782063.7368482462
 1193 9 12 7 12 10 782965.9886284312
 1194 9 12 7 12 10 784067.0314069948
 1195 9 12 7 12 10 784879.4751855525
 1196 9 12 7 12 10 786021.6112239918
 1197 9 12 7 12 10 787047.9453815658
 1198 9 12 7 12 10 788143.2556537517
 1199 9 12 7 12 10 789293.3741027695
 1200 9 12 7 11 11 790354.6587960599
 1201 9 12 8 11 10 791703.1384188497
 1202 9 12 8 11 10 792909.9508118383
 1203 9 12 8 12 9 793465.2176636643
 1204 9 12 8 12 9 794367.1278160209
 1205 9 12 8 12 9 795082.330402479
 1206 9 12 8 12 9 796022.8891261901
 1207 9 12 8 12 9 796694.0947811715
 1208 9 12 8 11 10 797633.1945178228
 1209 9 13 8 11 9 798670.4383062364
 1210 9 12 8 12 9 799587.589757849
 1211 9 12 8 12 9 800780.0698871373
 1212 9 12 8 12 9 801723.2071518031
 1213 9 12 8 12 9 802595.8552310359
 1214 9 12 8 12 9 803780.8154324292
 1215 9 12 8 12 9 805000.618239877
 1216 9 12 8 12 9 806383.6445322904
 1217 9 12 8 12 9 807243.2455876402
 1218 9 12 8 12 9 808292.0675790831
 1219 9 11 8 12 10 809518.1697560617
 1220 9 11 8 12 10 810692.2547272614
 1221 9 11 8 12 10 811935.8129920661
 1222 9 12 8 12 9 813073.6297467101
 1223 9 11 8 12 10 814028.327735613
 1224 9 11 8 12 10 815350.366409711
 1225 9 11 8 12 10 816295.2721015005
 1226 9 11 8 12 10 817827.2571941492
 1227 9 11 8 12 10 818716.4211984129
 1228 9 11 8 12 10 819555.3198295067
 1229 9 11 8 12 10 820576.5808177995
 1230 9 11 8 12 10 821589.518783423
 1231 9 11 8 12 10 822685.7129720666
 1232 9 11 8 12 10 823615.6134769383
 1233 9 11 8 12 10 824631.7147214389
 1234 9 11 8 12 10 825987.2238792382
 1235 9 11 8 12 10 827071.4020519531
 1236 9 11 8 12 10 828353.6468187096
 1237 9 11 8 12 10 829117.844365202
 1238 9 11 8 12 10 830321.2125202485
 1239 9 11 8 12 10 831430.5197129278
 1240 9 11 8 12 10 832575.5685819614
 1241 9 11 8 12 10 833538.154721447
 1242 9 11 8 12 10 834183.2434215839
 1243 9 11 8 12 10 835149.7124450408
 1244 9 11 8 12 10 836041.6927038246
 1245 9 11 8 12 10 837152.2694837953
 1246 9 11 8 12 10 837994.7185160134
 1247 9 11 8 12 10 839108.0185537322
 1248 9 11 8 12 10 840355.9784033372
 1249 9 11 8 12 10 841578.9111362146
 1250 9 11 8 12 10 842607.4523643297
 1251 9 11 8 12 10 843658.1943549142
 1252 9 11 8 12 10 844737.2962794276
 1253 9 11 8 12 10 845774.6932186305
 1254 9 11 8 12 10 846744.7726262644
 1255 9 11 8 12 10 847647.9629465255
 1256 9 11 8 12 10 848231.6146348434
 1257 9 11 8 12 10 849395.8875684094
 1258 9 11 8 12 10 850346.3361117122
 1259 9 11 8 12 10 851316.718105704
 1260 9 11 8 12 10 852393.4090774435
 1261 9 11 8 12 10 853538.507341686
 1262 9 11 8 12 10 854214.7732031427
 1263 9 11 8 12 10 855007.2506691067
 1264 9 11 8 12 10 855704.2993876662
 1265 9 11 8 12 10 856726.7194736234
 1266 9 11 8 12 10 857736.7308157338
 1267 9 11 8 12 10 858921.0703302807
 1268 9 11 8 12 10 860214.8711539157
 1269 9 12 8 12 9 861772.3350579101
 1270 9 12 8 12 9 863116.6694237957
 1271 9 12 8 12 9 864016.8239423564
 1272 9 12 8 12 9 865309.299226722
 1273 9 12 8 12 9 866535.9076795159
 1274 9 12 8 12 9 867810.4896673872
 1275 9 12 8 12 9 868777.8360258773
 1276 9 12 8 12 9 869650.0932889106
 1277 9 12 8 12 9 870969.9345655271
 1278 9 12 8 12 9 872130.8963161984
 1279 9 12 8 12 9 873106.3826795667
 1280 9 12 8 12 9 874148.0337610997
 1281 9 12 8 12 9 875014.8914245086
 1282 9 12 8 12 9 875988.7731848151
 1283 10 12 7 12 9 877187.5487268264
 1284 9 12 8 12 9 878337.6040903848
 1285 9 12 8 12 9 879513.0538158804
 1286 9 12 8 12 9 880614.2138591494
 1287 9 12 8 12 9 881842.9721706319
 1288 9 12 8 12 9 882894.5370363952
 1289 9 12 7 12 10 884179.1560737758
 1290 9 11 8 12 10 884948.5610869706
 1291 9 11 8 12 10 886100.0714403023
 1292 9 11 8 12 10 887211.0465666747
 1293 9 11 8 12 10 888262.3065096921
 1294 10 11 7 12 10 889231.3375281452
 1295 9 11 8 12 10 890102.5873756068
 1296 9 11 8 12 10 891160.3810590266
 1297 9 12 8 12 9 892262.8970985493
 1298 9 12 8 12 9 893098.761170266
 1299 9 12 8 12 9 894234.4313333943
 1300 9 12 8 12 9 894973.7347297344
 1301 9 11 8 12 10 896222.1384252298
 1302 9 11 8 12 10 897188.6884932738
 1303 9 11 8 12 10 898210.902314564
 1304 9 11 8 12 10 899573.147449996
 1305 9 11 8 12 10 900413.7867098418
 1306 9 11 8 12 10 901574.083557472
 1307 9 11 8 12 10 902880.6293687223
 1308 9 11 7 12 11 903564.264694477
 1309 9 11 6 13 11 904759.2343385947
 1310 9 11 6 13 11 905888.2193427919
 1311 9 11 7 13 10 907276.7904246774
 1312 9 12 7 13 9 908374.8336997788
 1313 9 12 7 13 9 909552.6721930322
 1314 9 12 7 13 9 910766.6175846229
 1315 9 12 7 13 9 911645.5332030767
 1316 9 12 7 13 9 912889.8963555791
 1317 9 12 7 13 9 913972.177943874
 1318 9 12 7 13 9 915162.3446308211
 1319 9 12 7 13 9 916168.6791565728
 1320 9 12 7 13 9 917141.137488215
 1321 9 12 7 13 9 918522.192885174
 1322 9 12 7 13 9 919489.9901043308
 1323 9 12 7 13 9 920470.2141188409
 1324 9 12 7 13 9 921525.3122523715
 1325 9 12 7 13 9 922770.6521573034
 1326 9 12 7 13 9 923467.374362366
 1327 9 11 7 13 10 924453.7982647112
 1328 9 11 7 13 10 925306.7412278072
 1329 9 11 7 13 10 926291.2571396406
 1330 9 11 7 13 10 927361.8293279592
 1331 9 11 7 13 10 928263.0550177385
 1332 9 11 7 13 10 929291.741208182
 1333 9 11 7 13 10 930328.9144685349
 1334 9 11 7 13 10 931676.2304198444
 1335 9 11 7 13 10 932720.6560281568
 1336 9 11 7 13 10 933870.2405340528
 1337 9 11 7 13 10 935045.905986913
 1338 9 11 7 13 10 936418.7904931232
 1339 9 11 7 13 10 937395.6576097455
 1340 9 11 7 13 10 938514.1719667482
 1341 9 11 7 13 10 939570.6988253235
 1342 9 11 7 13 10 940596.8931578675
 1343 9 11 7 13 10 941585.7276670503
 1344 9 11 7 13 10 942686.8789897868
 1345 9 11 7 13 10 943771.0447342986
 1346 9 11 7 13 10 944740.0916309995
 1347 9 11 7 13 10 945777.4295829178
 1348 9 11 7 13 10 946452.1132632999
 1349 9 11 7 13 10 947558.923887226
 1350 9 11 6 13 11 948416.8081042926
 1351 9 11 6 13 11 949655.6131701091
 1352 9 11 6 13 11 950828.8490427211
 1353 9 11 6 13 11 951925.545586571
 1354 9 11 6 13 11 953440.6093497674
 1355 9 11 6 13 11 954927.2388660148
 1356 9 11 7 13 10 956183.6028342454
 1357 10 11 6 13 10 957540.1892221079
 1358 9 11 7 13 10 958829.5736386436
 1359 9 11 7 13 10 960254.9434561318
 1360 9 11 7 13 10 961679.8544817206
 1361 9 11 7 13 10 962840.3140082574
 1362 9 11 7 13 10 963894.7723191698
 1363 9 11 7 13 10 965063.6045351842
 1364 9 11 7 13 10 966443.6770338963
 1365 9 11 7 13 10 967769.4314549244
 1366 9 11 7 13 10 969163.8332863913
 1367 9 12 7 13 9 970052.5926118811
 1368 9 12 7 13 9 971179.5864940764
 1369 9 12 7 13 9 972261.9515834141
 1370 9 12 7 13 9 973401.6844382923
 1371 9 12 7 13 9 974380.4381481961
 1372 9 11 7 13 10 975452.7496095572
 1373 9 11 7 13 10 976390.3187997155
 1374 9 11 7 13 10 977519.8685639733
 1375 9 11 7 13 10 978559.4003478315
 1376 9 11 7 13 10 979975.406259377
 1377 9 11 7 13 10 980917.7406203682
 1378 9 11 7 13 10 982121.1611915188
 1379 9 11 7 13 10 983335.3593698159
 1380 9 11 7 13 10 984192.7098695281
 1381 9 11 7 13 10 985069.5597032878
 1382 9 11 7 13 10 986174.5744484673
 1383 9 11 7 13 10 987131.10360761
 1384 9 11 7 13 10 988175.2274122332
 1385 9 11 7 13 10 989353.3187205062
 1386 9 11 7 13 10 990502.0125869128
 1387 9 11 7 13 10 991502.7607143393
 1388 9 11 7 13 10 992609.5806496519
 1389 9 11 7 13 10 993749.9825709686
 1390 9 11 7 13 10 994930.7071514151
 1391 9 11 7 13 10 995758.9600014084
 1392 9 11 7 13 10 996843.332403289
 1393 9 11 7 13 10 997827.640549143
 1394 9 11 7 13 10 998934.7628632501
 1395 9 11 7 13 10 999883.1488665543
 1396 9 11 7 13 10 1000926.4344885595
 1397 9 11 7 13 10 1001889.5219093161
 1398 9 11 7 13 10 1003402.0996999152
 1399 9 11 7 13 10 1004280.6290573871
 1400 9 11 6 13 11 1005694.4500997334
 1401 9 11 6 13 11 1006861.6139164865
 1402 9 11 6 13 11 1008062.3668530828
 1403 9 11 6 13 11 1009464.1022829955
 1404 9 11 7 13 10 1010719.4313088894
 1405 9 11 7 13 10 1011793.2378078419
 1406 9 11 7 13 10 1012869.6588037111
 1407 9 11 7 13 10 1014148.439498685
 1408 9 11 7 13 10 1015315.1742999408
 1409 9 11 7 13 10 1016100.174860856
 1410 9 11 7 13 10 1017213.8118543833
 1411 9 11 7 13 10 1018216.3495993185
 1412 9 11 7 13 10 1019356.1237432963
 1413 9 11 7 13 10 1020284.6957879552
 1414 9 11 7 13 10 1021459.1437220417
 1415 9 11 7 13 10 1022768.9476164485
 1416 9 11 7 13 10 1023952.8325228379
 1417 9 11 7 13 10 1025326.0081282071
 1418 9 11 7 13 10 1026610.8196029811
 1419 9 11 7 13 10 1027565.6181410839
 1420 9 11 7 13 10 1028740.5374584517
 1421 9 11 7 13 10 1029965.2340080928
 1422 9 11 7 13 10 1030976.8125185763
 1423 9 11 7 13 10 1032153.2188813549
 1424 9 11 7 13 10 1033215.5034563801
 1425 9 11 7 13 10 1034181.6433204387
 1426 9 11 7 13 10 1035436.5992635754
 1427 9 11 7 13 10 1036443.6331658848
 1428 9 11 7 13 10 1037381.2994946453
 1429 9 11 7 13 10 1038782.953115445
 1430 9 11 7 13 10 1039445.1824361379
 1431 9 11 7 13 10 1040661.6477748422
 1432 9 11 7 13 10 1041741.6818034467
 1433 9 11 7 13 10 1042644.139284584
 1434 9 11 7 13 10 1043656.2945788932
 1435 9 11 7 13 10 1044696.4949648757
 1436 9 11 7 13 10 1045708.0772469179
 1437 9 11 7 13 10 1046896.229682794
 1438 9 11 7 13 10 1047998.5048271195
 1439 9 12 7 13 9 1049264.016879877
 1440 9 12 7 13 9 1050397.3233979447
 1441 9 12 7 13 9 1051802.5489543877
 1442 9 12 7 13 9 1052711.016917312
 1443 9 12 7 13 9 1053858.1387636377
 1444 9 12 7 13 9 1055091.5290856988
 1445 9 12 7 13 9 1056586.0187550806
 1446 9 12 7 13 9 1057649.3977600234
 1447 9 12 7 13 9 1058605.152965684
 1448 9 12 7 13 9 1059665.6349036
 1449 9 12 7 13 9 1060832.7102544731
 1450 9 12 7 13 9 1062087.0285773424
 1451 9 12 7 13 9 1063333.5228535468
 1452 9 12 7 13 9 1064469.045545579
 1453 9 12 7 13 9 1065758.861623445
 1454 9 12 6 13 10 1066662.5329876184
 1455 9 12 6 13 10 1068161.2702671674
 1456 9 12 6 13 10 1068987.0766900585
 1457 9 12 6 13 10 1070120.5595543983
 1458 9 12 6 13 10 1071440.1610903824
 1459 9 12 6 13 10 1072680.3872182416
 1460 9 12 6 13 10 1073803.547804943
 1461 9 12 6 13 10 1074772.9838985216
 1462 9 12 6 13 10 1075887.8018689884
 1463 9 12 6 13 10 1077130.733411329
 1464 9 12 6 13 10 1078251.0634987017
 1465 9 12 6 13 10 1079005.8866952218
 1466 9 12 6 13 10 1080072.013785214
 1467 9 12 6 13 10 1081466.395702927
 1468 9 12 6 13 10 1082710.1969743604
 1469 9 11 6 13 11 1084042.38076023
 1470 9 11 7 13 10 1085104.0678603982
 1471 9 11 7 13 10 1086237.9127987116
 1472 9 11 8 12 10 1087200.976038479
 1473 9 11 8 12 10 1088131.2935330817
 1474 9 11 8 12 10 1089343.8804332078
 1475 9 12 8 12 9 1090068.2408918485
 1476 9 11 8 12 10 1090825.3078416348
 1477 9 11 8 12 10 1091490.4284177977
 1478 9 11 8 12 10 1092299.765885361
 1479 9 11 7 13 10 1093085.7532676626
 1480 9 11 7 13 10 1094129.6365901276
 1481 9 11 8 12 10 1095278.5105743932
 1482 9 11 8 12 10 1096105.9597411158
 1483 9 11 8 12 10 1097128.584056267
 1484 9 11 8 12 10 1097894.0219423682
 1485 9 11 8 12 10 1098864.6262847236
 1486 9 11 8 12 10 1099952.099517592
 1487 9 12 8 12 9 1100973.5789219106
 1488 9 12 8 12 9 1102107.049658102
 1489 9 11 8 12 10 1103067.8285400874
 1490 9 11 8 12 10 1104331.6320705093
 1491 9 11 7 13 10 1105213.891166362
 1492 9 11 7 13 10 1106498.3489825604
 1493 9 12 7 12 10 1107473.7687672437
 1494 9 12 7 12 10 1108930.1875841205
 1495 9 12 7 12 10 1109994.0907538428
 1496 9 12 7 12 10 1111328.6874050694
 1497 9 12 7 12 10 1112420.0641894103
 1498 9 12 8 12 9 1113475.8692356367
 1499 9 12 8 12 9 1114691.0287636262
 1500 9 12 8 12 9 1115760.1984011757
 1501 9 12 8 12 9 1117088.9278160844
 1502 9 12 8 12 9 1118205.1059702649
 1503 9 12 8 12 9 1119628.4229766463
 1504 9 12 8 12 9 1120949.969811268
 1505 9 12 8 12 9 1121982.804776571
 1506 9 11 8 12 10 1123174.15268519
 1507 9 11 8 12 10 1124316.7918872917
 1508 9 11 8 12 10 1125557.4741802134
 1509 9 11 8 12 10 1126191.4805179674
 1510 9 11 8 12 10 1127071.8400699645
 1511 9 11 8 12 10 1128213.8432309178
 1512 9 11 8 12 10 1129157.8009894136
 1513 9 11 8 12 10 1130068.718487482
 1514 9 11 8 12 10 1131320.0973933383
 1515 9 11 8 12 10 1132541.4510524527
 1516 9 11 8 12 10 1133298.347816708
 1517 9 11 8 12 10 1134440.8156058528
 1518 9 11 8 12 10 1135433.520879393
 1519 9 11 8 12 10 1136280.459895128
 1520 9 11 8 12 10 1137189.783775066
 1521 9 11 8 12 10 1138125.5345580596
 1522 9 11 8 12 10 1139208.2123039234
 1523 9 11 8 12 10 1140016.6504273189
 1524 9 11 8 12 10 1141327.2853337866
 1525 9 11 8 12 10 1142136.10182737
 1526 9 11 8 12 10 1143123.9189169868
 1527 9 11 8 12 10 1144204.859563279
 1528 9 11 8 12 10 1145194.7728329825
 1529 9 11 8 12 10 1146055.5109655273
 1530 9 11 8 12 10 1146784.4946276688
 1531 9 11 8 12 10 1147596.415278016
 1532 9 11 8 12 10 1148333.942717326
 1533 9 12 8 12 9 1149240.5829366192
 1534 9 12 8 12 9 1150285.888291345
 1535 9 12 8 12 9 1151349.776849372
 1536 9 12 8 12 9 1152484.1503390162
 1537 9 12 8 12 9 1153463.958295249
 1538 9 12 8 12 9 1154445.4570611028
 1539 9 12 8 12 9 1155314.3952627743
 1540 9 12 8 12 9 1156170.3729956395
 1541 9 12 8 12 9 1157025.9547909088
 1542 9 12 8 12 9 1158119.250890379
 1543 9 12 8 12 9 1158859.9141955553
 1544 9 12 8 12 9 1160058.188641972
 1545 9 12 8 12 9 1161350.827676922
 1546 9 12 8 12 9 1162534.7881873243
 1547 9 12 8 12 9 1163619.621662817
 1548 9 12 8 12 9 1165106.1697049357
 1549 9 12 8 12 9 1166060.6606304972
 1550 9 12 8 12 9 1167011.7145891602
 1551 9 12 7 12 10 1168146.92419908
 1552 9 12 7 12 10 1169361.17794377
 1553 9 12 7 12 10 1170375.0480427763
 1554 9 12 7 12 10 1171500.5393117336
 1555 9 12 7 12 10 1172499.6127559678
 1556 9 12 7 12 10 1173655.189462772
 1557 9 12 7 12 10 1174916.0107351353
 1558 9 12 7 12 10 1176009.6892005808
 1559 9 12 7 12 10 1176878.7901214305
 1560 9 12 7 12 10 1178193.7689513154
 1561 9 12 7 12 10 1179026.545341775
 1562 9 12 7 12 10 1180196.7239152375
 1563 9 12 7 12 10 1181531.8163225462
 1564 9 12 7 12 10 1182565.7409347359
 1565 9 12 7 12 10 1183535.1171692226
 1566 9 12 7 12 10 1184542.867015227
 1567 9 12 7 12 10 1185777.39953585
 1568 9 12 7 12 10 1187172.6658012304
 1569 9 12 7 12 10 1188131.5692589306
 1570 9 12 7 12 10 1189246.1575908207
 1571 9 12 8 12 9 1190578.7402260718
 1572 9 12 8 12 9 1191626.7144173495
 1573 9 12 8 12 9 1192704.8090905861
 1574 9 12 8 12 9 1193561.72113518
 1575 9 12 8 12 9 1194522.4496921035
 1576 9 12 8 12 9 1195403.5884352834
 1577 9 12 8 12 9 1196420.8113632957
 1578 9 12 8 12 9 1196992.5264915063
 1579 9 12 8 12 9 1197789.0940334336
 1580 9 12 8 12 9 1198663.558998832
 1581 9 12 8 12 9 1199398.077730906
 1582 9 12 8 12 9 1200091.935774407
 1583 9 12 8 12 9 1200825.9150581947
 1584 9 12 8 12 9 1201596.3174228617
 1585 9 12 8 12 9 1202613.5397380895
 1586 9 12 8 12 9 1203536.5948866464
 1587 9 12 8 12 9 1204285.4986480721
 1588 9 12 8 12 9 1205502.8608777318
 1589 9 12 8 12 9 1206279.6542325907
 1590 9 11 8 12 10 1207260.8983162178
 1591 9 11 8 12 10 1208371.2201720004
 1592 9 11 8 12 10 1209161.3059224798
 1593 9 11 8 12 10 1210160.4271043008
 1594 9 11 8 12 10 1210936.894633504
 1595 9 11 8 12 10 1211733.7142028902
 1596 9 11 8 12 10 1212751.8625054453
 1597 9 11 8 12 10 1213319.3087755311
 1598 9 11 8 12 10 1214135.3665285022
 1599 9 11 8 12 10 1215011.774394826
 1600 9 11 8 12 10 1215827.9332340334
 1601 9 11 8 12 10 1216741.566117245
 1602 9 12 8 12 9 1217952.33226788
 1603 9 12 8 12 9 1218890.4626050869
 1604 9 12 8 12 9 1219933.55965603
 1605 9 12 8 12 9 1220836.179907289
 1606 9 12 8 12 9 1222043.3526000334
 1607 9 12 8 12 9 1222949.935949685
 1608 9 12 8 12 9 1223861.8101380158
 1609 9 12 8 12 9 1224839.8315207295
 1610 9 12 8 12 9 1225851.3934805251
 1611 9 12 8 12 9 1227006.559625241
 1612 9 12 8 12 9 1227936.3331431728
 1613 9 12 8 12 9 1229220.2262214532
 1614 9 12 8 12 9 1230064.1879464325
 1615 9 12 8 12 9 1231345.2537663495
 1616 9 12 8 12 9 1232172.281553479
 1617 9 12 8 12 9 1233332.445169574
 1618 9 12 8 12 9 1234379.6684603156
 1619 9 12 8 12 9 1235748.3582506268
 1620 9 12 8 12 9 1236944.8050395004
 1621 9 12 8 12 9 1237924.724046151
 1622 9 11 8 12 10 1239018.7943716426
 1623 9 11 8 12 10 1240052.6091684909
 1624 9 11 8 12 10 1241120.7454893521
 1625 9 11 8 12 10 1242384.1773845737
 1626 9 11 8 12 10 1243379.210504166
 1627 9 11 8 12 10 1244689.9001689753
 1628 9 11 8 12 10 1245605.4421589249
 1629 9 11 8 12 10 1246783.083919907
 1630 9 11 8 12 10 1247816.8196918673
 1631 9 11 8 12 10 1248931.6746118867
 1632 9 12 8 12 9 1249812.434775073
 1633 9 12 8 12 9 1250906.3280086217
 1634 9 12 8 12 9 1251577.5612322662
 1635 9 11 8 12 10 1252491.2750897012
 1636 9 11 8 12 10 1253528.9469725157
 1637 9 11 8 12 10 1254743.5225392454
 1638 9 11 8 12 10 1255692.6066535295
 1639 9 11 8 12 10 1256696.163709068
 1640 9 11 8 12 10 1257503.3068110987
 1641 9 11 8 12 10 1258599.2999337558
 1642 9 11 8 12 10 1259679.9962917545
 1643 9 11 8 12 10 1260749.5360702917
 1644 9 11 8 12 10 1261797.3419275647
 1645 9 11 8 12 10 1262949.9439843185
 1646 9 11 8 12 10 1264026.0290131974
 1647 9 12 8 12 9 1265266.8650576884
 1648 9 12 8 12 9 1266237.5355472786
 1649 9 11 8 12 10 1267412.765301987
 1650 9 12 8 12 9 1268329.337417458
 1651 9 12 8 12 9 1269799.2177048046
 1652 9 12 8 12 9 1271111.1015449986
 1653 9 12 8 12 9 1272317.4265177706
 1654 9 12 8 12 9 1273531.864456605
 1655 9 12 8 12 9 1274905.4102406933
 1656 9 12 8 12 9 1276054.1543191923
 1657 9 12 8 12 9 1277325.1931958548
 1658 9 12 8 12 9 1278558.2940854577
 1659 9 12 8 12 9 1279864.2269250578
 1660 9 12 8 12 9 1280856.0835098142
 1661 9 12 8 12 9 1281744.651299556
 1662 9 12 8 12 9 1282771.2738731373
 1663 9 12 8 12 9 1284135.39979979
 1664 9 12 8 12 9 1285456.4304207002
 1665 9 12 8 12 9 1286830.3251316943
 1666 9 12 8 12 9 1288077.6463307582
 1667 9 12 8 12 9 1289302.2577881273
 1668 9 12 8 12 9 1290381.7610166022
 1669 9 12 8 12 9 1291618.7599648666
 1670 9 12 8 12 9 1292697.8352556885
 1671 9 12 7 12 10 1294075.5480142613
 1672 9 12 7 12 10 1295482.557764818
 1673 9 13 7 12 9 1296781.7564468966
 1674 9 13 7 12 9 1297956.615764005
 1675 9 12 8 12 9 1299032.6722968447
 1676 9 12 8 12 9 1300062.1663238269
 1677 9 12 8 12 9 1301451.2346586967
 1678 9 12 7 12 10 1302764.7093892475
 1679 9 12 8 12 9 1304092.1079727667
 1680 9 12 7 12 10 1305444.27733595
 1681 9 12 8 12 9 1306601.7280280825
 1682 9 12 8 12 9 1307714.9277237838
 1683 9 12 8 12 9 1308936.4172859977
 1684 9 12 8 12 9 1310035.4929340263
 1685 9 12 8 12 9 1311236.8825702087
 1686 9 12 8 12 9 1312370.1370874029
 1687 9 12 8 12 9 1313530.5925925174
 1688 9 12 8 12 9 1314668.1356264786
 1689 9 12 8 12 9 1316072.225779368
 1690 9 12 8 12 9 1317306.5854310633
 1691 9 12 8 12 9 1318538.6538692513
 1692 9 12 8 12 9 1319528.9588024598
 1693 9 11 8 12 10 1320682.9123605671
 1694 9 11 8 12 10 1321889.9199801607