 "ticks" "state 0" "state 1" "state 2" "state 3" "state 4" "bioenergy success"
 0 0 0 0 0 50 27497.0672
 1 0 0 0 0 50 28790.642166351052
 2 0 0 0 0 50 30040.243756366457
 3 0 0 0 0 50 31257.803900058665
 4 0 0 0 0 50 32448.929093124298
 5 0 0 0 0 50 33639.779912873746
 6 0 0 0 0 50 34899.119885247106
 7 0 0 0 0 50 36093.5100957215
 8 0 0 0 0 50 37280.5924323186
 9 0 0 0 0 50 38442.895315640926
 10 0 0 0 0 50 39602.80881296109
 11 0 0 0 0 50 40807.05017439027
 12 0 0 0 0 50 41978.6590350997
 13 0 0 0 0 50 43135.917830385064
 14 0 0 0 0 50 44365.85560346079
 15 0 0 0 0 50 45568.73719557136
 16 0 0 0 0 50 46768.668889119894
 17 0 0 0 0 50 47976.83750912335
 18 0 0 0 0 50 49212.86780666519
 19 0 0 0 0 50 50358.21858169448
 20 0 0 0 0 50 51466.27747656049
 21 0 0 0 0 50 52684.26605047306
 22 0 0 0 0 50 53889.60554826319
 23 0 0 0 0 50 55139.59567998976
 24 0 0 0 0 50 56305.16642453201
 25 0 0 0 0 50 57497.690761866004
 26 0 0 0 0 50 58643.482645987075
 27 0 0 0 0 50 59819.96270756263
 28 0 0 0 0 50 60933.575114880914
 29 0 0 0 0 50 62141.68971348904
 30 0 0 0 0 50 63388.834517034746
 31 0 0 0 0 50 64605.71424434619
 32 0 0 0 0 50 65787.6199772262
 33 0 0 0 0 50 66976.28263201925
 34 0 0 0 0 50 68214.91330981505
 35 0 0 0 0 50 69471.62830534055
 36 0 0 0 0 50 70735.7614008078
 37 0 0 0 0 50 72017.64772981511
 38 0 0 0 0 50 73303.21721655114
 39 0 0 0 0 50 74579.49840357275
 40 0 0 0 0 50 75759.37678842066
 41 0 0 0 0 50 76879.4702276172
 42 0 0 0 0 50 78107.28070176348
 43 0 0 0 0 50 79241.34633918272
 44 0 0 0 0 50 80430.37478067241
 45 0 0 0 0 50 81633.58321514833
 46 0 0 0 0 50 82802.17886194256
 47 0 0 0 0 50 83945.64133938124
 48 0 0 0 0 50 85106.52245204835
 49 0 0 0 0 50 86238.80367263444
 50 0 0 0 0 50 87320.78666895987
 51 0 0 0 0 50 88458.41683958171
 52 0 0 0 0 50 89606.71632283063
 53 0 0 0 0 50 90887.31909033212
 54 0 0 0 0 50 92139.85746792387
 55 0 0 0 0 50 93343.87008780941
 56 0 0 0 0 50 94520.26778343577
 57 0 0 0 0 50 95712.86098286689
 58 0 0 0 0 50 96893.5621859202
 59 0 0 0 0 50 98152.29752775468
 60 0 0 0 0 50 99464.37822345666
 61 0 0 0 0 50 100678.76368079256
 62 0 0 0 0 50 101890.64837733077
 63 0 0 0 0 50 103034.96943888911
 64 0 0 0 0 50 104241.70435373274
 65 0 0 0 0 50 105448.59148894882
 66 0 0 0 0 50 106717.02024614254
 67 0 0 0 0 50 107862.09178613027
 68 0 0 0 0 50 109084.14319300817
 69 0 0 0 0 50 110358.97782811987
 70 0 0 0 0 50 111550.63811961783
 71 0 0 0 0 50 112812.66003097307
 72 0 0 0 0 50 113961.82406824149
 73 0 0 0 0 50 115127.06115916121
 74 0 0 0 0 50 116241.93967608854
 75 0 0 0 0 50 117405.87596567288
 76 0 0 0 0 50 118609.43943545455
 77 0 0 0 0 50 119829.98194652931
 78 0 0 0 0 50 121016.07791643772
 79 0 0 0 0 50 122242.93242823797
 80 0 0 0 0 50 123378.73058275288
 81 0 0 0 0 50 124568.02859104378
 82 0 0 0 0 50 125845.69794702584
 83 0 0 0 0 50 127132.76589829895
 84 0 0 0 0 50 128372.01920369797
 85 0 0 0 0 50 129576.50417398619
 86 0 0 0 0 50 130772.16896615745
 87 0 0 0 0 50 131994.62450913913
 88 0 0 0 0 50 133254.2899103703
 89 0 0 0 0 50 134501.42306456258
 90 0 0 0 0 50 135701.90506872837
 91 0 0 0 0 50 136929.23024328606
 92 0 0 0 0 50 138123.72736849543
 93 0 0 0 0 50 139342.70087980022
 94 0 0 0 0 50 140544.28520615213
 95 0 0 0 0 50 141741.0967506496
 96 0 0 0 0 50 142992.7301604824
 97 0 0 0 0 50 144230.6203158059
 98 0 0 0 0 50 145425.0615090075
 99 0 0 0 0 50 146615.8826112488
 100 0 0 0 0 50 147812.87287969782
 101 0 0 0 0 50 149013.58829221426
 102 0 0 0 0 50 150247.57215053597
 103 0 0 0 0 50 151474.06887128382
 104 0 0 0 0 50 152706.72375353807
 105 0 0 0 0 50 153936.63252446684
 106 0 0 0 0 50 155187.86188872057
 107 0 0 0 0 50 156408.58107202372
 108 0 0 0 0 50 157629.08816613187
 109 0 0 0 0 50 158878.5482080068
 110 0 0 0 0 50 160040.19528090057
 111 0 0 0 0 50 161214.80807749697
 112 0 0 0 0 50 162413.8069453037
 113 0 0 0 0 50 163618.03689054362
 114 0 0 0 0 50 164858.34876246186
 115 0 0 0 0 50 166026.53606333942
 116 0 0 0 0 50 167175.98952526457
 117 0 0 0 0 50 168332.87276857204
 118 0 0 0 0 50 169555.9276690456
 119 0 0 0 0 50 170804.49014344547
 120 0 0 0 0 50 172081.5007588869
 121 0 0 0 0 50 173314.05319607563
 122 0 0 0 0 50 174575.87140548148
 123 0 0 0 0 50 175798.21927556014
 124 0 0 0 0 50 176951.03579128996
 125 0 0 0 0 50 178165.20391157086
 126 0 0 0 0 50 179344.1522194046
 127 0 0 0 0 50 180546.3059179841
 128 0 0 0 0 50 181745.06706300366
 129 0 0 0 0 50 182980.16648943722
 130 0 0 0 0 50 184211.139571754
 131 0 0 0 0 50 185369.87914609435
 132 0 0 0 0 50 186572.04386699674
 133 0 0 0 0 50 187839.56734637797
 134 0 0 0 0 50 189075.64216425785
 135 0 0 0 0 50 190311.95598334924
 136 0 0 0 0 50 191511.73033619925
 137 0 0 0 0 50 192684.832836641
 138 0 0 0 0 50 194197.07946762233
 139 0 0 0 0 50 195639.95106649608
 140 0 0 0 0 50 197100.60573528358
 141 0 0 0 0 50 198497.26412574333
 142 0 0 0 0 50 199979.9217881385
 143 0 0 0 0 50 201490.9277297651
 144 0 0 0 0 50 202958.53365279923
 145 0 0 0 0 50 204357.44763186283
 146 0 0 0 0 50 205733.02780537945
 147 0 0 0 0 50 207227.18806444592
 148 0 0 0 0 50 208669.28972848353
 149 0 0 0 0 50 210113.0163640541
 150 0 0 0 0 50 211531.49426957092
 151 0 0 0 0 50 212849.39277766328
 152 0 0 0 0 50 214257.5870499051
 153 0 0 0 0 50 215658.49602829182
 154 0 0 0 0 50 217181.04194106814
 155 0 0 0 0 50 218683.3939962644
 156 0 0 0 0 50 220131.7783419151
 157 0 0 0 0 50 221585.47895250417
 158 0 0 0 0 50 223037.90419138852
 159 0 0 0 0 50 224468.57836287466
 160 0 0 0 0 50 225935.88117312902
 161 0 0 0 0 50 227369.42922103463
 162 0 0 0 0 50 228808.98517218433
 163 0 0 0 0 50 230295.62229558022
 164 0 0 0 0 50 231723.4089320337
 165 0 0 0 0 50 233212.1663221077
 166 0 0 0 0 50 234700.93385468624
 167 0 0 0 0 50 236028.33915270903
 168 0 0 0 0 50 237463.44233431862
 169 0 0 0 0 50 238890.94212871615
 170 0 0 0 0 50 240391.23706428186
 171 0 0 0 0 50 241792.7909663244
 172 0 0 0 0 50 243213.84083327308
 173 0 0 0 0 50 244605.69566013973
 174 0 0 0 0 50 245978.99974493022
 175 0 0 0 0 50 247296.63491879645
 176 0 0 0 0 50 248713.1084220288
 177 0 0 0 0 50 250210.69905444124
 178 0 0 0 0 50 251615.2323803392
 179 0 0 0 0 50 253091.49354327505
 180 0 0 0 0 50 254542.06228467266
 181 0 0 0 0 50 255973.49845804166
 182 0 0 0 0 50 257417.3058504392
 183 0 0 0 0 50 258865.21296475668
 184 0 0 0 0 50 260306.39438382778
 185 0 0 0 0 50 261724.62876734592
 186 0 0 0 0 50 263121.41858007025
 187 0 0 0 0 50 264591.85193277634
 188 0 0 0 0 50 266008.1282295688
 189 0 0 0 0 50 267479.13606691366
 190 0 0 0 0 50 268944.27683049854
 191 0 0 0 0 50 270435.5786563387
 192 0 0 0 0 50 271851.8534480269
 193 0 0 0 0 50 273388.31667191145
 194 0 0 0 0 50 274869.978026276
 195 0 0 0 0 50 276249.89875509223
 196 0 0 0 0 50 277693.0630254166
 197 0 0 0 0 50 279143.88587892655
 198 0 0 0 0 50 280606.93707154813
 199 0 0 0 0 50 282072.91926993604
 200 0 0 0 0 50 283487.41492545756
 201 0 0 0 0 50 284954.12250163057
 202 0 0 0 0 50 286416.01424740924
 203 0 0 0 0 50 287896.57798343804
 204 0 0 0 0 50 289321.54490414
 205 0 0 0 0 50 290728.310190635
 206 0 0 0 0 50 292194.6553362482
 207 0 0 0 0 50 293608.98419394833
 208 0 0 0 0 50 294982.30888217525
 209 0 0 0 0 50 296452.602666549
 210 0 0 0 0 50 297898.17574027163
 211 0 0 0 0 50 299379.2844111278
 212 0 0 0 0 50 300867.66026000486
 213 0 0 0 0 50 302292.2082615661
 214 0 0 0 0 50 303767.2087468884
 215 0 0 0 0 50 305258.7662299723
 216 0 0 0 0 50 306652.7735746981
 217 0 0 0 0 50 308067.7643254495
 218 0 0 0 0 50 309548.4015301082
 219 0 0 0 0 50 311033.48993227
 220 0 0 0 0 50 312529.61678336875
 221 0 0 0 0 50 314032.7447600814
 222 0 0 0 0 50 315510.87194865657
 223 0 0 0 0 50 316947.6230926496
 224 0 0 0 0 50 318414.5041467977
 225 0 0 0 0 50 319904.12935316114
 226 0 0 0 0 50 321310.8004679581
 227 0 0 0 0 50 322862.244797377
 228 0 0 0 0 50 324381.2643119604
 229 0 0 0 0 50 325888.24154699966
 230 0 0 0 0 50 327333.76672331116
 231 0 0 0 0 50 328768.8779479335
 232 0 0 0 0 50 330259.6758563005
 233 0 0 0 0 50 331723.42551625153
 234 0 0 0 0 50 333055.4994503267
 235 0 0 0 0 50 334389.84198331775
 236 0 0 0 0 50 335698.35818925546
 237 0 0 0 0 50 337033.42689581454
 238 0 0 0 0 50 338328.9396830959
 239 0 0 0 0 50 339623.9039989689
 240 0 0 0 0 50 340890.3749792616
 241 0 0 0 0 50 342100.18273259164
 242 0 0 0 0 50 343373.6297291392
 243 0 0 0 0 50 344667.041149633
 244 0 0 0 0 50 345934.6573219388
 245 0 0 0 0 50 347158.38881368475
 246 0 0 0 0 50 348337.8957482818
 247 0 0 0 0 50 349587.2146324932
 248 0 0 0 0 50 350862.4762821594
 249 0 0 0 0 50 352107.19338321587
 250 0 0 0 0 50 353376.4013914725
 251 0 0 0 0 50 354629.89841714536
 252 0 0 0 0 50 355881.1130924027
 253 0 0 0 0 50 357051.9346273935
 254 0 0 0 0 50 358199.15326896124
 255 0 0 0 0 50 359406.83624383056
 256 0 0 0 0 50 360591.0171512555
 257 0 0 0 0 50 361738.76195823686
 258 0 0 0 0 50 362973.9229254663
 259 0 0 0 0 50 364168.20047520025
 260 0 0 0 0 50 365435.2965074248
 261 0 0 0 0 50 366681.6630643535
 262 0 0 0 0 50 367904.2803369646
 263 0 0 0 0 50 369176.4969743809
 264 0 0 0 0 50 370460.3846156519
 265 0 0 0 0 50 371731.9562544024
 266 0 0 0 0 50 372917.1770774205
 267 0 0 0 0 50 374131.4436082979
 268 0 0 0 0 50 375397.13602863846
 269 0 0 0 0 50 376682.6398944877
 270 0 0 0 0 50 378061.66792403185
 271 0 0 0 0 50 379215.2547651385
 272 0 0 0 0 50 380382.69484576315
 273 0 0 0 0 50 381555.5391189839
 274 0 0 0 0 50 382778.01988201455
 275 0 0 0 0 50 383972.64879365667
 276 0 0 0 0 50 385132.76019888365
 277 0 0 0 0 50 386316.9274624672
 278 0 0 0 0 50 387592.92559524043
 279 0 0 0 0 50 388870.89161472843
 280 0 0 0 0 50 390110.302181907
 281 0 0 0 0 50 391380.117551058
 282 0 0 0 0 50 392706.734106429
 283 0 0 0 0 50 393966.0298712547
 284 0 0 0 0 50 395251.53104055615
 285 0 0 0 0 50 396389.18042166444
 286 0 0 0 0 50 397649.5620658566
 287 0 0 0 0 50 398968.07794655056
 288 0 0 0 0 50 400293.7255579874
 289 0 0 0 0 50 401518.1184453817
 290 0 0 0 0 50 402796.6813079066
 291 0 0 0 0 50 404014.2224265545
 292 0 0 0 0 50 405220.9959303227
 293 0 0 0 0 50 406464.6035802409
 294 0 0 0 0 50 407775.3271873705
 295 0 0 0 0 50 409103.5641570161
 296 0 0 0 0 50 410288.6418781232
 297 0 0 0 0 50 411543.74927241245
 298 0 0 0 0 50 412862.5356313659
 299 0 0 0 0 50 414207.6957409642
 300 0 0 0 0 50 415434.2774666622
 301 0 0 0 0 50 416683.1754073932
 302 0 0 0 0 50 417942.3882213751
 303 0 0 0 0 50 419203.2364180058
 304 0 0 0 0 50 420383.2121930344
 305 0 0 0 0 50 421708.0702411898
 306 0 0 0 0 50 422997.80002388975
 307 0 0 0 0 50 424332.5456014577
 308 0 0 0 0 50 425709.36563012504
 309 0 0 0 0 50 426983.6879186843
 310 0 0 0 0 50 428290.502149661
 311 0 0 0 0 50 429535.6858975925
 312 0 0 0 0 50 430801.6916247534
 313 0 0 0 0 50 431903.5449446012
 314 0 0 0 0 50 433138.4868381374
 315 0 0 0 0 50 434457.11308726185
 316 0 0 0 0 50 435700.12281559
 317 0 0 0 0 50 436936.483665175
 318 0 0 0 0 50 438142.9191865553
 319 0 0 0 0 50 439355.5655536022
 320 0 0 0 0 50 440493.7085735205
 321 0 0 0 0 50 441820.6363088537
 322 0 0 0 0 50 443023.24470537895
 323 0 0 0 0 50 444274.0615753568
 324 0 0 0 0 50 445467.28358247655
 325 0 0 0 0 50 446588.0183719868
 326 0 0 0 0 50 447768.4472659802
 327 0 0 0 0 50 449016.04634814843
 328 0 0 0 0 50 450265.7926469829
 329 0 0 0 0 50 451496.97690174123
 330 0 0 0 0 50 452694.5998101133
 331 0 0 0 0 50 453835.65982681327
 332 0 0 0 0 50 455044.3770698544
 333 0 0 0 0 50 456221.5889306092
 334 0 0 0 0 50 457513.3839296507
 335 0 0 0 0 50 458674.6789199781
 336 0 0 0 0 50 459732.4917853264
 337 0 0 0 0 50 460902.1681931347
 338 0 0 0 0 50 462246.12947507197
 339 0 0 0 0 50 463475.4257526116
 340 0 0 0 0 50 464779.10676989605
 341 0 0 0 0 50 465989.5784211148
 342 0 0 0 0 50 467257.6992061362
 343 0 0 0 0 50 468531.32213748613
 344 0 0 0 0 50 469762.20554975345
 345 0 0 0 0 50 470998.6404396264
 346 0 0 0 0 50 472242.4757945508
 347 0 0 0 0 50 473623.49361383764
 348 0 0 0 0 50 475007.8984587978
 349 0 0 0 0 50 476384.1286775317
 350 0 0 0 0 50 477706.6693724666
 351 0 0 0 0 50 479051.28557151573
 352 0 0 0 0 50 480457.9472034465
 353 0 0 0 0 50 481732.1938590133
 354 0 0 0 0 50 483065.89187607256
 355 0 0 0 0 50 484333.6760468319
 356 0 0 0 0 50 485618.0797477136
 357 0 0 0 0 50 486977.9531832133
 358 0 0 0 0 50 488297.411445519
 359 0 0 0 0 50 489652.42323243
 360 0 0 0 0 50 490866.0324216975
 361 0 0 0 0 50 492021.4739731441
 362 0 0 0 0 50 493275.5679677177
 363 0 0 0 0 50 494469.51862262
 364 0 0 0 0 50 495735.4988740383
 365 0 0 0 0 50 497047.9989885144
 366 0 0 0 0 50 498315.8639860741
 367 0 0 0 0 50 499616.65246105834
 368 0 0 0 0 50 500852.81452822534
 369 0 0 0 0 50 502114.87130799337
 370 0 0 0 0 50 503360.38388962386
 371 0 0 0 0 50 504609.7327819876
 372 0 0 0 0 50 506032.6035631457
 373 0 0 0 0 50 507375.12768177444
 374 0 0 0 0 50 508574.251270063
 375 0 0 0 0 50 509903.4767969608
 376 0 0 0 0 50 511233.4425513803
 377 0 0 0 0 50 512405.3136579349
 378 0 0 0 0 50 513601.04834698274
 379 0 0 0 0 50 514728.1511475228
 380 0 0 0 0 50 515867.30864841753
 381 0 0 0 0 50 517112.4708804889
 382 0 0 0 0 50 518233.82514330535
 383 0 0 0 0 50 519576.6580951842
 384 0 0 0 0 50 520901.2771845682
 385 0 0 0 0 50 522220.93478361896
 386 0 0 0 0 50 523507.6809059231
 387 0 0 0 0 50 524753.3305486772
 388 0 0 0 0 50 526038.4611106769
 389 0 0 0 0 50 527341.2336722409
 390 0 0 0 0 50 528598.2783641926
 391 0 0 0 0 50 529865.7205966223
 392 0 0 0 0 50 531159.5454828865
 393 0 0 0 0 50 532393.463009839
 394 0 0 0 0 50 533585.2637381314
 395 0 0 0 0 50 534944.3263566592
 396 0 0 0 0 50 536282.0194377875
 397 0 0 0 0 50 537540.9212936548
 398 0 0 0 0 50 538666.9824666224
 399 0 0 0 0 50 539913.787169178
 400 0 0 0 0 50 541082.0905185612
 401 0 0 0 0 50 542324.2804499692
 402 0 0 0 0 50 543658.9009639228
 403 0 0 0 0 50 544988.0261228133
 404 0 0 0 0 50 546122.8852911826
 405 0 0 0 0 50 547410.6739739031
 406 0 0 0 0 50 548728.4436497124
 407 0 0 0 0 50 550147.321236444
 408 0 0 0 0 50 551413.549936494
 409 0 0 0 0 50 552690.5205777462
 410 0 0 0 0 50 553941.1079998185
 411 0 0 0 0 50 555114.339321455
 412 0 0 0 0 50 556225.0495129221
 413 0 0 0 0 50 557653.1924308941
 414 0 0 0 0 50 559006.4122275837
 415 0 0 0 0 50 560244.0853184072
 416 0 0 0 0 50 561591.7530356015
 417 0 0 0 0 50 562822.46337835
 418 0 0 0 0 50 564022.5547918789
 419 0 0 0 0 50 565240.8405515758
 420 0 0 0 0 50 566412.8695074979
 421 0 0 0 0 50 567595.1693808876
 422 0 0 0 0 50 568845.1778254905
 423 0 0 0 0 50 570084.4221434828
 424 0 0 0 0 50 571410.1878863625
 425 0 0 0 0 50 572718.3935234703
 426 0 0 0 0 50 573906.8111842412
 427 0 0 0 0 50 575127.9517277093
 428 0 0 0 0 50 576414.4337355315
 429 0 0 0 0 50 577758.7674264545
 430 0 0 0 0 50 579232.5948904421
 431 0 0 0 0 50 580501.0625341629
 432 0 0 0 0 50 581792.7356578213
 433 0 0 0 0 50 582952.5002126961
 434 0 0 0 0 50 584292.1697421848
 435 0 0 0 0 50 585582.0297784976
 436 0 0 0 0 50 586800.5039047205
 437 0 0 0 0 50 588106.7136470607
 438 0 0 0 0 50 589396.9099525533
 439 0 0 0 0 50 590554.9984970132
 440 0 0 0 0 50 591800.6251894333
 441 0 0 0 0 50 593020.4800011158
 442 0 0 0 0 50 594163.6899663459
 443 0 0 0 0 50 595408.1234751052
 444 0 0 0 0 50 596640.1961733442
 445 0 0 0 0 50 597864.6008633022
 446 0 0 0 0 50 599216.6642493242
 447 0 0 0 0 50 600394.3814163108
 448 0 0 0 0 50 601681.2274384891
 449 0 0 0 0 50 602957.0659183795
 450 0 0 0 0 50 604214.4864780444
 451 0 0 0 0 50 605466.1710384712
 452 0 0 0 0 50 606794.7919199116
 453 0 0 0 0 50 608080.4646141618
 454 0 0 0 0 50 609320.7889693287
 455 0 0 0 0 50 610526.6822706938
 456 0 0 0 0 50 611672.0511706222
 457 0 0 0 0 50 612873.7492597653
 458 0 0 0 0 50 613918.8823200923
 459 0 0 0 0 50 615073.6676565453
 460 0 0 0 0 50 616183.385174965
 461 0 0 0 0 50 617231.6346652412
 462 0 0 0 0 50 618278.7495789743
 463 0 0 0 0 50 619492.4172472062
 464 0 0 0 0 50 620742.187212768
 465 0 0 0 0 50 621814.234570485
 466 0 0 0 0 50 623031.7260384776
 467 0 0 0 0 50 624122.3279051343
 468 0 0 0 0 50 625274.0929261362
 469 0 0 0 0 50 626279.9911344537
 470 0 0 0 0 50 627390.879145479
 471 0 0 0 0 50 628458.0018324249
 472 0 0 0 0 50 629550.4526517278
 473 0 0 0 0 50 630560.6360880852
 474 0 0 0 0 50 631060.4936260398
 475 0 0 0 0 50 631673.3085179764
 476 0 0 0 0 50 632174.6912436263
 477 0 0 0 0 50 632840.547824852
 478 0 0 0 0 50 633391.8457002784
 479 0 0 0 0 50 633783.0878685728
 480 0 0 0 0 50 634283.1944978609
 481 0 0 0 0 50 634826.3804189109
 482 0 0 0 0 50 635408.8852475963
 483 0 0 0 0 50 636022.031233076
 484 0 0 0 0 50 636696.1180122735
 485 0 0 0 0 50 637410.8810017608
 486 0 0 0 0 50 638163.7792017059
 487 0 0 0 0 50 638793.8101860506
 488 0 0 0 0 50 639347.6940665215
 489 0 0 0 0 50 640032.1947674289
 490 0 0 0 0 50 640711.1058731418
 491 0 0 0 0 50 641479.0012090226
 492 0 0 0 0 50 642098.3144613811
 493 0 0 0 0 50 642607.871504527
 494 0 0 0 0 50 643311.33940632
 495 0 0 0 0 50 643874.3265177594
 496 0 0 0 0 50 644404.6390755785
 497 0 0 0 0 50 645060.282787783
 498 0 0 0 0 50 645711.3566786186
 499 0 0 0 0 50 646364.2098902491
 500 0 0 0 0 50 646977.0478213192
 501 0 0 0 0 50 647685.1685763058
 502 0 0 0 0 50 648346.0157850743
 503 0 0 0 0 50 649030.3561456538
 504 0 0 0 0 50 649713.2589332069
 505 0 0 0 0 50 650411.0338341545
 506 0 0 0 0 50 651001.6427719081
 507 0 0 0 0 50 651507.9501267015
 508 0 0 0 0 50 652137.8994667373
 509 0 0 0 0 50 652659.5984183038
 510 0 0 0 0 50 653279.4427930475
 511 0 0 0 0 50 653871.3419276082
 512 0 0 0 0 50 654557.0904410311
 513 0 0 0 0 50 655174.0581585513
 514 0 0 0 0 50 655752.36655878
 515 0 0 0 0 50 656446.7499800317
 516 0 0 0 0 50 656955.2183139153
 517 0 0 0 0 50 657521.3689388582
 518 0 0 0 0 50 658198.2987802981
 519 0 0 0 0 50 658948.841442248
 520 0 0 0 0 50 659564.6756001275
 521 0 0 0 0 50 660098.4664754579
 522 0 0 0 0 50 660603.6227354201
 523 0 0 0 0 50 661211.0002752303
 524 0 0 0 0 50 661878.2436449886
 525 0 0 0 0 50 662524.8349789091
 526 0 0 0 0 50 663123.6367867939
 527 0 0 0 0 50 663673.6905879336
 528 0 0 0 0 50 664109.5914886954
 529 0 0 0 0 50 664537.4273713217
 530 0 0 0 0 50 665006.8972469646
 531 0 0 0 0 50 665612.0349271464
 532 0 0 0 0 50 666189.1574812228
 533 0 0 0 0 50 666797.1434626066
 534 0 0 0 0 50 667355.792109404
 535 0 0 0 0 50 668001.1277970447
 536 0 0 0 0 50 668419.4631537796
 537 0 0 0 0 50 669078.8751095613
 538 0 0 0 0 50 669661.3127441382
 539 0 0 0 0 50 670262.0164912258
 540 0 0 0 0 50 670920.3832838977
 541 0 0 0 0 50 671606.6779486954
 542 0 0 0 0 50 672241.9347266839
 543 0 0 0 0 50 672897.0590241578
 544 0 0 0 0 50 673511.9350575977
 545 0 0 0 0 50 674114.610117635
 546 0 0 0 0 50 674944.7260456368
 547 0 0 0 0 50 675566.3052206938
 548 0 0 0 0 50 676105.7520363611
 549 0 0 0 0 50 676571.515590638
 550 0 0 0 0 50 677191.5093148823
 551 0 0 0 0 50 677819.176285315
 552 0 0 0 0 50 678401.9081745867
 553 0 0 0 0 50 679148.7057231723
 554 0 0 0 0 50 679780.2258685507
 555 0 0 0 0 50 680419.8308873322
 556 0 0 0 0 50 680861.7607075914
 557 0 0 0 0 50 681537.9256249868
 558 0 0 0 0 50 682261.6153163459
 559 0 0 0 0 50 682839.9427739823
 560 0 0 0 0 50 683403.2764893685
 561 0 0 0 0 50 683851.8519766618
 562 0 0 0 0 50 684334.319438054
 563 0 0 0 0 50 684828.1381754535
 564 0 0 0 0 50 685427.4930181487
 565 0 0 0 0 50 685998.7805788
 566 0 0 0 0 50 686528.3365207468
 567 0 0 0 0 50 687155.8887258562
 568 0 0 0 0 50 687828.6833123346
 569 0 0 0 0 50 688481.2167596472
 570 0 0 0 0 50 689142.1785799674
 571 0 0 0 0 50 689754.9409942165
 572 0 0 0 0 50 690301.9990525704
 573 0 0 0 0 50 690864.758478726
 574 0 0 0 0 50 691440.7278862991
 575 0 0 0 0 50 692021.3080630028
 576 0 0 0 0 50 692616.2763461716
 577 0 0 0 0 50 693289.9592869533
 578 0 0 0 0 50 693948.6266864742
 579 0 0 0 0 50 694547.2589249176
 580 0 0 0 0 50 695175.3720581024
 581 0 0 0 0 50 695765.0133519353
 582 0 0 0 0 50 696364.0950153774
 583 0 0 0 0 50 696958.1379689043
 584 0 0 0 0 50 697702.128567341
 585 0 0 0 0 50 698339.3357016273
 586 0 0 0 0 50 698921.2954630496
 587 0 0 0 0 50 699591.958673046
 588 0 0 0 0 50 700348.7718614182
 589 0 0 0 0 50 701103.7993068285
 590 0 0 0 0 50 701789.0519101511
 591 0 0 0 0 50 702393.1957528987
 592 0 0 0 0 50 702919.5552293743
 593 0 0 0 0 50 703483.3806454892
 594 0 0 0 0 50 704022.1473169862
 595 0 0 0 0 50 704611.0125434733
 596 0 0 0 0 50 705179.3340406665
 597 0 0 0 0 50 705767.2104632047
 598 0 0 0 0 50 706461.4890071122
 599 0 0 0 0 50 706972.4000972013
 600 0 0 0 0 50 707550.9356032363
 601 0 0 0 0 50 708209.2378502494
 602 0 0 0 0 50 708855.6854705698
 603 0 0 0 0 50 709449.0505447745
 604 0 0 0 0 50 710204.3080031336
 605 0 0 0 0 50 710828.8234603979
 606 0 0 0 0 50 711573.0038023422
 607 0 0 0 0 50 712050.7368094107
 608 0 0 0 0 50 712596.4326168939
 609 0 0 0 0 50 713130.1076111357
 610 0 0 0 0 50 713663.655169955
 611 0 0 0 0 50 714320.0875124858
 612 0 0 0 0 50 714897.5193893493
 613 0 0 0 0 50 715467.6184604198
 614 0 0 0 0 50 716133.4766847298
 615 0 0 0 0 50 716751.07691803
 616 0 0 0 0 50 717360.4720478064
 617 0 0 0 0 50 717874.0042541109
 618 0 0 0 0 50 718526.6945252324
 619 0 0 0 0 50 719191.7257176117
 620 0 0 0 0 50 719814.9861222613
 621 0 0 0 0 50 720345.2112103003
 622 0 0 0 0 50 720829.0626704298
 623 0 0 0 0 50 721387.0872566494
 624 0 0 0 0 50 721800.8631513976
 625 0 0 0 0 50 722397.0881616533
 626 0 0 0 0 50 722999.7417598848
 627 0 0 0 0 50 723512.5349489857
 628 0 0 0 0 50 724075.6754727181
 629 0 0 0 0 50 724661.4263921932
 630 0 0 0 0 50 725360.380987346
 631 0 0 0 0 50 725956.0361876221
 632 0 0 0 0 50 726472.1933272327
 633 0 0 0 0 50 727085.6391892887
 634 0 0 0 0 50 727739.8106978468
 635 0 0 0 0 50 728373.539334794
 636 0 0 0 0 50 728920.1435740629
 637 0 0 0 0 50 729464.1994002786
 638 0 0 0 0 50 730045.6250294392
 639 0 0 0 0 50 730700.1745010295
 640 0 0 0 0 50 731352.614789155
 641 0 0 0 0 50 731906.2495323778
 642 0 0 0 0 50 732611.7574871929
 643 0 0 0 0 50 733257.6341233131
 644 0 0 0 0 50 733853.2245928235
 645 0 0 0 0 50 734482.39749199
 646 0 0 0 0 50 735133.2326915739
 647 0 0 0 0 50 735731.4515709756
 648 0 0 0 0 50 736217.8100040541
 649 0 0 0 0 50 736702.7256147149
 650 0 0 0 0 50 737287.3573985496
 651 0 0 0 0 50 737891.1179954461
 652 0 0 0 0 50 738542.8344248888
 653 0 0 0 0 50 739214.2385335809
 654 0 0 0 0 50 739872.1500700448
 655 0 0 0 0 50 740428.6519854222
 656 0 0 0 0 50 740945.6818803349
 657 0 0 0 0 50 741457.6519152002
 658 0 0 0 0 50 742030.91662561
 659 0 0 0 0 50 742488.2071739748
 660 0 0 0 0 50 742858.2466965112
 661 0 0 0 0 50 743299.251764144
 662 0 0 0 0 50 743889.9732720699
 663 0 0 0 0 50 744496.0301815103
 664 0 0 0 0 50 745076.5059543496
 665 0 0 0 0 50 745747.1111566101
 666 0 0 0 0 50 746264.8329762201
 667 0 0 0 0 50 746886.7843341664
 668 0 0 0 0 50 747525.0725850812
 669 0 0 0 0 50 747978.6232338405
 670 0 0 0 0 50 748579.3191554215
 671 0 0 0 0 50 749143.5958058928
 672 0 0 0 0 50 749707.9187319624
 673 0 0 0 0 50 750302.1800820901
 674 0 0 0 0 50 750907.3054497038
 675 0 0 0 0 50 751513.1307241272
 676 0 0 0 0 50 752035.0215139422
 677 0 0 0 0 50 752561.0205863917
 678 0 0 0 0 50 753124.1343083562
 679 0 0 0 0 50 753630.3964244501
 680 0 0 0 0 50 754169.5794364391
 681 0 0 0 0 50 754645.7882312696
 682 0 0 0 0 50 755146.6859600425
 683 0 0 0 0 50 755880.6829851455
 684 0 0 0 0 50 756459.3925190222
 685 0 0 0 0 50 756939.9042551065
 686 0 0 0 0 50 757401.5397134856
 687 0 0 0 0 50 757985.3122765115
 688 0 0 0 0 50 758633.1889044142
 689 0 0 0 0 50 759066.342038879
 690 0 0 0 0 50 759567.3834690398
 691 0 0 0 0 50 760078.3623844751
 692 0 0 0 0 50 760630.7079495799
 693 0 0 0 0 50 761182.9984814643
 694 0 0 0 0 50 761581.0206132308
 695 0 0 0 0 50 762108.1447360658
 696 0 0 0 0 50 762638.4720045681
 697 0 0 0 0 50 763297.751697724
 698 0 0 0 0 50 763952.9292659312
 699 0 0 0 0 50 764524.3804249526
 700 0 0 0 0 50 765021.6830586122
 701 0 0 0 0 50 765494.0995712547
 702 0 0 0 0 50 766090.7929176518
 703 0 0 0 0 50 766611.6184560577
 704 0 0 0 0 50 767286.6510239694
 705 0 0 0 0 50 767798.5554499495
 706 0 0 0 0 50 768375.6175944799
 707 0 0 0 0 50 768858.9387477585
 708 0 0 0 0 50 769414.4095276252
 709 0 0 0 0 50 770048.629757209
 710 0 0 0 0 50 770584.3139295838
 711 0 0 0 0 50 771174.6773611602
 712 0 0 0 0 50 771756.1960188594
 713 0 0 0 0 50 772306.7415047667
 714 0 0 0 0 50 772440.7720574469
 715 0 0 0 0 50 772675.4038380416
 716 0 0 0 0 50 772847.81813984
 717 0 0 0 0 50 773017.6558929101
 718 0 0 0 0 50 773155.7805592429
 719 0 0 0 0 50 773334.2483155424
 720 0 0 0 0 50 773622.6805319388
 721 0 0 0 0 50 773813.0712365307
 722 0 0 0 0 50 774054.9144540436
 723 0 0 0 0 50 774314.7146572515
 724 0 0 0 0 50 774501.8580604596
 725 0 0 0 0 50 774734.5987688355
 726 0 0 0 0 50 774908.5893519938
 727 0 0 0 0 50 775055.8436084916
 728 0 0 0 0 50 775221.7316223927
 729 0 0 0 0 50 775547.7346586218
 730 0 0 0 0 50 775788.3998795748
 731 0 0 0 0 50 776027.0436823436
 732 0 0 0 0 50 776258.2307307365
 733 0 0 0 0 50 776587.9387420851
 734 0 0 0 0 50 776889.1374013178
 735 0 0 0 0 50 777197.4241286427
 736 0 0 0 0 50 777415.6497819946
 737 0 0 0 0 50 777598.9105779373
 738 0 0 0 0 50 777748.897049909
 739 0 0 0 0 50 778000.3941808498
 740 0 0 0 0 50 778238.6604092248
 741 0 0 0 0 50 778394.7036255475
 742 0 0 0 0 50 778575.2101561506
 743 0 0 0 0 50 778759.7548985241
 744 0 0 0 0 50 778927.8081173236
 745 0 0 0 0 50 779079.5657720001
 746 0 0 0 0 50 779274.7601915358
 747 0 0 0 0 50 779541.8528872905
 748 0 0 0 0 50 779792.5499532341
 749 0 0 0 0 50 779916.4606303241
 750 0 0 0 0 50 780049.9695927949
 751 0 0 0 0 50 780262.0934627694
 752 0 0 0 0 50 780485.9461835107
 753 0 0 0 0 50 780700.4112781319
 754 0 0 0 0 50 780877.2045150469
 755 0 0 0 0 50 781027.2364324088
 756 0 0 0 0 50 781216.2251758878
 757 0 0 0 0 50 781467.7668608581
 758 0 0 0 0 50 781728.0310727772
 759 0 0 0 0 50 781904.9192526662
 760 0 0 0 0 50 782104.305383678
 761 0 0 0 0 50 782296.7176646448
 762 0 0 0 0 50 782484.6331398211
 763 0 0 0 0 50 782606.0219091895
 764 0 0 0 0 50 782769.9066488183
 765 0 0 0 0 50 782934.6222660897
 766 0 0 0 0 50 783140.4010848007
 767 0 0 0 0 50 783319.8981659668
 768 0 0 0 0 50 783560.2338998856
 769 0 0 0 0 50 783729.6165769867
 770 0 0 0 0 50 783895.050055185
 771 0 0 0 0 50 784077.527678349
 772 0 0 0 0 50 784268.6323293239
 773 0 0 0 0 50 784430.7372177207
 774 0 0 0 0 50 784551.7050080374
 775 0 0 0 0 50 784698.6287350251
 776 0 0 0 0 50 784913.4779931016
 777 0 0 0 0 50 785098.7207359824
 778 0 0 0 0 50 785275.5056830848
 779 0 0 0 0 50 785422.4420492706
 780 0 0 0 0 50 785584.1480791323
 781 0 0 0 0 50 785756.5035203593
 782 0 0 0 0 50 785895.44812624
 783 0 0 0 0 50 785992.4156150463
 784 0 0 0 0 50 786189.3987602529
 785 0 0 0 0 50 786399.3742991738
 786 0 0 0 0 50 786560.9285647993
 787 0 0 0 0 50 786729.4207866038
 788 0 0 0 0 50 786931.9866959121
 789 0 0 0 0 50 787154.0789917086
 790 0 0 0 0 50 787314.4532514554
 791 0 0 0 0 50 787508.4874399665
 792 0 0 0 0 50 787702.3986598074
 793 0 0 0 0 50 787890.9460859059
 794 0 0 0 0 50 788083.318932795
 795 0 0 0 0 50 788227.0915002987
 796 0 0 0 0 50 788397.2731462754
 797 0 0 0 0 50 788638.1556879912
 798 0 0 0 0 50 788857.7907702108
 799 0 0 0 0 50 789002.1595809243
 800 0 0 0 0 50 789186.3300783549
 801 0 0 0 0 50 789391.0909024755
 802 0 0 0 0 50 789576.138041401
 803 0 0 0 0 50 789774.9354381093
 804 0 0 0 0 50 789938.9719956476
 805 0 0 0 0 50 790116.9966005256
 806 0 0 0 0 50 790275.9157534626
 807 0 0 0 0 50 790376.1982182215
 808 0 0 0 0 50 790519.1306968569
 809 0 0 0 0 50 790631.0329418331
 810 0 0 0 0 50 790810.3691359153
 811 0 0 0 0 50 790993.2170839059
 812 0 0 0 0 50 791189.8517801191
 813 0 0 0 0 50 791347.7780234509
 814 0 0 0 0 50 791506.8761001613
 815 0 0 0 0 50 791627.3051475852
 816 0 0 0 0 50 791838.6544688867
 817 0 0 0 0 50 791958.2311890338
 818 0 0 0 0 50 792055.296149174
 819 0 0 0 0 50 792212.9533297207
 820 0 0 0 0 50 792355.277143626
 821 0 0 0 0 50 792483.6529083849
 822 0 0 0 0 50 792663.9640090835
 823 0 0 0 0 50 792805.1965684944
 824 0 0 0 0 50 792914.9011327868
 825 0 0 0 0 50 793022.7388269634
 826 0 0 0 0 50 793199.2274747737
 827 0 0 0 0 50 793389.4687488447
 828 0 0 0 0 50 793603.1733132472
 829 0 0 0 0 50 793849.9189967486
 830 0 0 0 0 50 794067.797652203
 831 0 0 0 0 50 794185.3807029065
 832 0 0 0 0 50 794329.6929680704
 833 0 0 0 0 50 794560.995146032
 834 0 0 0 0 50 794805.2957276095
 835 0 0 0 0 50 795029.413829349
 836 0 0 0 0 50 795196.3265608853
 837 0 0 0 0 50 795382.339858184
 838 0 0 0 0 50 795597.1850011358
 839 0 0 0 0 50 795769.9914438113
 840 0 0 0 0 50 795883.4081236273
 841 0 0 0 0 50 796024.7653704995
 842 0 0 0 0 50 796187.1615567118
 843 0 0 0 0 50 796318.3204378864
 844 0 0 0 0 50 796559.1505451765
 845 0 0 0 0 50 796729.9214651026
 846 0 0 0 0 50 796929.499063037
 847 0 0 0 0 50 797116.1498340769
 848 0 0 0 0 50 797307.8818515827
 849 0 0 0 0 50 797488.3997994065
 850 0 0 0 0 50 797721.1657622524
 851 0 0 0 0 50 797910.9531676486
 852 0 0 0 0 50 798091.0558164635
 853 0 0 0 0 50 798271.7367837633
 854 0 0 0 0 50 798394.3757453714
 855 0 0 0 0 50 798633.4969023219
 856 0 0 0 0 50 798885.6184971645
 857 0 0 0 0 50 799046.4260849614
 858 0 0 0 0 50 799267.0647462943
 859 0 0 0 0 50 799436.1644562185
 860 0 0 0 0 50 799625.1383765154
 861 0 0 0 0 50 799827.0538391909
 862 0 0 0 0 50 800096.0523487455
 863 0 0 0 0 50 800339.4813339806
 864 0 0 0 0 50 800518.6422692069
 865 0 0 0 0 50 800619.2888090876
 866 0 0 0 0 50 800807.4402685682
 867 0 0 0 0 50 800978.7776130093
 868 0 0 0 0 50 801167.096868603
 869 0 0 0 0 50 801348.2041428563
 870 0 0 0 0 50 801564.0703620018
 871 0 0 0 0 50 801754.4814172061
 872 0 0 0 0 50 801988.835102931
 873 0 0 0 0 50 802154.5822236087
 874 0 0 0 0 50 802364.4678267157
 875 0 0 0 0 50 802476.6399859918
 876 0 0 0 0 50 802642.1387853943
 877 0 0 0 0 50 802842.5001492724
 878 0 0 0 0 50 803042.782647695
 879 0 0 0 0 50 803248.3702538754
 880 0 0 0 0 50 803475.2252400067
 881 0 0 0 0 50 803668.6857349209
 882 0 0 0 0 50 803916.1582861784
 883 0 0 0 0 50 804188.9920303504
 884 0 0 0 0 50 804360.2168970277
 885 0 0 0 0 50 804528.2860893637
 886 0 0 0 0 50 804669.5814594277
 887 0 0 0 0 50 804814.196849721
 888 0 0 0 0 50 804946.376382481
 889 0 0 0 0 50 805091.428900992
 890 0 0 0 0 50 805282.9591139102
 891 0 0 0 0 50 805456.0646854441
 892 0 0 0 0 50 805640.017589989
 893 0 0 0 0 50 805831.9713250601
 894 0 0 0 0 50 805982.6849367572
 895 0 0 0 0 50 806189.7543934864
 896 0 0 0 0 50 806275.2231724357
 897 0 0 0 0 50 806428.007395637
 898 0 0 0 0 50 806575.8020371407
 899 0 0 0 0 50 806701.4924814284
 900 0 0 0 0 50 806886.928225993
 901 0 0 0 0 50 807061.2927358268
 902 0 0 0 0 50 807294.7962802866
 903 0 0 0 0 50 807448.4770885307
 904 0 0 0 0 50 807684.643230937
 905 0 0 0 0 50 807847.8534818783
 906 0 0 0 0 50 808076.0820864716
 907 0 0 0 0 50 808276.0282338432
 908 0 0 0 0 50 808429.7536352188
 909 0 0 0 0 50 808627.3717327978
 910 0 0 0 0 50 808816.0946906353
 911 0 0 0 0 50 808977.424779614
 912 0 0 0 0 50 809055.6074023469
 913 0 0 0 0 50 809217.9695063836
 914 0 0 0 0 50 809393.5949357819
 915 0 0 0 0 50 809603.6830387451
 916 0 0 0 0 50 809751.2693566114
 917 0 0 0 0 50 809942.9827899868
 918 0 0 0 0 50 810096.3197126399
 919 0 0 0 0 50 810245.4975697665
 920 0 0 0 0 50 810428.4278685913
 921 0 0 0 0 50 810631.0687525929
 922 0 0 0 0 50 810867.9318339387
 923 0 0 0 0 50 811059.1277993673
 924 0 0 0 0 50 811344.6930029291
 925 0 0 0 0 50 811543.2055377008
 926 0 0 0 0 50 811715.5372823019
 927 0 0 0 0 50 811851.3534884916
 928 0 0 0 0 50 812012.9012105354
 929 0 0 0 0 50 812193.7818608901
 930 0 0 0 0 50 812418.4948495701
 931 0 0 0 0 50 812618.321695645
 932 0 0 0 0 50 812739.996872422
 933 0 0 0 0 50 812932.5171576674
 934 0 0 0 0 50 813092.0364392105
 935 0 0 0 0 50 813315.2228590981
 936 0 0 0 0 50 813470.5705514218
 937 0 0 0 0 50 813646.9954992329
 938 0 0 0 0 50 813833.9367066592
 939 0 0 0 0 50 814014.2184541423
 940 0 0 0 0 50 814202.3250903342
 941 0 0 0 0 50 814403.0839009207
 942 0 0 0 0 50 814599.1792716692
 943 0 0 0 0 50 814762.4147885336
 944 0 0 0 0 50 814924.7353056984
 945 0 0 0 0 50 815114.7303147658
 946 0 0 0 0 50 815255.5886087302
 947 0 0 0 0 50 815432.4802782042
 948 0 0 0 0 50 815657.3780952645
 949 0 0 0 0 50 815851.8259963408
 950 0 0 0 0 50 816026.9289795002
 951 0 0 0 0 50 816167.6006152859
 952 0 0 0 0 50 816375.8034594571
 953 0 0 0 0 50 816585.5331584634
 954 0 0 0 0 50 816727.8634726785
 955 0 0 0 0 50 816858.7589927433
 956 0 0 0 0 50 817029.4099666533
 957 0 0 0 0 50 817181.4266181608
 958 0 0 0 0 50 817333.7978016714
 959 0 0 0 0 50 817542.2669053711
 960 0 0 0 0 50 817697.9805432182
 961 0 0 0 0 50 817902.5752478978
 962 0 0 0 0 50 818154.8784043423
 963 0 0 0 0 50 818337.7266268092
 964 0 0 0 0 50 818429.73828913
 965 0 0 0 0 50 818644.5333460203
 966 0 0 0 0 50 818774.2397768762
 967 0 0 0 0 50 818970.4215411986
 968 0 0 0 0 50 819182.6235559632
 969 0 0 0 0 50 819353.4501806687
 970 0 0 0 0 50 819509.044404438
 971 0 0 0 0 50 819739.8367400072
 972 0 0 0 0 50 819978.6221486687
 973 0 0 0 0 50 820206.2362265894
 974 0 0 0 0 50 820429.1300451847
 975 0 0 0 0 50 820642.735014062
 976 0 0 0 0 50 820767.4363495049
 977 0 0 0 0 50 820909.415961445
 978 0 0 0 0 50 821039.6862682423
 979 0 0 0 0 50 821169.2729433626
 980 0 0 0 0 50 821279.499935355
 981 0 0 0 0 50 821438.2939248094
 982 0 0 0 0 50 821552.401632014
 983 0 0 0 0 50 821694.3839393007
 984 0 0 0 0 50 821892.561873525
 985 0 0 0 0 50 822104.7037362199
 986 0 0 0 0 50 822335.2181163379
 987 0 0 0 0 50 822496.3520641195
 988 0 0 0 0 50 822648.7138561382
 989 0 0 0 0 50 822722.306835746
 990 0 0 0 0 50 822828.9105627754
 991 0 0 0 0 50 822937.7923296089
 992 0 0 0 0 50 823109.2992124676
 993 0 0 0 0 50 823186.2037007746
 994 0 0 0 0 50 823308.1848907507
 995 0 0 0 0 50 823430.6307293883
 996 0 0 0 0 50 823540.9015740268
 997 0 0 0 0 50 823655.1541410178
 998 0 0 0 0 50 823775.4104677613
 999 0 0 0 0 50 823912.931514664
 1000 0 0 0 0 50 824028.9011044333
 1001 0 0 0 0 50 824166.3481216881
 1002 0 0 0 0 50 824323.1201497748
 1003 0 0 0 0 50 824449.5760318914
 1004 0 0 0 0 50 824571.9628168877
 1005 0 0 0 0 50 824718.4850547697
 1006 0 0 0 0 50 824798.7180776908
 1007 0 0 0 0 50 824910.6877806908
 1008 0 0 0 0 50 825076.7866078925
 1009 0 0 0 0 50 825221.1767622546
 1010 0 0 0 0 50 825355.8079469816
 1011 0 0 0 0 50 825457.9577103843
 1012 0 0 0 0 50 825566.4908548616
 1013 0 0 0 0 50 825677.4267397862
 1014 0 0 0 0 50 825789.1863830033
 1015 0 0 0 0 50 825902.8022187636
 1016 0 0 0 0 50 826016.3844114235
 1017 0 0 0 0 50 826131.6746364575
 1018 0 0 0 0 50 826291.5345593439
 1019 0 0 0 0 50 826433.4145337866
 1020 0 0 0 0 50 826573.3877539806
 1021 0 0 0 0 50 826740.4821688447
 1022 0 0 0 0 50 826839.878631241
 1023 0 0 0 0 50 827030.5009678226
 1024 0 0 0 0 50 827189.1526935375
 1025 0 0 0 0 50 827321.2298580616
 1026 0 0 0 0 50 827443.0534632248
 1027 0 0 0 0 50 827600.2585932384
 1028 0 0 0 0 50 827791.9646194939
 1029 0 0 0 0 50 827981.2217941318
 1030 0 0 0 0 50 828186.4293974062
 1031 0 0 0 0 50 828360.7147083733
 1032 0 0 0 0 50 828564.3311793262
 1033 0 0 0 0 50 828797.2964710582
 1034 0 0 0 0 50 828981.5585945405
 1035 0 0 0 0 50 829221.9000254263
 1036 0 0 0 0 50 829418.047856223
 1037 0 0 0 0 50 829567.3823727964
 1038 0 0 0 0 50 829753.0075249758
 1039 0 0 0 0 50 829997.5245812549
 1040 0 0 0 0 50 830189.295852958
 1041 0 0 0 0 50 830408.5642991387
 1042 0 0 0 0 50 830588.7342335061
 1043 0 0 0 0 50 830818.7795323428
 1044 0 0 0 0 50 830928.9963016112
 1045 0 0 0 0 50 831072.9605440632
 1046 0 0 0 0 50 831284.2316405267
 1047 0 0 0 0 50 831476.5355024941
 1048 0 0 0 0 50 831637.6818353855
 1049 0 0 0 0 50 831760.5856847615
 1050 0 0 0 0 50 831964.5245747993
 1051 0 0 0 0 50 832111.4038791345
 1052 0 0 0 0 50 832241.6677715171
 1053 0 0 0 0 50 832425.491840806
 1054 0 0 0 0 50 832551.2896090496
 1055 0 0 0 0 50 832684.0014217444
 1056 0 0 0 0 50 832855.4741382838
 1057 0 0 0 0 50 832983.5408157425
 1058 0 0 0 0 50 833180.9034742957
 1059 0 0 0 0 50 833438.2651306036
 1060 0 0 0 0 50 833656.4533373744
 1061 0 0 0 0 50 833824.7362330103
 1062 0 0 0 0 50 833961.0171665907
 1063 0 0 0 0 50 834157.2662416379
 1064 0 0 0 0 50 834305.0155184534
 1065 0 0 0 0 50 834445.9867983116
 1066 0 0 0 0 50 835354.0495109663
 1067 0 0 0 0 50 836152.7761702539
 1068 0 0 0 0 50 837098.989592764
 1069 0 0 0 0 50 838121.2448018647
 1070 0 0 0 0 50 839026.3324433297
 1071 0 0 0 0 50 839888.0122727599
 1072 0 0 0 0 50 840827.5034457813
 1073 0 0 0 0 50 841711.6060444574
 1074 0 0 0 0 50 842797.3728460724
 1075 0 0 0 0 50 843754.6906184116
 1076 0 0 0 0 50 844737.6610873624
 1077 0 0 0 0 50 845669.5077877642
 1078 0 0 0 0 50 846735.4121600895
 1079 0 0 0 0 50 847700.6552140391
 1080 0 0 0 0 50 848562.6242564322
 1081 0 0 0 0 50 849447.7167593612
 1082 0 0 0 0 50 850235.4610559146
 1083 0 0 0 0 50 851112.797396054
 1084 0 0 0 0 50 852046.0447650346
 1085 0 0 0 0 50 853049.7436374044
 1086 0 0 0 0 50 854098.8949584145
 1087 0 0 0 0 50 854925.0685164386
 1088 0 0 0 0 50 855744.6628150713
 1089 0 0 0 0 50 856674.2780244446
 1090 0 0 0 0 50 857460.7618423667
 1091 0 0 0 0 50 858391.052455984
 1092 0 0 0 0 50 859187.7888798527
 1093 0 0 0 0 50 860093.9954270163
 1094 0 0 0 0 50 860829.9512530196
 1095 0 0 0 0 50 861763.2650823346
 1096 0 0 0 0 50 862580.1118711099
 1097 0 0 0 0 50 863511.7944932331
 1098 0 0 0 0 50 864299.1352518137
 1099 0 0 0 0 50 865063.7863311538
 1100 0 0 0 0 50 865865.7737089016
 1101 0 0 0 0 50 866778.7707985037
 1102 0 0 0 0 50 867723.631741553
 1103 0 0 0 0 50 868589.7155325668
 1104 0 0 0 0 50 869527.0811946855
 1105 0 0 0 0 50 870429.7849716574
 1106 0 0 0 0 50 871338.100118026
 1107 0 0 0 0 50 872378.3542115416
 1108 0 0 0 0 50 873239.1986962138
 1109 0 0 0 0 50 874028.407690171
 1110 0 0 0 0 50 874823.5152060175
 1111 0 0 0 0 50 875669.2640434577
 1112 0 0 0 0 50 876509.6788195014
 1113 0 0 0 0 50 877284.0937833712
 1114 0 0 0 0 50 878052.0418165976
 1115 0 0 0 0 50 878996.5160345404
 1116 0 0 0 0 50 879820.8910510296
 1117 0 0 0 0 50 880716.4404375814
 1118 0 0 0 0 50 881685.6847880862
 1119 0 0 0 0 50 882610.4075407985
 1120 0 0 0 0 50 883501.8117498116
 1121 0 0 0 0 50 884418.6304933582
 1122 0 0 0 0 50 885274.5552215995
 1123 0 0 0 0 50 886223.7161676574
 1124 0 0 0 0 50 887186.7115607207
 1125 0 0 0 0 50 888063.2311754563
 1126 0 0 0 0 50 889096.5429446001
 1127 0 0 0 0 50 890011.3317656943
 1128 0 0 0 0 50 890856.9003728669
 1129 0 0 0 0 50 891653.2620051332
 1130 0 0 0 0 50 892503.1822123595
 1131 0 0 0 0 50 893407.0707015939
 1132 0 0 0 0 50 894309.0219582254
 1133 0 0 0 0 50 895166.7241434543
 1134 0 0 0 0 50 895924.7031372659
 1135 0 0 0 0 50 896939.5818861298
 1136 0 0 0 0 50 897858.0076568978
 1137 0 0 0 0 50 898708.9865850307
 1138 0 0 0 0 50 899530.8341188371
 1139 0 0 0 0 50 900216.1411852053
 1140 0 0 0 0 50 901212.9388266869
 1141 0 0 0 0 50 902070.925547328
 1142 0 0 0 0 50 902942.5478447421
 1143 0 0 0 0 50 903825.6872563995
 1144 0 0 0 0 50 904813.5255827756
 1145 0 0 0 0 50 905655.6492834133
 1146 0 0 0 0 50 906511.4920459059
 1147 0 0 0 0 50 907313.5549873604
 1148 0 0 0 0 50 908213.3154964144
 1149 0 0 0 0 50 909053.2121719384
 1150 0 0 0 0 50 909989.0074542926
 1151 0 0 0 0 50 911037.1156351342
 1152 0 0 0 0 50 912010.8154282824
 1153 0 0 0 0 50 912894.0284351695
 1154 0 0 0 0 50 913829.0078309703
 1155 0 0 0 0 50 914627.9563382192
 1156 0 0 0 0 50 915505.5855588721
 1157 0 0 0 0 50 916409.4785744338
 1158 0 0 0 0 50 917224.2675722563
 1159 0 0 0 0 50 918088.3239810467
 1160 0 0 0 0 50 918984.1885878112
 1161 0 0 0 0 50 919947.6165745805
 1162 0 0 0 0 50 920707.8583442386
 1163 0 0 0 0 50 921534.0187653113
 1164 0 0 0 0 50 922517.4410992916
 1165 0 0 0 0 50 923386.4983785689
 1166 0 0 0 0 50 924237.8750078666
 1167 0 0 0 0 50 925164.3418946447
 1168 0 0 0 0 50 926206.3953128695
 1169 0 0 0 0 50 927004.2335659941
 1170 0 0 0 0 50 927923.6790088456
 1171 0 0 0 0 50 928798.7613961938
 1172 0 0 0 0 50 929691.991672145
 1173 0 0 0 0 50 930466.1497479253
 1174 0 0 0 0 50 931296.5317744231
 1175 0 0 0 0 50 932109.549969743
 1176 0 0 0 0 50 933097.8904724489
 1177 0 0 0 0 50 933919.720441407
 1178 0 0 0 0 50 934812.3170322189
 1179 0 0 0 0 50 935614.0549892783
 1180 0 0 0 0 50 936590.6261126675
 1181 0 0 0 0 50 937445.5924039504
 1182 0 0 0 0 50 938230.8405950761
 1183 0 0 0 0 50 939021.4414378167
 1184 0 0 0 0 50 939793.2683273499
 1185 0 0 0 0 50 940597.8475803881
 1186 0 0 0 0 50 941526.6318756895
 1187 0 0 0 0 50 942345.8205553459
 1188 0 0 0 0 50 943305.817584662
 1189 0 0 0 0 50 944370.7101843801
 1190 0 0 0 0 50 945257.6462218241
 1191 0 0 0 0 50 946298.4745996591
 1192 0 0 0 0 50 947211.5724516216
 1193 0 0 0 0 50 948041.8894106515
 1194 0 0 0 0 50 948984.4492734885
 1195 0 0 0 0 50 949989.2123471806
 1196 0 0 0 0 50 950836.2530812171
 1197 0 0 0 0 50 951498.7828692266
 1198 0 0 0 0 50 952321.2471053189
 1199 0 0 0 0 50 953157.4516989375
 1200 0 0 0 0 50 954084.8555013615
 1201 0 0 0 0 50 954922.9394194855
 1202 0 0 0 0 50 955779.4946473433
 1203 0 0 0 0 50 956631.831064847
 1204 0 0 0 0 50 957320.548493238
 1205 0 0 0 0 50 958112.7979280606
 1206 0 0 0 0 50 958976.4101653497
 1207 0 0 0 0 50 959761.9085024263
 1208 0 0 0 0 50 960658.0291094003
 1209 0 0 0 0 50 961488.2691883583
 1210 0 0 0 0 50 962311.9278784513
 1211 0 0 0 0 50 963141.4300564978
 1212 0 0 0 0 50 963833.7354303966
 1213 0 0 0 0 50 964558.6062196025
 1214 0 0 0 0 50 965363.223439998
 1215 0 0 0 0 50 966209.2842611901
 1216 0 0 0 0 50 967010.2950697382
 1217 0 0 0 0 50 967886.0183791561
 1218 0 0 0 0 50 968666.0025253766
 1219 0 0 0 0 50 969475.4468888618
 1220 0 0 0 0 50 970316.1368844484
 1221 0 0 0 0 50 971192.0822508696
 1222 0 0 0 0 50 972032.5032456359
 1223 0 0 0 0 50 972958.1500343932
 1224 0 0 0 0 50 973856.3153828825
 1225 0 0 0 0 50 974787.6969662968
 1226 0 0 0 0 50 975654.240862065
 1227 0 0 0 0 50 976592.5311835137
 1228 0 0 0 0 50 977528.3703043915
 1229 0 0 0 0 50 978427.4015999474
 1230 0 0 0 0 50 979407.5730485984
 1231 0 0 0 0 50 980421.3690994396
 1232 0 0 0 0 50 981326.592702577
 1233 0 0 0 0 50 982146.9426136978
 1234 0 0 0 0 50 983089.7807553388
 1235 0 0 0 0 50 983966.4976565657
 1236 0 0 0 0 50 984719.376561917
 1237 0 0 0 0 50 985558.290286243
 1238 0 0 0 0 50 986343.3624273799
 1239 0 0 0 0 50 987288.6462564345
 1240 0 0 0 0 50 988125.823804148
 1241 0 0 0 0 50 988947.8858474989
 1242 0 0 0 0 50 989895.7271983406
 1243 0 0 0 0 50 990749.8668963658
 1244 0 0 0 0 50 991624.8770114566
 1245 0 0 0 0 50 992544.7549788116
 1246 0 0 0 0 50 993459.1172441648
 1247 0 0 0 0 50 994269.2225570012
 1248 0 0 0 0 50 995093.002019659
 1249 0 0 0 0 50 996002.7139682116
 1250 0 0 0 0 50 996864.4512495856
 1251 0 0 0 0 50 997816.9355194323
 1252 0 0 0 0 50 998602.3001923994
 1253 0 0 0 0 50 999545.4984520295
 1254 0 0 0 0 50 1000553.3191944361
 1255 0 0 0 0 50 1001426.5149336181
 1256 0 0 0 0 50 1002266.2443534172
 1257 0 0 0 0 50 1003204.7756160136
 1258 0 0 0 0 50 1004213.831764839
 1259 0 0 0 0 50 1005287.596543162
 1260 0 0 0 0 50 1006225.9787527062
 1261 0 0 0 0 50 1007166.5678849906
 1262 0 0 0 0 50 1008225.7920506488
 1263 0 0 0 0 50 1009338.5069089663
 1264 0 0 0 0 50 1010350.2016673702
 1265 0 0 0 0 50 1011219.9306041832
 1266 0 0 0 0 50 1012251.5253144394
 1267 0 0 0 0 50 1013301.8309646316
 1268 0 0 0 0 50 1014390.6496913305
 1269 0 0 0 0 50 1015307.0575948134
 1270 0 0 0 0 50 1016319.0580484034
 1271 0 0 0 0 50 1017367.2018424296
 1272 0 0 0 0 50 1018227.2958161401
 1273 0 0 0 0 50 1019289.9841223082
 1274 0 0 0 0 50 1020271.9714701718
 1275 0 0 0 0 50 1021241.9980226669
 1276 0 0 0 0 50 1022247.4219574626
 1277 0 0 0 0 50 1023257.7560679635
 1278 0 0 0 0 50 1024185.6676565701
 1279 0 0 0 0 50 1025174.9094441172
 1280 0 0 0 0 50 1026156.6134349527
 1281 0 0 0 0 50 1027136.7117306953
 1282 0 0 0 0 50 1028106.2990155715
 1283 0 0 0 0 50 1029110.1983814851
 1284 0 0 0 0 50 1030170.0211020111
 1285 0 0 0 0 50 1031180.7779000178
 1286 0 0 0 0 50 1032217.6470930735
 1287 0 0 0 0 50 1033350.0761327472
 1288 0 0 0 0 50 1034471.361341667
 1289 0 0 0 0 50 1035607.7902651369
 1290 0 0 0 0 50 1036494.0293246509
 1291 0 0 0 0 50 1037341.8407819063
 1292 0 0 0 0 50 1038179.8321174188
 1293 0 0 0 0 50 1039092.9136761819
 1294 0 0 0 0 50 1040169.3580680904
 1295 0 0 0 0 50 1041248.8065280967
 1296 0 0 0 0 50 1042335.561280937
 1297 0 0 0 0 50 1043410.819950949
 1298 0 0 0 0 50 1044479.1240315071
 1299 0 0 0 0 50 1045511.0232035975
 1300 0 0 0 0 50 1046575.148591184
 1301 0 0 0 0 50 1047543.9881545892
 1302 0 0 0 0 50 1048573.869210601
 1303 0 0 0 0 50 1049527.987831113
 1304 0 0 0 0 50 1050439.917957849
 1305 0 0 0 0 50 1051422.7938911798
 1306 0 0 0 0 50 1052358.069488197
 1307 0 0 0 0 50 1053394.3064658123
 1308 0 0 0 0 50 1054367.47355504
 1309 0 0 0 0 50 1055481.4754426358
 1310 0 0 0 0 50 1056442.9304023331
 1311 0 0 0 0 50 1057553.4204399092
 1312 0 0 0 0 50 1058360.7167664962
 1313 0 0 0 0 50 1059324.2477871063
 1314 0 0 0 0 50 1060340.6482608214
 1315 0 0 0 0 50 1061298.7602089164
 1316 0 0 0 0 50 1062147.9294102117
 1317 0 0 0 0 50 1063117.7167929558
 1318 0 0 0 0 50 1064146.6525870278
 1319 0 0 0 0 50 1065044.659660174
 1320 0 0 0 0 50 1065886.9946130367
 1321 0 0 0 0 50 1066703.2116279844
 1322 0 0 0 0 50 1067651.6577803267
 1323 0 0 0 0 50 1068644.3316528082
 1324 0 0 0 0 50 1069496.1053022584
 1325 0 0 0 0 50 1070317.60533888
 1326 0 0 0 0 50 1071221.5319218154
 1327 0 0 0 0 50 1071970.4356568085
 1328 0 0 0 0 50 1072807.2882095822
 1329 0 0 0 0 50 1073587.555563026
 1330 0 0 0 0 50 1074663.0715924173
 1331 0 0 0 0 50 1075628.5151784027
 1332 0 0 0 0 50 1076515.171380991
 1333 0 0 0 0 50 1077504.2348154457
 1334 0 0 0 0 50 1078556.97013971
 1335 0 0 0 0 50 1079643.8785840352
 1336 0 0 0 0 50 1080565.6169943602
 1337 0 0 0 0 50 1081690.6299271306
 1338 0 0 0 0 50 1082808.6357371362
 1339 0 0 0 0 50 1083783.7239318758
 1340 0 0 0 0 50 1084735.7237572188
 1341 0 0 0 0 50 1085600.3024177933
 1342 0 0 0 0 50 1086594.2596768541
 1343 0 0 0 0 50 1087738.6765041738
 1344 0 0 0 0 50 1088844.0258129395
 1345 0 0 0 0 50 1089891.995455877
 1346 0 0 0 0 50 1091008.8544292536
 1347 0 0 0 0 50 1092054.237822301
 1348 0 0 0 0 50 1093071.5438545272
 1349 0 0 0 0 50 1094164.252274685
 1350 0 0 0 0 50 1095302.435709549
 1351 0 0 0 0 50 1096407.7107677823
 1352 0 0 0 0 50 1097542.761374805
 1353 0 0 0 0 50 1098609.7996393808
 1354 0 0 0 0 50 1099697.9858741718
 1355 0 0 0 0 50 1100724.4453666108
 1356 0 0 0 0 50 1101732.6694187403
 1357 0 0 0 0 50 1102744.0044564295
 1358 0 0 0 0 50 1103592.7579132433
 1359 0 0 0 0 50 1104443.3062904847
 1360 0 0 0 0 50 1105462.8245108833
 1361 0 0 0 0 50 1106393.6590139496
 1362 0 0 0 0 50 1107347.060586188
 1363 0 0 0 0 50 1108245.066726879
 1364 0 0 0 0 50 1109172.9028921262
 1365 0 0 0 0 50 1110245.1927044017
 1366 0 0 0 0 50 1111312.6015446675
 1367 0 0 0 0 50 1112352.9611834253
 1368 0 0 0 0 50 1113424.5985599193
 1369 0 0 0 0 50 1114529.663084883
 1370 0 0 0 0 50 1115576.3458077884
 1371 0 0 0 0 50 1116580.6869321358
 1372 0 0 0 0 50 1117531.1493153723
 1373 0 0 0 0 50 1118517.3967727493
 1374 0 0 0 0 50 1119594.5293645018
 1375 0 0 0 0 50 1120647.9503733488
 1376 0 0 0 0 50 1121641.1832329428
 1377 0 0 0 0 50 1122587.5972440043
 1378 0 0 0 0 50 1123653.419851572
 1379 0 0 0 0 50 1124721.6902032995
 1380 0 0 0 0 50 1125840.6663607054
 1381 0 0 0 0 50 1126893.5720345317
 1382 0 0 0 0 50 1127930.7938234648
 1383 0 0 0 0 50 1128910.5099558728
 1384 0 0 0 0 50 1129937.6181390788
 1385 0 0 0 0 50 1131057.1786679912
 1386 0 0 0 0 50 1132120.733252918
 1387 0 0 0 0 50 1133208.084299031
 1388 0 0 0 0 50 1134135.0851534894
 1389 0 0 0 0 50 1135167.6922532837
 1390 0 0 0 0 50 1136137.0489726742
 1391 0 0 0 0 50 1137095.625744746
 1392 0 0 0 0 50 1138048.313341424
 1393 0 0 0 0 50 1139020.7705836163
 1394 0 0 0 0 50 1139923.619175394
 1395 0 0 0 0 50 1140998.2796534922
 1396 0 0 0 0 50 1142062.1567234618
 1397 0 0 0 0 50 1143182.9423697896
 1398 0 0 0 0 50 1144150.9097164301
 1399 0 0 0 0 50 1145103.414230145
 1400 0 0 0 0 50 1146171.737845294
 1401 0 0 0 0 50 1147208.5192987104
 1402 0 0 0 0 50 1148242.8350181375
 1403 0 0 0 0 50 1149227.3399526728
 1404 0 0 0 0 50 1150288.5428670687
 1405 0 0 0 0 50 1151319.4324031544
 1406 0 0 0 0 50 1152212.358134008
 1407 0 0 0 0 50 1153165.9510407848
 1408 0 0 0 0 50 1154024.2303668943
 1409 0 0 0 0 50 1154922.2025221556
 1410 0 0 0 0 50 1155828.3454893988
 1411 0 0 0 0 50 1156837.2246513753
 1412 0 0 0 0 50 1157801.768502933
 1413 0 0 0 0 50 1158825.215880166
 1414 0 0 0 0 50 1159768.3555172815
 1415 0 0 0 0 50 1160816.1448253125
 1416 0 0 0 0 50 1161714.1806118512
 1417 0 0 0 0 50 1162706.2741030212
 1418 0 0 0 0 50 1163649.4504372515
 1419 0 0 0 0 50 1164575.0338131713
 1420 0 0 0 0 50 1165445.4360276363
 1421 0 0 0 0 50 1166340.0385617092
 1422 0 0 0 0 50 1167270.2366693171
 1423 0 0 0 0 50 1168308.7326993654
 1424 0 0 0 0 50 1169290.9995941536
 1425 0 0 0 0 50 1170202.9880727464
 1426 0 0 0 0 50 1171085.4536783914
 1427 0 0 0 0 50 1172157.1292551844
 1428 0 0 0 0 50 1173258.9759208686
 1429 0 0 0 0 50 1174355.8524982948
 1430 0 0 0 0 50 1175351.4562843514
 1431 0 0 0 0 50 1176207.646540615
 1432 0 0 0 0 50 1177163.6862600176
 1433 0 0 0 0 50 1178087.0265773034
 1434 0 0 0 0 50 1179020.2806570271
 1435 0 0 0 0 50 1179915.663851525
 1436 0 0 0 0 50 1180811.1086795249
 1437 0 0 0 0 50 1181687.386314123
 1438 0 0 0 0 50 1182562.9882770767
 1439 0 0 0 0 50 1183623.7536045131
 1440 0 0 0 0 50 1184549.7104995311
 1441 0 0 0 0 50 1185515.4271594821
 1442 0 0 0 0 50 1186491.662934012
 1443 0 0 0 0 50 1187440.9960114185
 1444 0 0 0 0 50 1188443.5394209607
 1445 0 0 0 0 50 1189500.216388871
 1446 0 0 0 0 50 1190407.7437019383
 1447 0 0 0 0 50 1191375.3950845236
 1448 0 0 0 0 50 1192251.431020077
 1449 0 0 0 0 50 1193140.8802202838
 1450 0 0 0 0 50 1194011.9438786835
 1451 0 0 0 0 50 1195028.9469835777
 1452 0 0 0 0 50 1195910.1898966485
 1453 0 0 0 0 50 1196735.8267651363
 1454 0 0 0 0 50 1197609.9721958288
 1455 0 0 0 0 50 1198459.9038074333
 1456 0 0 0 0 50 1199294.5205205702
 1457 0 0 0 0 50 1200144.0680402215
 1458 0 0 0 0 50 1201029.7459575995
 1459 0 0 0 0 50 1201924.507911159
 1460 0 0 0 0 50 1202806.8235915897
 1461 0 0 0 0 50 1203643.2561918378
 1462 0 0 0 0 50 1204485.400512231
 1463 0 0 0 0 50 1205300.4793387046
 1464 0 0 0 0 50 1206338.6546842565
 1465 0 0 0 0 50 1207225.1579239892
 1466 0 0 0 0 50 1208074.4280318432
 1467 0 0 0 0 50 1208944.0599597157
 1468 0 0 0 0 50 1209940.2990055392
 1469 0 0 0 0 50 1210933.281416704
 1470 0 0 0 0 50 1211916.9193611434
 1471 0 0 0 0 50 1212893.962525078
 1472 0 0 0 0 50 1213726.3043236875
 1473 0 0 0 0 50 1214574.2470401244
 1474 0 0 0 0 50 1215515.1376244258
 1475 0 0 0 0 50 1216481.5268614576
 1476 0 0 0 0 50 1217404.9757303149
 1477 0 0 0 0 50 1218313.1799599198
 1478 0 0 0 0 50 1219217.7862938847
 1479 0 0 0 0 50 1220082.4086014656
 1480 0 0 0 0 50 1220957.4152057138
 1481 0 0 0 0 50 1221802.9989174635
 1482 0 0 0 0 50 1222753.3920388715
 1483 0 0 0 0 50 1223675.8147221087
 1484 0 0 0 0 50 1224577.3502476448
 1485 0 0 0 0 50 1225470.428815761
 1486 0 0 0 0 50 1226341.1668715926
 1487 0 0 0 0 50 1227269.2455130639
 1488 0 0 0 0 50 1228138.4918331425
 1489 0 0 0 0 50 1228998.6957731908
 1490 0 0 0 0 50 1229915.2505562506
 1491 0 0 0 0 50 1230824.3357228278
 1492 0 0 0 0 50 1231779.9462135017
 1493 0 0 0 0 50 1232542.4955822774
 1494 0 0 0 0 50 1233387.4971112327
 1495 0 0 0 0 50 1234301.7017748924
 1496 0 0 0 0 50 1235298.848958551
 1497 0 0 0 0 50 1236235.3324762061
 1498 0 0 0 0 50 1237120.1675630691
 1499 0 0 0 0 50 1238035.3153220678
 1500 0 0 0 0 50 1239036.9681615229
 1501 0 0 0 0 50 1240053.9159354325
 1502 0 0 0 0 50 1240888.0726894948
 1503 0 0 0 0 50 1241726.5536426352
 1504 0 0 0 0 50 1242649.1412135104
 1505 0 0 0 0 50 1243661.119559242
 1506 0 0 0 0 50 1244513.4901114767
 1507 0 0 0 0 50 1245414.1624319789
 1508 0 0 0 0 50 1246366.2298259453
 1509 0 0 0 0 50 1247317.1294346796
 1510 0 0 0 0 50 1248298.5587223307
 1511 0 0 0 0 50 1249177.4999695504
 1512 0 0 0 0 50 1250170.6452341466
 1513 0 0 0 0 50 1251294.3246207358
 1514 0 0 0 0 50 1252352.8940231095
 1515 0 0 0 0 50 1253304.3215121343
 1516 0 0 0 0 50 1254266.95135706
 1517 0 0 0 0 50 1254996.3932645584
 1518 0 0 0 0 50 1255790.1581670316
 1519 0 0 0 0 50 1256548.6011216473
 1520 0 0 0 0 50 1257374.1746282617
 1521 0 0 0 0 50 1258262.110626506
 1522 0 0 0 0 50 1259185.825813333
 1523 0 0 0 0 50 1260139.4162663158
 1524 0 0 0 0 50 1261087.8492581402
 1525 0 0 0 0 50 1262042.6647584895
 1526 0 0 0 0 50 1263036.838390347
 1527 0 0 0 0 50 1263899.8510462204
 1528 0 0 0 0 50 1264809.721559269
 1529 0 0 0 0 50 1265742.84412676
 1530 0 0 0 0 50 1266766.2213599563
 1531 0 0 0 0 50 1267693.8194458738
 1532 0 0 0 0 50 1268700.5472892118
 1533 0 0 0 0 50 1269729.4746371305
 1534 0 0 0 0 50 1270698.3344248151
 1535 0 0 0 0 50 1271725.5900962374
 1536 0 0 0 0 50 1272758.092077219
 1537 0 0 0 0 50 1273820.5058266672
 1538 0 0 0 0 50 1274609.2283038038
 1539 0 0 0 0 50 1275545.6599770235
 1540 0 0 0 0 50 1276452.2874560156
 1541 0 0 0 0 50 1277339.6754792202
 1542 0 0 0 0 50 1278344.0234545923
 1543 0 0 0 0 50 1279445.415765361
 1544 0 0 0 0 50 1280537.0226204481
 1545 0 0 0 0 50 1281549.455734458
 1546 0 0 0 0 50 1282531.8093807504
 1547 0 0 0 0 50 1283636.8637843647
 1548 0 0 0 0 50 1284667.1519585575
 1549 0 0 0 0 50 1285663.744397383
 1550 0 0 0 0 50 1286694.5158635601
 1551 0 0 0 0 50 1287704.2393725372
 1552 0 0 0 0 50 1288706.548674426
 1553 0 0 0 0 50 1289514.999623918
 1554 0 0 0 0 50 1290397.3322727338
 1555 0 0 0 0 50 1291218.2346501073
 1556 0 0 0 0 50 1292111.2588838474
 1557 0 0 0 0 50 1293050.3487624652
 1558 0 0 0 0 50 1294067.1951679362
 1559 0 0 0 0 50 1295022.0634994507
 1560 0 0 0 0 50 1295978.501345665
 1561 0 0 0 0 50 1296971.1349705225
 1562 0 0 0 0 50 1297944.1782890214
 1563 0 0 0 0 50 1298972.1487028105
 1564 0 0 0 0 50 1299983.0242575444
 1565 0 0 0 0 50 1301082.7845896985
 1566 0 0 0 0 50 1302095.6082152168
 1567 0 0 0 0 50 1302973.8971075984
 1568 0 0 0 0 50 1304069.667337887
 1569 0 0 0 0 50 1305077.6288133643
 1570 0 0 0 0 50 1306030.2286235064
 1571 0 0 0 0 50 1306990.0797968644
 1572 0 0 0 0 50 1308050.3409824125
 1573 0 0 0 0 50 1309089.3383442864
 1574 0 0 0 0 50 1310041.2837264577
 1575 0 0 0 0 50 1310900.894713576
 1576 0 0 0 0 50 1311710.4004297645
 1577 0 0 0 0 50 1312686.4041815687
 1578 0 0 0 0 50 1313662.2959735387
 1579 0 0 0 0 50 1314621.5391443179
 1580 0 0 0 0 50 1315562.6095069707
 1581 0 0 0 0 50 1316594.6771250747
 1582 0 0 0 0 50 1317685.9957070923
 1583 0 0 0 0 50 1318739.9149266654
 1584 0 0 0 0 50 1319625.4594666874
 1585 0 0 0 0 50 1320630.1257470616
 1586 0 0 0 0 50 1321621.5414365383
 1587 0 0 0 0 50 1322605.604205822
 1588 0 0 0 0 50 1323587.380391807
 1589 0 0 0 0 50 1324583.528423432
 1590 0 0 0 0 50 1325590.3544894285
 1591 0 0 0 0 50 1326672.864799647
 1592 0 0 0 0 50 1327685.248865105
 1593 0 0 0 0 50 1328563.6952759938
 1594 0 0 0 0 50 1329552.726270501
 1595 0 0 0 0 50 1330601.8924899008
 1596 0 0 0 0 50 1331595.1016170061
 1597 0 0 0 0 50 1332671.4044036039
 1598 0 0 0 0 50 1333621.7156461373
 1599 0 0 0 0 50 1334548.028926332
 1600 0 0 0 0 50 1335565.63249336
 1601 0 0 0 0 50 1336538.336870008
 1602 0 0 0 0 50 1337577.8899201124
 1603 0 0 0 0 50 1338629.2288937191
 1604 0 0 0 0 50 1339637.2330644361
 1605 0 0 0 0 50 1340623.0628183812
 1606 0 0 0 0 50 1341634.9377202243
 1607 0 0 0 0 50 1342626.162753576
 1608 0 0 0 0 50 1343608.1354997042
 1609 0 0 0 0 50 1344623.9286350936
 1610 0 0 0 0 50 1345563.1435603485
 1611 0 0 0 0 50 1346649.2617932511
 1612 0 0 0 0 50 1347689.9611882442
 1613 0 0 0 0 50 1348814.2544737658
 1614 0 0 0 0 50 1349717.597323683
 1615 0 0 0 0 50 1350717.0096362242
 1616 0 0 0 0 50 1351636.4464599183
 1617 0 0 0 0 50 1352563.4034922142
 1618 0 0 0 0 50 1353528.5867643636
 1619 0 0 0 0 50 1354472.9830575236
 1620 0 0 0 0 50 1355446.6272811333
 1621 0 0 0 0 50 1356390.9916629049
 1622 0 0 0 0 50 1357336.6397965935
 1623 0 0 0 0 50 1358342.209874946
 1624 0 0 0 0 50 1359364.0362799817
 1625 0 0 0 0 50 1360276.0398142443
 1626 0 0 0 0 50 1361258.7501339708
 1627 0 0 0 0 50 1362283.6626968116
 1628 0 0 0 0 50 1363324.8666725801
 1629 0 0 0 0 50 1364329.710626944
 1630 0 0 0 0 50 1365303.4771073975
 1631 0 0 0 0 50 1366275.5871098011
 1632 0 0 0 0 50 1367130.5455504372
 1633 0 0 0 0 50 1368068.3832415142
 1634 0 0 0 0 50 1368993.3605055574
 1635 0 0 0 0 50 1369987.064285724
 1636 0 0 0 0 50 1370873.7880583706
 1637 0 0 0 0 50 1371814.0157728866
 1638 0 0 0 0 50 1372772.3287459523
 1639 0 0 0 0 50 1373698.3147553497
 1640 0 0 0 0 50 1374688.149144194
 1641 0 0 0 0 50 1375603.2130799808
 1642 0 0 0 0 50 1376502.9427340927
 1643 0 0 0 0 50 1377404.144629045
 1644 0 0 0 0 50 1378436.267477525
 1645 0 0 0 0 50 1379416.7115818954
 1646 0 0 0 0 50 1380197.4726612496
 1647 0 0 0 0 50 1381162.125000843
 1648 0 0 0 0 50 1382189.0385842056
 1649 0 0 0 0 50 1383288.7611369079
 1650 0 0 0 0 50 1384276.1870957133
 1651 0 0 0 0 50 1385340.0346301375
 1652 0 0 0 0 50 1386288.4640081015
 1653 0 0 0 0 50 1387170.1017862044
 1654 0 0 0 0 50 1388194.668713146
 1655 0 0 0 0 50 1389161.9481827086
 1656 0 0 0 0 50 1390126.9525428715
 1657 0 0 0 0 50 1391068.945866461
 1658 0 0 0 0 50 1391982.4841044592
 1659 0 0 0 0 50 1392810.905341467
 1660 0 0 0 0 50 1393653.1371591287
 1661 0 0 0 0 50 1394315.5401576022
 1662 0 0 0 0 50 1395195.0797818052
 1663 0 0 0 0 50 1396078.1834923266
 1664 0 0 0 0 50 1397080.3304455422
 1665 0 0 0 0 50 1397922.7481412205
 1666 0 0 0 0 50 1398773.9248392787
 1667 0 0 0 0 50 1399663.58846971
 1668 0 0 0 0 50 1400595.8444391408
 1669 0 0 0 0 50 1401447.4937765207
 1670 0 0 0 0 50 1402425.5084658607
 1671 0 0 0 0 50 1403380.2620178773
 1672 0 0 0 0 50 1404339.851516417
 1673 0 0 0 0 50 1405254.7326465696
 1674 0 0 0 0 50 1406240.3067489343
 1675 0 0 0 0 50 1407188.5210564502
 1676 0 0 0 0 50 1408054.9958087204
 1677 0 0 0 0 50 1409067.2754383578
 1678 0 0 0 0 50 1410008.0873943884
 1679 0 0 0 0 50 1410874.572323351
 1680 0 0 0 0 50 1411738.7130017185
 1681 0 0 0 0 50 1412648.965998865
 1682 0 0 0 0 50 1413563.4738153422
 1683 0 0 0 0 50 1414600.2195393783
 1684 0 0 0 0 50 1415562.2820375883
 1685 0 0 0 0 50 1416467.270432786
 1686 0 0 0 0 50 1417354.2661360898
 1687 0 0 0 0 50 1418300.8159257248
 1688 0 0 0 0 50 1419156.9571888477
 1689 0 0 0 0 50 1420108.1538187831
 1690 0 0 0 0 50 1421049.862578629
 1691 0 0 0 0 50 1421958.477075518
 1692 0 0 0 0 50 1423011.1669375075
 1693 0 0 0 0 50 1423997.5531285428
 1694 0 0 0 0 50 1424933.7693435934
 1695 0 0 0 0 50 1425867.3666776586
 1696 0 0 0 0 50 1426791.0953463903
 1697 0 0 0 0 50 1427632.6613554296
 1698 0 0 0 0 50 1428413.7749810326
 1699 0 0 0 0 50 1429229.1750996104
 1700 0 0 0 0 50 1430287.5122233212
 1701 0 0 0 0 50 1431367.1342388075
 1702 0 0 0 0 50 1432227.1496898085
 1703 0 0 0 0 50 1433193.056073948
 1704 0 0 0 0 50 1434090.0266024524
 1705 0 0 0 0 50 1434882.0532942552
 1706 0 0 0 0 50 1435790.4089818767
 1707 0 0 0 0 50 1436563.3226731603
 1708 0 0 0 0 50 1437565.212954298
 1709 0 0 0 0 50 1438521.9329245593
 1710 0 0 0 0 50 1439514.9116006938
 1711 0 0 0 0 50 1440458.8324250476
 1712 0 0 0 0 50 1441436.547091729
 1713 0 0 0 0 50 1442240.5637129163
 1714 0 0 0 0 50 1443112.2655745177
 1715 0 0 0 0 50 1444095.8194384682
 1716 0 0 0 0 50 1445000.3394508648
 1717 0 0 0 0 50 1445972.2226379805
 1718 0 0 0 0 50 1446883.011856949