 "ticks" "state 0" "state 1" "state 2" "state 3" "state 4" "bioenergy success"
 0 11 8 12 7 12 25174.48449999999
 1 11 8 11 5 15 25704.091401490765
 2 12 8 10 7 13 26217.97831229901
 3 12 8 10 6 14 26548.0407943749
 4 12 8 10 7 13 27107.2771977677
 5 12 8 11 7 12 27481.99556407815
 6 11 8 11 7 13 27934.47169089966
 7 11 8 11 8 12 28130.680398426237
 8 10 8 11 8 13 28296.76253085517
 9 11 8 10 8 13 28720.62992014191
 10 9 8 11 8 14 29140.65505588903
 11 11 8 9 8 14 29427.98314673417
 12 10 8 11 8 13 29706.473276743334
 13 10 8 11 8 13 30045.83071085591
 14 9 8 11 7 15 30507.92186781699
 15 9 8 11 8 14 30809.282635146425
 16 9 8 10 8 15 31072.67571808177
 17 11 8 9 7 15 31699.753001991732
 18 10 8 10 8 14 32506.164341971707
 19 9 8 11 8 14 33038.04709555013
 20 9 8 11 8 14 33460.45628915131
 21 10 8 10 8 14 33860.35940905448
 22 8 8 11 7 16 34466.170464582865
 23 9 8 10 8 15 34942.637525814636
 24 8 8 11 8 15 35390.36863732322
 25 8 8 11 8 15 35881.4151999331
 26 8 8 11 8 15 36392.86315917585
 27 8 8 11 8 15 36709.7348115083
 28 8 8 11 8 15 37129.80517498588
 29 8 8 11 7 16 37567.51980369095
 30 8 8 11 8 15 38072.422941719735
 31 8 8 11 7 16 38528.45829193064
 32 9 8 9 8 16 39230.57482574981
 33 9 8 11 8 14 39656.96615857891
 34 9 8 11 8 14 40211.40582584406
 35 9 8 11 8 14 40879.61160859842
 36 8 8 10 7 17 41478.99766591435
 37 9 8 9 8 16 42292.43148400488
 38 9 8 10 8 15 42675.99782388173
 39 10 8 10 8 14 43152.81182942789
 40 10 8 10 8 14 43406.670166442396
 41 9 8 11 8 14 43965.37843749844
 42 9 8 11 8 14 44356.108562720445
 43 10 8 10 8 14 45028.06900491437
 44 9 8 11 7 15 45319.02880009311
 45 9 8 10 7 16 46001.423879540846
 46 8 8 11 8 15 46593.888986982616
 47 10 8 10 8 14 46966.68092541702
 48 9 8 11 8 14 47569.91889197861
 49 10 8 10 8 14 48145.85955086806
 50 9 8 11 8 14 48571.84503566017
 51 9 8 11 8 14 49148.88070838372
 52 9 8 11 7 15 49626.999810834015
 53 9 8 11 8 14 50274.4760490436
 54 9 8 11 8 14 50579.74160375073
 55 9 8 11 8 14 51033.55060630521
 56 9 8 11 8 14 51280.05784721346
 57 10 8 10 8 14 51874.73922749533
 58 9 8 11 7 15 52334.91508790695
 59 10 8 10 7 15 53075.16250238672
 60 9 8 10 8 15 53656.294254677
 61 9 8 11 8 14 54304.224813262044
 62 9 8 11 8 14 54915.253412539234
 63 9 8 11 8 14 55347.840337370544
 64 9 8 11 7 15 55886.7733369497
 65 10 8 10 8 14 56335.62895561674
 66 9 8 11 8 14 56841.3407842664
 67 9 8 11 8 14 57279.3328712712
 68 10 8 10 8 14 57742.80429894968
 69 10 8 10 8 14 58372.95864834681
 70 9 8 11 8 14 59187.653561239
 71 9 8 11 8 14 59720.536165326266
 72 10 8 10 7 15 60384.70803223578
 73 9 8 11 7 15 60914.207818256604
 74 12 8 10 8 12 61463.65084173122
 75 10 8 11 8 13 61943.78101078367
 76 10 8 10 8 14 62789.78763856334
 77 10 8 10 8 14 63326.79294806219
 78 9 8 11 8 14 64231.471016499374
 79 9 8 11 7 15 64914.72948012859
 80 11 8 9 8 14 65754.1592855883
 81 9 8 11 8 14 66241.2024519884
 82 10 8 10 8 14 67050.42316218445
 83 10 8 10 8 14 67367.21555815822
 84 11 8 9 8 14 68046.72732859588
 85 10 8 10 8 14 68668.30509978479
 86 10 8 10 7 15 69446.92569264423
 87 9 8 11 7 15 70039.18057496173
 88 10 8 10 8 14 70617.50365700282
 89 10 8 10 8 14 71440.66349402163
 90 9 8 11 8 14 72293.75670234406
 91 9 8 11 8 14 72857.18628664974
 92 9 8 11 8 14 73620.25124502156
 93 9 8 11 7 15 74101.12291823748
 94 10 8 10 8 14 74766.74085739453
 95 8 8 11 8 15 75555.36374893587
 96 10 8 10 8 14 76230.9194173973
 97 9 8 10 8 15 76710.61471804723
 98 10 8 10 8 14 77450.86939990043
 99 9 8 11 8 14 78054.31337915367
 100 9 8 11 7 15 78772.94784439856
 101 9 8 11 7 15 79137.62672700424
 102 9 8 11 8 14 79890.18431899961
 103 9 8 11 8 14 80784.78124163992
 104 9 8 11 8 14 81278.61681795979
 105 10 8 10 8 14 81994.01657004034
 106 9 8 11 8 14 82528.12994277627
 107 9 8 11 8 14 83298.37109959693
 108 10 8 10 7 15 83898.68045365579
 109 9 8 11 8 14 84599.29572329542
 110 9 8 11 8 14 85407.16065383251
 111 9 8 11 8 14 86197.90591624603
 112 9 8 11 8 14 86826.18374231615
 113 9 8 11 8 14 87600.06789347895
 114 9 8 11 7 15 88193.1919407703
 115 9 8 11 8 14 88858.5724439684
 116 10 8 10 7 15 89560.76124125165
 117 10 8 11 8 13 90277.9534735536
 118 10 8 10 8 14 90791.15141898762
 119 10 8 10 8 14 91504.47947169968
 120 9 8 11 8 14 92084.29339566399
 121 10 8 10 8 14 92864.85440608648
 122 9 8 11 8 14 93605.62327618829
 123 10 8 10 8 14 94312.99110213337
 124 9 8 11 7 15 95021.87425618831
 125 9 8 10 8 15 95762.04410911203
 126 9 8 11 8 14 96273.31616222096
 127 9 8 10 8 15 96917.01189445908
 128 8 8 11 7 16 97668.16381206403
 129 9 8 10 8 15 98290.17925423339
 130 8 8 11 7 16 98991.58045229231
 131 9 8 10 8 15 99813.10897908495
 132 8 8 11 8 15 100591.74479449294
 133 9 8 10 8 15 101153.1698277093
 134 8 8 11 8 15 101808.0330362753
 135 9 8 10 8 15 102515.65074144336
 136 8 8 11 8 15 102924.7433235746
 137 8 8 11 7 16 103626.08965263441
 138 8 8 11 8 15 104139.12179894846
 139 8 8 11 8 15 104963.91000643511
 140 10 8 11 8 13 105514.36079182941
 141 10 8 10 8 14 106153.67678508133
 142 10 8 11 7 14 106756.43220549743
 143 8 8 11 7 16 107705.62369498941
 144 9 8 11 7 15 108860.55099217173
 145 10 8 11 8 13 110059.95826879403
 146 10 8 11 7 14 111258.63642116218
 147 10 8 11 8 13 112386.03256678989
 148 11 8 10 8 13 113595.82412360302
 149 9 8 11 8 14 114649.71118722565
 150 9 8 11 8 14 115861.33882545953
 151 9 8 11 8 14 116884.89126484995
 152 9 8 11 8 14 117997.97314844135
 153 9 8 11 7 15 119146.4497661667
 154 9 8 11 8 14 120203.26922745389
 155 9 8 11 8 14 121165.81922519433
 156 9 8 11 7 15 122150.56618538743
 157 9 8 11 8 14 123052.19814787357
 158 9 8 11 8 14 123934.86809228954
 159 10 8 10 8 14 124955.4844517894
 160 9 8 11 8 14 125866.54813113867
 161 10 8 10 8 14 126832.76510082357
 162 9 8 11 8 14 127914.62456939454
 163 9 8 11 8 14 128756.88683277323
 164 10 8 10 7 15 129877.76911517172
 165 9 8 11 8 14 130899.79963474853
 166 9 8 11 7 15 131866.40566992326
 167 9 8 11 8 14 132921.09189024556
 168 9 8 10 8 15 134067.61557657924
 169 10 8 10 8 14 135158.3607712186
 170 9 8 11 8 14 136142.0105521817
 171 9 8 11 8 14 137081.28094063856
 172 9 8 11 8 14 137993.33263855343
 173 9 8 11 8 14 139074.38634153185
 174 9 8 11 7 15 139935.10883172814
 175 9 8 11 7 15 140829.31789866387
 176 9 8 11 8 14 141747.65558444153
 177 9 8 11 8 14 142856.2751354374
 178 9 8 11 8 14 143925.40178808806
 179 9 8 11 8 14 144991.3965427249
 180 9 8 11 8 14 145711.48648961677
 181 9 8 11 8 14 146671.23315253982
 182 9 8 11 8 14 147585.9144733923
 183 9 8 11 8 14 148643.2244289801
 184 10 8 10 8 14 149688.1502486814
 185 9 8 11 6 16 150849.22461143872
 186 9 8 11 8 14 151787.929922193
 187 9 8 11 8 14 152477.48291498446
 188 9 8 11 8 14 153527.02714486816
 189 9 8 11 8 14 154226.8883672441
 190 9 8 11 8 14 155179.75603260222
 191 9 8 11 8 14 155940.12222256468
 192 9 8 11 8 14 156860.62262257218
 193 10 8 10 8 14 157693.78436351632
 194 9 8 11 8 14 158580.02386205862
 195 9 8 11 8 14 159273.7174778575
 196 10 8 11 6 15 160287.6936942337
 197 10 8 11 8 13 161009.3712941194
 198 10 8 11 8 13 161798.29131815
 199 9 8 11 8 14 162651.08381925253
 200 9 8 11 8 14 163306.38928539157
 201 10 8 11 8 13 164227.24073395817
 202 11 8 10 8 13 164893.6767344916
 203 10 8 11 8 13 165929.6633016105
 204 9 8 11 8 14 167046.26610275824
 205 9 8 11 8 14 168040.97583026212
 206 9 8 11 8 14 169287.37043831617
 207 10 8 10 7 15 170470.3928500957
 208 9 8 11 7 15 171541.1083163607
 209 9 8 11 8 14 172586.05564587194
 210 9 8 11 8 14 173575.8561147487
 211 10 8 10 8 14 174610.2177964251
 212 9 8 11 8 14 175681.92001452777
 213 9 8 11 8 14 176962.43784197673
 214 9 8 11 8 14 178016.58961693145
 215 9 8 11 8 14 178992.33036137588
 216 8 8 11 8 15 179958.6827610688
 217 9 8 11 7 15 180980.5598168083
 218 9 8 11 8 14 182089.2417199717
 219 9 8 10 7 16 183459.35365097743
 220 9 8 11 8 14 184519.23889310888
 221 9 8 11 8 14 185584.17038985208
 222 9 8 11 8 14 186203.02519278738
 223 9 8 11 8 14 187159.57325654468
 224 8 9 11 8 14 188382.83296993456
 225 9 9 10 8 14 189596.69272782817
 226 9 8 11 8 14 190356.67112768165
 227 10 8 10 7 15 191571.7939754735
 228 10 8 10 8 14 192527.26561687663
 229 9 9 10 8 14 193598.24346882664
 230 9 8 11 7 15 194772.20197857122
 231 9 8 11 8 14 195422.03101094085
 232 9 8 11 8 14 196253.71193366946
 233 9 8 11 8 14 197186.81735457882
 234 9 8 11 8 14 198130.164760532
 235 9 8 11 8 14 198894.62251691683
 236 9 8 11 7 15 200010.98246104017
 237 9 8 11 8 14 201125.26449443828
 238 9 8 11 8 14 202331.39728698425
 239 9 8 11 8 14 203336.67655390585
 240 9 8 11 7 15 204466.46509435063
 241 10 8 11 8 13 205356.98764962435
 242 10 8 11 8 13 206244.0718793415
 243 10 8 11 8 13 207346.3571582113
 244 10 8 11 8 13 208000.43444421692
 245 9 9 11 8 13 209149.92852297655
 246 9 8 11 8 14 210192.44306222268
 247 8 9 11 7 15 211228.28537866322
 248 10 8 10 8 14 212211.35406627276
 249 8 8 11 8 15 213090.93209518903
 250 8 9 11 7 15 214279.8513493729
 251 8 9 11 8 14 215450.14018096935
 252 9 8 11 8 14 216336.43772245792
 253 8 8 11 8 15 217322.1895407132
 254 8 9 11 8 14 218663.1360469915
 255 9 8 11 8 14 219582.62178084065
 256 9 8 11 8 14 220626.38214921847
 257 8 9 11 8 14 221797.04383466858
 258 8 9 11 7 15 223179.09552618553
 259 8 9 11 8 14 224486.32685585704
 260 9 8 11 7 15 225726.06683913688
 261 8 8 10 8 16 227066.70380174072
 262 8 9 11 8 14 228333.32971382976
 263 9 8 11 8 14 229371.20116163715
 264 9 9 10 8 14 230622.4028021564
 265 8 9 11 8 14 231830.91922273592
 266 8 9 11 8 14 232834.63771672006
 267 9 8 11 8 14 233727.78082977995
 268 8 8 11 8 15 234777.00784547577
 269 9 9 10 7 15 236085.0496897877
 270 9 8 11 7 15 237267.6492625279
 271 8 9 11 8 14 238539.57885960472
 272 7 9 12 8 14 239860.24532874435
 273 7 9 11 8 15 241076.5818507045
 274 9 8 11 8 14 242174.32277743344
 275 8 9 11 8 14 243192.51652448718
 276 8 9 11 8 14 244273.70402374706
 277 8 9 10 8 15 245435.52798381465
 278 8 9 11 8 14 246639.7552921129
 279 9 9 11 8 13 247525.28266072643
 280 8 9 11 6 16 248861.90096564416
 281 8 9 11 8 14 249905.5323316291
 282 9 9 10 8 14 251054.83413811494
 283 8 9 11 8 14 252139.91709864183
 284 8 9 11 8 14 253128.37352961794
 285 9 9 11 8 13 254364.26792358176
 286 9 9 11 8 13 255483.29599364806
 287 8 9 12 8 13 256584.0206244598
 288 9 9 10 8 14 257818.12660503064
 289 7 9 11 7 16 259201.76491033766
 290 8 9 11 7 15 260462.4313399262
 291 7 9 12 8 14 261291.99263861479
 292 8 9 11 8 14 262478.0865730217
 293 8 9 11 8 14 263562.14791723626
 294 10 8 10 8 14 264679.8121948824
 295 8 9 11 8 14 265824.09782494226
 296 8 9 10 8 15 267164.58976204036
 297 8 9 11 8 14 268494.5595436101
 298 8 9 11 7 15 269885.8437802698
 299 7 9 12 8 14 270762.46952772
 300 9 9 10 7 15 271978.47777889
 301 7 8 12 8 15 273113.28819259873
 302 8 9 11 8 14 274296.5226586036
 303 8 9 11 8 14 275341.5433031248
 304 9 9 11 8 13 276635.44821824814
 305 8 9 11 8 14 277927.36584909033
 306 8 9 11 8 14 279516.341162078
 307 7 9 11 8 15 280962.08697505645
 308 9 8 11 8 14 282169.03992201603
 309 8 9 11 8 14 283320.03577488963
 310 9 9 10 8 14 284843.1484426399
 311 8 9 11 8 14 286187.0424359664
 312 8 8 12 7 15 287413.0757882964
 313 8 8 11 8 15 288923.67597162095
 314 9 8 11 8 14 289883.56278152234
 315 8 9 11 8 14 291217.71455315023
 316 10 8 10 8 14 292201.8600752463
 317 9 8 11 7 15 293466.5837420652
 318 9 9 10 8 14 294572.7132046332
 319 9 8 11 8 14 295812.89700435015
 320 8 8 11 8 15 297037.6063080673
 321 9 9 10 8 14 298077.8923202393
 322 8 8 10 8 16 299554.9358641094
 323 8 9 11 8 14 301068.53485822387
 324 9 8 11 8 14 302279.67748063605
 325 8 9 11 7 15 303598.67304090335
 326 9 8 10 8 15 304747.5931810151
 327 9 8 11 8 14 305639.64721938816
 328 8 8 11 8 15 306754.34922108246
 329 8 8 11 8 15 307916.90295910224
 330 8 8 11 8 15 308976.13928528986
 331 8 8 11 8 15 310141.5718871039
 332 8 8 11 7 16 311174.62649948907
 333 8 8 11 8 15 312343.35680152086
 334 7 9 11 8 15 313495.1055708487
 335 8 9 11 8 14 314579.10490017204
 336 8 9 11 7 15 315607.8606291519
 337 8 9 11 8 14 316619.95848405355
 338 8 9 11 8 14 317733.6680927083
 339 9 9 10 8 14 318943.3771996741
 340 8 9 11 8 14 320274.56943928933
 341 7 9 11 8 15 321842.61260905245
 342 8 9 11 8 14 323221.0192297855
 343 8 9 11 8 14 324544.37927386106
 344 8 9 11 8 14 325841.3403358463
 345 9 8 11 8 14 327133.95004456514
 346 9 9 10 8 14 328508.45009336655
 347 8 9 11 6 16 329751.6944612825
 348 8 9 11 8 14 330924.05871512176
 349 9 9 10 8 14 331951.3678408004
 350 9 9 10 8 14 333066.2884558826
 351 8 9 10 8 15 334414.61755985627
 352 8 9 11 8 14 335800.38461709605
 353 8 9 11 8 14 337237.7697623499
 354 8 9 11 8 14 338312.62062134093
 355 7 9 11 8 15 339795.64710807905
 356 8 8 11 8 15 341112.2348677761
 357 8 8 11 8 15 342567.09256800346
 358 8 8 11 8 15 343744.2950106095
 359 7 9 11 7 16 345106.1221254891
 360 7 9 11 8 15 346570.8028382412
 361 8 8 11 8 15 347744.5611599216
 362 7 9 10 7 17 349143.638885352
 363 8 8 11 8 15 350222.7567986853
 364 8 8 11 8 15 351460.83466262155
 365 8 8 11 8 15 352661.93682358717
 366 9 8 11 8 14 353781.3775024123
 367 8 9 11 8 14 355184.34569182544
 368 8 8 11 8 15 356332.7442653211
 369 8 9 10 8 15 357601.8166641678
 370 7 9 11 8 15 358713.97449592093
 371 7 9 11 7 16 360152.5425668683
 372 7 9 11 8 15 361296.86955826357
 373 10 8 10 8 14 362259.679060821
 374 8 9 11 8 14 363430.38120763865
 375 9 9 10 8 14 364607.35990346526
 376 8 9 11 8 14 365699.425690793
 377 9 9 9 8 15 367012.68417847925
 378 8 9 10 7 16 368472.96209228935
 379 8 9 10 8 15 369843.51630839176
 380 9 8 11 8 14 371028.5361694718
 381 8 9 11 8 14 372233.2630078644
 382 10 9 10 7 14 373660.75080645276
 383 9 9 11 8 13 374726.58399365464
 384 9 9 11 8 13 375777.745779293
 385 10 9 10 8 13 377107.3121182888
 386 7 9 11 8 15 378423.69732822257
 387 9 8 11 8 14 379533.7274310768
 388 9 9 10 8 14 380770.5515080007
 389 8 9 10 8 15 382215.16013092175
 390 7 9 11 8 15 383592.1369312751
 391 7 9 11 8 15 384867.35020039754
 392 7 9 11 8 15 385951.0094490937
 393 7 9 11 8 15 387151.6299618727
 394 7 9 11 7 16 388447.2330277344
 395 8 9 10 7 16 389787.3754622603
 396 8 9 10 8 15 390941.49526570237
 397 7 9 11 8 15 391982.25034282403
 398 9 9 9 8 15 393355.23688409844
 399 8 8 11 8 15 394120.40632860246
 400 8 9 10 8 15 395274.9936396434
 401 8 8 11 8 15 396381.4446750291
 402 8 9 10 8 15 397526.3033943004
 403 8 9 10 8 15 398679.33237279137
 404 7 9 11 8 15 399976.2479965067
 405 9 8 10 8 15 400944.87904334924
 406 8 8 11 8 15 402055.52956997394
 407 8 8 11 7 16 403442.8945091057
 408 8 9 9 8 16 405005.9625347789
 409 7 9 11 7 16 406509.4555803776
 410 8 9 11 8 14 407859.32028957806
 411 8 8 10 8 16 409014.2770409821
 412 7 9 11 8 15 410202.79027248546
 413 7 9 11 8 15 411567.50272138795
 414 9 9 9 8 15 412951.4546247238
 415 7 9 11 8 15 414344.5579760694
 416 7 9 11 8 15 415473.56163801625
 417 7 9 11 8 15 416798.27832200355
 418 7 9 11 8 15 417872.75117446913
 419 8 9 10 7 16 419192.14068382117
 420 7 9 10 8 16 420265.6775256829
 421 9 9 9 8 15 421619.88836146175
 422 10 8 9 8 15 422570.738168909
 423 7 9 11 8 15 423947.8153619828
 424 8 8 11 8 15 424771.1791654154
 425 8 8 11 7 16 425867.2392819538
 426 8 8 11 8 15 426873.01583648287
 427 8 8 11 8 15 427836.4098438174
 428 9 8 10 8 15 428636.98467529635
 429 8 8 11 8 15 429382.8955250403
 430 8 8 11 7 16 430535.6982219334
 431 8 8 11 8 15 431524.4796047446
 432 9 8 10 8 15 432732.23018366477
 433 9 8 10 8 15 433630.78196565306
 434 8 8 11 8 15 434548.6579937487
 435 8 8 11 8 15 435742.3552036172
 436 8 8 10 8 16 437044.20944122155
 437 9 8 10 8 15 438299.2677862716
 438 8 8 11 8 15 439565.0217787714
 439 8 8 11 8 15 440787.67341143
 440 8 8 11 7 16 442177.72391256795
 441 8 8 10 8 16 443657.45335837064
 442 9 8 10 7 16 444973.36454661115
 443 9 8 11 8 14 446280.9748084515
 444 8 8 11 8 15 447550.7202666109
 445 8 8 11 8 15 448591.0701784595
 446 8 8 11 8 15 449890.2077564953
 447 8 8 11 8 15 450955.7782278705
 448 8 8 11 8 15 452280.68428787356
 449 8 8 11 8 15 453435.302255133
 450 8 8 11 8 15 454560.57848669874
 451 9 8 10 8 15 455738.40527659794
 452 8 8 11 8 15 456668.6569133399
 453 8 8 11 8 15 457702.22266209056
 454 9 8 10 8 15 458819.6187685592
 455 9 8 10 7 16 459919.85209213465
 456 8 8 11 7 16 461259.63648573385
 457 8 8 11 8 15 462238.9281689053
 458 9 8 10 8 15 463252.34642419696
 459 8 8 11 8 15 464445.7470585199
 460 9 8 10 8 15 465488.4871890615
 461 9 8 10 8 15 466690.50578182546
 462 8 8 11 8 15 467816.54582846456
 463 8 8 11 8 15 469068.9827897426
 464 10 8 11 7 14 470052.79114814
 465 9 8 11 7 15 471084.0756180232
 466 9 8 12 6 15 471918.49071063503
 467 11 8 10 8 13 472623.78581561206
 468 10 8 10 8 14 473488.98486794974
 469 9 8 10 8 15 474466.9828309095
 470 8 8 11 8 15 475232.9061810875
 471 10 8 10 7 15 476149.99977348873
 472 9 8 11 8 14 476757.07402176224
 473 9 8 11 8 14 477793.7476532999
 474 10 8 11 8 13 478789.5573676553
 475 10 8 10 8 14 479531.4887461045
 476 10 8 11 8 13 480420.79561396
 477 10 8 11 8 13 481375.8324981736
 478 9 8 11 8 14 482416.06524702854
 479 9 8 11 7 15 483237.41897052
 480 10 8 12 6 14 483274.3110315129
 481 11 8 11 6 14 483427.9927872702
 482 12 8 9 7 14 483755.9050545773
 483 10 8 11 7 14 483915.60602753266
 484 10 8 10 7 15 484214.0381459497
 485 8 8 12 7 15 484339.34787237033
 486 10 8 10 7 15 484410.7643152892
 487 9 8 11 7 15 484638.32266979606
 488 11 8 10 7 14 484383.8672720043
 489 12 8 9 7 14 484527.69295801176
 490 11 8 10 7 14 484547.7816427184
 491 11 8 9 7 15 485008.62561749265
 492 10 8 10 7 15 485447.5644721465
 493 11 8 10 7 14 485769.4435702778
 494 11 8 10 7 14 485955.4199653053
 495 11 8 10 7 14 486600.6949035425
 496 8 8 11 7 16 487125.8268997464
 497 8 8 11 7 16 487761.951571108
 498 10 8 9 7 16 488384.7444171349
 499 8 8 11 7 16 488967.7899995939
 500 9 8 10 7 16 489615.4184525949
 501 9 8 11 7 15 489960.4132700799
 502 9 8 11 7 15 490395.3296955958
 503 10 8 9 7 16 490855.5114115411
 504 9 8 10 7 16 491344.50939893554
 505 8 8 11 7 16 492043.37268704764
 506 9 8 10 7 16 492666.657320281
 507 10 8 10 7 15 493165.2259997753
 508 8 8 11 7 16 493682.9224518889
 509 9 8 10 7 16 494407.08096946724
 510 9 8 10 7 16 495301.2965812942
 511 9 8 10 7 16 495669.11866282806
 512 9 8 10 7 16 496271.6441018264
 513 8 8 11 7 16 496605.33243066736
 514 8 8 11 7 16 497012.19118405884
 515 9 8 10 7 16 497433.76094529
 516 9 8 9 7 17 498126.1166147124
 517 9 8 10 7 16 498457.888535219
 518 9 8 10 7 16 498998.0680962904
 519 9 8 10 7 16 499366.06033697096
 520 9 8 10 7 16 499811.91238643497
 521 10 8 8 7 17 500313.4294065283
 522 10 8 9 7 16 500632.57009962597
 523 8 8 11 7 16 500834.24891485483
 524 8 8 11 6 17 501440.13197275065
 525 8 8 11 7 16 501790.1153955504
 526 10 8 9 7 16 501887.31588238204
 527 9 8 10 7 16 502474.8405678059
 528 9 8 10 7 16 503141.1699145032
 529 9 8 10 7 16 503638.4857299029
 530 9 8 10 6 17 503812.4620678707
 531 10 8 9 7 16 504587.78523127706
 532 9 8 11 7 15 505152.22933615133
 533 11 8 9 7 15 505609.6637535905
 534 9 8 10 7 16 506332.1660506168
 535 8 8 11 6 17 506861.18812257296
 536 9 8 10 7 16 507686.8016607235
 537 8 8 11 7 16 508207.1484538198
 538 9 8 10 7 16 508365.34769297764
 539 11 8 9 7 15 508763.47365247295
 540 10 8 9 7 16 509080.0997026142
 541 10 8 9 6 17 509380.02550492564
 542 9 8 10 7 16 509759.87794352294
 543 9 8 10 7 16 510167.1071397701
 544 9 8 10 7 16 510668.65931296535
 545 9 8 10 7 16 511175.89722665556
 546 9 8 10 7 16 511566.3594229995
 547 9 8 10 6 17 512142.29493950325
 548 8 8 11 7 16 512628.1503966768
 549 9 8 11 7 15 513019.21222168976
 550 8 8 11 7 16 513232.1399778407
 551 9 8 10 7 16 513717.4120975634
 552 9 8 10 7 16 514285.0080640919
 553 8 8 11 6 17 514798.43106666737
 554 9 8 10 7 16 515021.017943473
 555 10 8 10 7 15 515186.6834132855
 556 9 8 11 7 15 515542.36615608796
 557 10 8 10 7 15 515764.67323848634
 558 9 8 10 7 16 516339.1680351596
 559 9 8 10 6 17 516722.6123795952
 560 8 8 11 7 16 517154.45747311576
 561 9 8 10 7 16 517776.09432563104
 562 8 8 10 7 17 518053.1145195881
 563 8 8 11 7 16 518542.08934381587
 564 8 8 11 6 17 519145.8066068265
 565 8 8 11 7 16 519557.76184963755
 566 8 8 11 7 16 520108.011574059
 567 8 8 11 7 16 520582.61206089496
 568 9 8 10 7 16 521107.55180379143
 569 8 8 11 7 16 521315.66813323466
 570 10 8 10 6 16 521555.8927960499
 571 10 8 10 7 15 521849.17434542644
 572 8 8 11 7 16 522175.2478710005
 573 7 9 11 7 16 522434.5648601597
 574 9 8 10 7 16 523096.9844392773
 575 8 8 11 7 16 523605.414823156
 576 9 8 11 5 17 523994.11130795017
 577 10 8 11 6 15 523980.5117252386
 578 10 8 11 6 15 524295.815034566
 579 8 8 11 7 16 524730.7231192671
 580 9 8 10 7 16 524867.4716471792
 581 9 8 11 7 15 525017.8174557642
 582 9 8 11 6 16 525412.894251011
 583 8 8 11 7 16 525727.7552048332
 584 9 8 10 7 16 526235.8461463226
 585 9 8 10 7 16 526805.5863098884
 586 9 8 10 7 16 527178.2167159007
 587 10 8 10 7 15 527583.9751041137
 588 10 8 10 6 16 528190.0202037373
 589 9 8 10 7 16 528426.1823478827
 590 9 8 10 7 16 528776.8289781553
 591 9 8 10 7 16 529151.0900102842
 592 10 8 10 7 15 529709.6022774363
 593 8 8 11 6 17 530048.9880784283
 594 9 8 10 7 16 530723.1661508722
 595 9 8 11 7 15 531139.3160653055
 596 10 8 10 7 15 531526.1642968595
 597 9 8 10 7 16 531903.9087340882
 598 8 8 11 7 16 532639.888868526
 599 9 8 10 6 17 533013.9861347333
 600 9 8 10 7 16 533704.938425441
 601 9 8 11 7 15 534095.7547933245
 602 10 8 10 7 15 534144.3473042791
 603 8 8 11 7 16 534806.4399425846
 604 8 8 11 7 16 535361.2435607046
 605 9 8 10 6 17 535861.8419194841
 606 9 8 10 7 16 536402.6194577226
 607 9 8 11 7 15 536753.5377859505
 608 11 8 9 7 15 537339.4493497032
 609 8 8 11 7 16 538000.887543964
 610 9 8 10 7 16 538777.256741534
 611 9 8 11 6 16 539305.133974341
 612 9 8 11 6 16 540066.8202031349
 613 8 8 11 7 16 540807.9486483227
 614 8 8 11 7 16 541404.0891174899
 615 8 8 10 7 17 542125.509916642
 616 9 9 10 7 15 542588.5171890452
 617 10 8 10 7 15 542987.3790590306
 618 9 8 10 7 16 543556.3322727985
 619 10 8 10 7 15 543562.4412430417
 620 9 8 11 7 15 544061.2470666377
 621 9 8 11 7 15 544004.5496862783
 622 10 8 10 7 15 544676.6512079114
 623 10 8 9 7 16 545000.531968203
 624 10 8 10 7 15 545373.2635078307
 625 9 8 11 7 15 545404.7100367439
 626 9 8 10 7 16 545763.4942097251
 627 9 8 10 7 16 546202.7897369617
 628 11 8 8 7 16 546318.7266635675
 629 9 8 10 7 16 546636.8109860432
 630 9 8 10 7 16 546806.792036351
 631 9 8 10 7 16 546983.4347111034
 632 10 8 10 7 15 547051.4067614692
 633 9 8 10 7 16 547487.2139224332
 634 9 8 10 7 16 547981.851502705
 635 8 8 11 6 17 548271.6411103279
 636 9 8 10 7 16 548351.6135062038
 637 10 8 10 7 15 548356.0080281696
 638 9 8 11 7 15 548381.2303716252
 639 9 8 10 7 16 548886.4080132626
 640 8 8 11 7 16 549221.6291543671
 641 9 8 9 6 18 549554.1860774778
 642 8 8 11 7 16 549815.2838669042
 643 9 8 10 7 16 550230.3372333836
 644 8 8 11 7 16 550338.5250929228
 645 9 8 10 7 16 550485.8797369112
 646 9 8 9 6 18 550701.9122550029
 647 9 8 10 7 16 551078.745530183
 648 10 8 9 7 16 551410.3969471412
 649 9 8 10 7 16 552008.2507833854
 650 9 8 10 7 16 551965.2380628255
 651 8 8 11 7 16 552300.3574218941
 652 9 8 9 6 18 552544.4109638236
 653 9 8 10 7 16 552941.6408731083
 654 8 8 11 7 16 553177.5747036445
 655 10 8 9 7 16 553688.235377571
 656 9 8 10 7 16 553767.5697822465
 657 10 8 9 7 16 554268.9377249638
 658 10 8 9 6 17 554444.5137477409
 659 10 8 9 7 16 554728.9859853446
 660 9 8 10 7 16 555132.31265292
 661 9 8 9 7 17 555297.9199761905
 662 8 8 11 7 16 555732.9346004034
 663 9 8 10 6 17 555945.9083102834
 664 9 8 10 6 17 556266.5889700868
 665 9 8 10 7 16 556640.4204908401
 666 9 8 10 7 16 556938.527957739
 667 9 8 10 7 16 557272.7795106933
 668 8 8 11 7 16 557763.7864748182
 669 9 8 10 7 16 558051.7215374154
 670 9 8 10 7 16 558277.2806362604
 671 9 8 10 7 16 558465.3753813751
 672 10 8 9 7 16 558702.1720223704
 673 10 8 9 7 16 558492.9117782371
 674 9 8 9 7 17 558934.7417179691
 675 10 8 10 7 15 558927.3218447368
 676 10 8 9 7 16 559235.9424462034
 677 9 8 10 7 16 559645.8291606912
 678 9 8 10 7 16 559951.7999415809
 679 10 8 8 8 16 560272.75411815
 680 10 8 10 8 14 560361.6985460446
 681 10 8 9 8 15 560670.7622502199
 682 9 8 10 8 15 560974.3479362533
 683 10 8 9 8 15 561431.8910618878
 684 9 8 10 8 15 561923.0002431636
 685 9 8 10 8 15 562154.9053686239
 686 10 8 9 8 15 562467.4038180263
 687 9 8 10 8 15 562828.3554177952
 688 10 8 8 8 16 563096.3269094153
 689 8 8 11 8 15 563788.7856220655
 690 9 8 10 7 16 564346.6635048061
 691 9 8 11 8 14 565105.2955814598
 692 8 8 11 8 15 565912.6620690635
 693 11 8 9 7 15 566512.2513755267
 694 9 8 11 7 15 567101.5859288448
 695 10 8 11 7 14 567327.6198063813
 696 11 8 10 7 14 567551.0461746729
 697 10 8 11 7 14 568097.446291653
 698 9 8 11 7 15 568292.8697669059
 699 9 8 10 8 15 569224.6929772801
 700 9 8 9 8 16 570097.1354964006
 701 9 8 11 8 14 570230.6775560401
 702 9 8 10 8 15 570477.7755631324
 703 8 8 11 8 15 570892.8992757326
 704 8 8 11 7 16 571415.7534607493
 705 8 8 11 7 16 571881.5641591165
 706 9 8 10 7 16 572431.548418242
 707 8 8 11 8 15 572710.3372732118
 708 8 8 11 7 16 573488.1507372655
 709 9 8 10 8 15 573914.1415511335
 710 8 8 11 7 16 574471.0554502645
 711 9 8 10 8 15 575338.1266946899
 712 8 8 11 8 15 575407.2404005188
 713 9 8 10 8 15 576056.2557168495
 714 8 8 11 8 15 576541.3329525243
 715 9 8 10 8 15 577275.9576834444
 716 8 8 11 7 16 578004.5147391872
 717 9 8 10 7 16 578349.8521743154
 718 8 8 11 7 16 578842.0548602126
 719 8 8 11 8 15 579295.0601531032
 720 11 8 11 7 13 578009.4289901126
 721 11 8 11 7 13 576647.5637924186
 722 11 8 11 7 13 575442.4735688036
 723 13 8 9 7 13 574272.4290567683
 724 10 8 11 7 14 573100.2284726994
 725 10 8 10 8 14 572174.0769126321
 726 11 8 10 7 14 571094.3252090332
 727 10 8 11 7 14 570018.4448109047
 728 10 8 10 8 14 568943.1300429979
 729 10 8 10 8 14 567922.780726536
 730 10 8 10 8 14 566839.8554210694
 731 10 8 10 8 14 565974.537038752
 732 10 8 10 8 14 565000.0236520299
 733 10 8 9 8 15 564326.0837823984
 734 10 8 10 8 14 563391.9158735587
 735 10 8 10 8 14 562462.987355754
 736 10 8 10 8 14 561605.6074228068
 737 10 8 10 9 13 560721.3624121705
 738 11 8 9 8 14 559626.6175357146
 739 11 8 9 8 14 558739.845625086
 740 12 8 9 9 12 557741.0707757305
 741 11 8 9 8 14 556797.2736718379
 742 11 8 9 8 14 555955.004960625
 743 11 8 9 9 13 555016.7829674837
 744 10 8 10 8 14 554061.34996179
 745 11 8 10 8 13 552933.4036375331
 746 10 8 10 9 13 551884.6691376691
 747 10 8 10 8 14 550811.5188423061
 748 10 8 10 8 14 549993.5876065454
 749 10 8 10 8 14 549088.8459340694
 750 10 8 10 9 13 548121.1111114013
 751 10 8 10 8 14 547237.9255394231
 752 10 8 10 8 14 546304.3696461269
 753 12 8 9 7 14 545221.6910310056
 754 11 8 9 9 13 544139.2324358016
 755 11 8 9 8 14 543355.4586573642
 756 13 8 9 7 13 542181.8411255555
 757 12 8 9 9 12 541182.2445885619
 758 11 8 10 8 13 539897.8543087429
 759 11 8 9 8 14 539180.4348083594
 760 10 8 10 9 13 538049.3160389881
 761 11 8 9 8 14 537209.7105733859
 762 10 8 10 8 14 536171.7475318384
 763 10 8 10 9 13 535455.4647989166
 764 10 8 9 8 15 534868.127421135
 765 11 8 8 8 15 534149.8667481644
 766 10 8 9 9 14 533344.4816077112
 767 11 8 8 8 15 532512.5434943066
 768 11 8 8 8 15 531638.783539297
 769 11 8 8 8 15 530918.2264276939
 770 11 8 9 9 13 530086.346845818
 771 10 8 10 8 14 529160.6305971157
 772 10 8 10 8 14 528177.1282676143
 773 10 8 10 9 13 527199.5754605932
 774 10 8 10 8 14 526218.4979869621
 775 10 8 10 8 14 525289.6677757573
 776 10 8 10 8 14 524528.0363512125
 777 11 8 9 9 13 523627.59086681734
 778 12 8 9 8 13 522683.08021135966
 779 12 8 9 8 13 521801.8971403736
 780 11 8 9 9 13 521052.5717148376
 781 12 8 9 8 13 519769.16927251115
 782 11 8 9 8 14 518990.18444020563
 783 10 8 10 9 13 518261.1774169798
 784 12 8 9 8 13 517139.7142398481
 785 11 8 10 8 13 516236.7086211221
 786 11 8 10 9 12 515062.57987188257
 787 10 8 11 8 13 514072.94749318383
 788 11 8 9 8 14 513224.7360465672
 789 12 8 9 9 12 512129.40250222123
 790 12 8 9 8 13 511308.18818717374
 791 11 8 9 8 14 510277.86293676944
 792 12 8 9 9 12 509127.48116613756
 793 11 8 10 8 13 508044.0178266223
 794 10 8 10 8 14 507144.17777843453
 795 10 8 10 9 13 506295.6767941746
 796 10 8 10 8 14 505498.53526478476
 797 11 8 9 8 14 504616.2255462762
 798 10 8 10 9 13 503534.26840468496
 799 10 8 10 8 14 502667.9281302921
 800 11 8 9 8 14 501856.9873080922
 801 10 8 10 9 13 501073.0589244879
 802 12 8 9 8 13 500263.6968469549
 803 11 8 10 8 13 499411.5450886898
 804 11 8 9 8 14 498564.6281049038
 805 11 8 10 8 13 497514.13806635747
 806 11 8 9 9 13 496542.7493536533
 807 10 8 10 8 14 495739.6810691948
 808 11 8 9 8 14 494648.3833342809
 809 10 8 10 8 14 493936.10484931024
 810 11 8 9 9 13 493210.9228857404
 811 10 8 10 8 14 492411.5587182976
 812 11 8 9 8 14 491723.1800255341
 813 10 8 10 9 13 491037.2526731613
 814 11 8 9 8 14 490067.5532766402
 815 10 8 10 8 14 489595.21328541165
 816 10 8 10 9 13 488587.08822256443
 817 10 8 10 8 14 487516.2549583763
 818 11 8 9 8 14 486676.824406283
 819 10 8 10 9 13 485861.316857691
 820 10 8 10 8 14 484888.3966812676
 821 10 8 10 8 14 484125.2285136828
 822 11 8 9 9 13 483204.5955025251
 823 10 8 10 8 14 482223.65301734227
 824 11 8 9 8 14 481213.8658004441
 825 10 8 10 8 14 480330.36024543236
 826 11 8 9 9 13 479656.5653251627
 827 10 8 10 8 14 478678.2308795933
 828 10 8 10 8 14 478039.9994949731
 829 9 8 11 9 13 476994.45222520846
 830 10 8 10 8 14 476417.06144063146
 831 10 8 10 8 14 475393.2990823044
 832 10 8 10 8 14 474524.91982181673
 833 10 8 10 8 14 473455.185008195
 834 10 8 10 8 14 472589.3939901189
 835 10 8 10 9 13 471600.67730837385
 836 10 8 10 8 14 470706.811508205
 837 10 8 10 8 14 469901.6996761952
 838 9 8 11 8 14 469009.236658776
 839 10 8 10 8 14 468250.2736254177
 840 9 8 11 9 13 467409.90601202974
 841 10 8 10 8 14 466496.18599544757
 842 10 8 10 8 14 465852.92801145406
 843 10 8 10 9 13 464958.8835413291
 844 10 8 10 8 14 464237.2850901426
 845 10 8 10 8 14 463405.5841180313
 846 10 8 10 8 14 462497.5116410562
 847 10 8 10 9 13 461546.1285374595
 848 10 8 10 8 14 460759.6241783623
 849 10 8 10 8 14 459923.2330989417
 850 10 8 10 9 13 459054.68935901014
 851 10 8 10 8 14 458370.53899381676
 852 10 8 10 8 14 457676.28872035973
 853 10 8 10 9 13 456681.3642164139
 854 10 8 10 8 14 455872.68148921273
 855 10 8 10 8 14 455025.2639979967
 856 10 8 10 9 13 454095.9250839407
 857 10 8 10 8 14 453274.6393789793
 858 10 8 10 8 14 452623.2975854264
 859 10 8 10 9 13 451714.9333175707
 860 11 8 9 8 14 450796.96181668155
 861 10 8 10 8 14 449821.25679577567
 862 11 8 9 9 13 449091.74137166585
 863 10 8 10 8 14 448163.8145154965
 864 11 8 9 8 14 447378.1729873304
 865 10 8 10 8 14 446576.1624332228
 866 11 8 9 8 14 445713.55642679683
 867 10 8 10 8 14 445007.4591630066
 868 10 8 9 9 14 444571.1080071231
 869 10 8 10 8 14 443711.43868016073
 870 11 8 9 8 14 443066.57317887305
 871 10 8 10 8 14 442157.843733823
 872 11 8 9 9 13 441397.8257022632
 873 10 8 10 8 14 440345.65658310597
 874 11 8 9 8 14 439546.0538684128
 875 10 8 10 9 13 438690.52774429554
 876 11 8 9 8 14 438062.1209053294
 877 10 8 10 8 14 437486.9392277905
 878 11 8 9 9 13 436722.6815773867
 879 10 8 10 8 14 436038.35488779424
 880 11 8 9 8 14 435484.28930256405
 881 10 8 10 9 13 434564.2601886986
 882 11 8 9 8 14 433659.5593000035
 883 10 8 10 8 14 433041.93677675625
 884 11 8 9 8 14 432050.81235815055
 885 10 8 10 9 13 431097.0573996249
 886 11 8 9 8 14 430348.35350993293
 887 10 8 10 8 14 429306.12369522324
 888 11 8 9 8 14 428640.530716272
 889 10 8 10 9 13 427740.94507507095
 890 11 8 9 8 14 427051.71831724624
 891 10 8 10 8 14 425962.6895489988
 892 11 8 9 9 13 425137.90917733876
 893 10 8 10 8 14 424178.1810698132
 894 11 8 9 8 14 423685.18208375527
 895 10 8 10 9 13 422692.8600540443
 896 11 8 9 8 14 422008.17764778563
 897 10 8 10 8 14 421261.38457724196
 898 10 8 10 9 13 420464.0560914883
 899 10 8 10 8 14 419493.80374576396
 900 11 8 9 8 14 418941.9212602746
 901 9 8 11 9 13 418058.9843887666
 902 11 8 9 8 14 417170.30537298403
 903 10 8 10 8 14 416221.412384093
 904 11 8 9 8 14 415409.1523669471
 905 10 8 10 9 13 414320.71756671317
 906 11 8 9 8 14 413287.9128484265
 907 10 8 10 8 14 412244.09845273517
 908 11 8 9 9 13 411507.0939683063
 909 10 8 10 8 14 410481.6973039756
 910 11 8 9 8 14 409653.0730802619
 911 10 8 10 9 13 408585.0601778342
 912 11 8 9 8 14 407796.4811390543
 913 10 8 10 8 14 406899.8559724316
 914 9 8 11 8 14 406015.2578414622
 915 10 8 10 9 13 405247.47067719995
 916 10 8 10 8 14 404519.82383600244
 917 10 8 10 8 14 403676.50628436776
 918 10 8 10 9 13 402707.02202874306
 919 10 8 10 8 14 401851.22696104797
 920 9 8 11 8 14 401016.2432928155
 921 10 8 10 8 14 400129.1709253259
 922 11 8 9 9 13 399278.85167890793
 923 11 8 9 8 14 398319.27601360803
 924 11 8 9 8 14 397505.92116388126
 925 11 8 10 9 12 396483.80066701426
 926 11 8 9 8 14 395549.2192313762
 927 10 8 10 8 14 394631.10600997007
 928 10 8 10 9 13 393838.83944258076
 929 10 8 10 8 14 392888.23395750974
 930 10 8 10 8 14 392161.1864993115
 931 10 8 10 8 14 391200.9317840673
 932 10 8 10 9 13 390381.7784492336
 933 10 8 10 8 14 389388.4930146068
 934 10 8 10 8 14 388623.1138109325
 935 10 8 10 9 13 387842.4907116328
 936 10 8 10 8 14 387160.5428590269
 937 11 8 10 8 13 386082.82050270773
 938 11 8 9 9 13 385285.1373614615
 939 10 8 10 8 14 384448.7829195051
 940 11 8 9 8 14 383549.2806950269
 941 10 8 10 9 13 382480.93631571636
 942 10 8 10 8 14 381684.8366079075
 943 11 8 9 8 14 380848.6917587913
 944 10 8 10 8 14 380064.5907935664
 945 11 8 9 9 13 379156.5107992898
 946 10 8 10 8 14 378417.68997464987
 947 11 8 9 8 14 377560.530359091
 948 10 8 10 9 13 376599.45139913575
 949 11 8 9 8 14 375924.9974841077
 950 10 8 10 8 14 375178.2531881385
 951 10 8 10 8 14 374304.6268859569
 952 10 8 10 9 13 373610.6668069148
 953 9 8 10 8 15 372862.4812434724
 954 10 8 11 8 13 371969.3331443144
 955 10 8 10 9 13 371273.8435876178
 956 11 8 10 8 13 370361.9325902419
 957 10 8 10 8 14 369593.9270448953
 958 9 8 11 8 14 368796.99847013265
 959 10 8 10 8 14 367926.1439141
 960 9 8 12 8 13 366836.55308239424
 961 11 8 9 8 14 365964.1236047061
 962 10 8 10 8 14 364909.4291497434
 963 11 8 9 8 14 363950.8437562426
 964 9 8 11 9 13 362953.58649489464
 965 10 8 10 8 14 361955.79916790756
 966 9 8 11 8 14 361002.48391631944
 967 10 8 10 8 14 360209.7890247059
 968 9 8 11 9 13 359180.4042383786
 969 10 8 10 8 14 358413.92264171503
 970 9 8 11 8 14 357412.7119263629
 971 10 8 10 8 14 356471.3638330983
 972 10 8 10 9 13 355418.9248376199
 973 10 8 10 8 14 354450.9907239531
 974 11 8 10 8 13 353287.12933097035
 975 10 8 10 8 14 352397.1669391643
 976 10 8 10 9 13 351462.9035004173
 977 10 8 10 8 14 350503.12215151684
 978 9 8 11 8 14 349468.6289320992
 979 10 8 10 8 14 348379.22901987395
 980 10 8 10 8 14 347343.5175851868
 981 10 8 10 8 14 346204.2795045014
 982 10 8 10 8 14 345192.0163233557
 983 10 8 10 8 14 344033.2461930046
 984 10 8 10 8 14 343045.6318859149
 985 11 8 9 8 14 342110.74489075376
 986 11 8 9 8 14 341174.90281546867
 987 10 8 9 8 15 340302.38812791696
 988 10 8 9 8 15 339494.5603533122
 989 9 8 10 8 15 338707.9378868099
 990 9 8 10 8 15 337858.78960453474
 991 9 8 10 8 15 337020.14588299853
 992 10 8 9 8 15 336124.64895532245
 993 9 8 10 8 15 335309.3362485437
 994 10 8 9 8 15 334663.495835933
 995 9 8 10 8 15 333887.192503058
 996 9 8 10 8 15 333185.420121877
 997 9 8 10 8 15 332298.97987976746
 998 8 8 11 8 15 331403.8771786683
 999 9 8 10 8 15 330505.060459034
 1000 9 8 10 8 15 329819.85163201456
 1001 8 9 10 8 15 328968.79423755384
 1002 9 8 10 8 15 328005.1419798893
 1003 9 8 10 8 15 327026.97647226794
 1004 9 8 10 8 15 326082.3951066188
 1005 9 8 10 8 15 325427.39331445395
 1006 8 8 11 8 15 324700.8025642121
 1007 9 8 10 8 15 323809.98954135587
 1008 9 8 10 8 15 322967.5224726116
 1009 9 8 10 8 15 322070.79570427997
 1010 9 8 10 8 15 321346.71419482084
 1011 8 9 10 8 15 320647.9562358946
 1012 9 8 10 8 15 319945.88381797326
 1013 8 9 10 8 15 319372.6196887302
 1014 9 8 10 8 15 318493.69613812293
 1015 9 8 10 8 15 317699.0902852245
 1016 8 9 10 8 15 317109.81736424845
 1017 9 8 10 8 15 316206.2958961047
 1018 9 8 10 8 15 315501.782213161
 1019 9 8 10 8 15 314804.6729091631
 1020 8 8 11 8 15 313968.4863097241
 1021 9 8 10 8 15 313322.3622949987
 1022 9 8 10 8 15 312569.87765269337
 1023 9 8 10 8 15 311921.7450055712
 1024 9 8 10 8 15 311065.69157010247
 1025 9 8 10 8 15 310368.4356796415
 1026 9 8 10 8 15 309506.0321086128
 1027 9 8 10 8 15 308808.7684537362
 1028 9 8 10 8 15 307916.3009281094
 1029 8 9 10 8 15 307377.1237729413
 1030 11 8 9 8 14 306451.40305980685
 1031 10 8 9 8 15 305842.1850060024
 1032 10 8 9 8 15 304931.3901833695
 1033 9 8 10 8 15 303941.9313886224
 1034 9 8 10 8 15 303127.63576555235
 1035 10 8 9 8 15 302382.95260633854
 1036 10 8 9 8 15 301598.070565155
 1037 10 8 9 8 15 300593.2274597752
 1038 10 8 9 8 15 299584.178024779
 1039 9 8 10 8 15 298691.9570571132
 1040 10 8 9 8 15 297902.64806330117
 1041 9 8 10 8 15 296909.40064344386
 1042 10 8 9 8 15 296292.48832751537
 1043 9 8 10 8 15 295425.5986990604
 1044 10 8 9 8 15 294770.3278656958
 1045 10 8 9 8 15 293946.30453649483
 1046 10 8 9 8 15 293245.7840718055
 1047 9 8 10 8 15 292465.0955105737
 1048 9 8 10 8 15 291583.57388517744
 1049 9 8 10 8 15 290855.1004366681
 1050 9 8 10 8 15 290018.5639733289
 1051 9 8 10 8 15 289318.96237403457
 1052 9 8 10 8 15 288350.1428717866
 1053 9 8 10 8 15 287588.20066894055
 1054 9 8 10 8 15 286641.31043011515
 1055 9 8 10 8 15 285719.91616946005
 1056 9 8 10 8 15 284759.31338447606
 1057 9 8 10 8 15 283868.4088257553
 1058 8 8 11 8 15 282996.79475387256
 1059 8 9 10 8 15 282420.0270857327
 1060 9 8 10 8 15 281518.6744644993
 1061 9 8 10 8 15 280658.2805660826
 1062 8 8 11 8 15 279647.64266891195
 1063 8 9 10 8 15 278776.16908920347
 1064 8 8 11 8 15 278015.9929528419
 1065 9 8 10 8 15 277050.6296681829
 1066 9 8 10 8 15 276213.27620012255
 1067 9 8 10 8 15 275213.21786933666
 1068 9 8 10 8 15 274288.8479188393
 1069 9 8 10 8 15 273204.7756830685
 1070 8 8 11 8 15 272208.7474657156
 1071 9 8 10 8 15 271177.58773786563
 1072 10 8 12 8 12 271556.9990188636
 1073 9 8 11 9 13 272100.4625702029
 1074 9 8 11 9 13 272467.3587497918
 1075 8 8 11 9 14 272693.4387777496
 1076 9 8 10 9 14 272976.2395664202
 1077 9 8 9 9 15 273491.2728487749
 1078 8 8 11 9 14 274061.5661171224
 1079 8 8 11 9 14 274503.5585046477
 1080 8 8 11 9 14 275169.59161708987
 1081 8 8 11 9 14 275543.20481192396
 1082 8 8 11 9 14 275981.50012317376
 1083 9 8 10 9 14 276609.62062519346
 1084 8 8 11 9 14 277317.8545615299
 1085 8 8 11 9 14 277767.4311710779
 1086 8 8 11 8 15 278583.17573615065
 1087 8 8 11 9 14 279361.1819737645
 1088 9 8 11 9 13 280115.48740152287
 1089 8 8 11 9 14 280857.07714237476
 1090 9 8 11 9 13 281484.16796938493
 1091 9 8 10 9 14 281674.1705078898
 1092 9 8 10 9 14 282150.5530977275
 1093 8 8 11 9 14 282461.2566690665
 1094 8 8 11 9 14 283097.6899049443
 1095 8 8 11 9 14 283510.7614145237
 1096 9 8 10 8 15 283989.6573111832
 1097 8 8 10 9 15 284427.86444619676
 1098 9 8 10 9 14 284810.90146488557
 1099 9 8 10 9 14 285063.0418220137
 1100 10 8 9 9 14 285596.58272042347
 1101 8 8 11 9 14 285924.3246148054
 1102 10 8 9 9 14 286422.6023211597
 1103 9 8 10 9 14 287040.98993884324
 1104 9 8 11 9 13 287839.2157947368
 1105 9 8 10 9 14 288243.60159770434
 1106 10 8 10 9 13 288819.7629748419
 1107 9 8 11 8 14 289289.6230032823
 1108 9 8 11 9 13 289949.4045882689
 1109 9 8 11 9 13 290235.09589773405
 1110 9 8 10 9 14 290795.4677699833
 1111 9 8 10 9 14 291324.4528196489
 1112 8 8 11 9 14 291825.30292230303
 1113 9 8 10 9 14 292354.2788215017
 1114 8 8 11 9 14 292815.6264654157
 1115 8 8 11 9 14 293444.84791699075
 1116 8 8 11 9 14 293850.70810997044
 1117 8 8 11 9 14 294318.87111140514
 1118 8 8 11 8 15 294668.7791752394
 1119 9 8 10 9 14 295127.85744573904
 1120 10 8 9 9 14 295801.1305429014
 1121 11 8 9 9 13 296415.45598997956
 1122 11 8 9 9 13 296874.95317936875
 1123 11 8 9 9 13 297580.8459954257
 1124 11 8 8 9 14 298342.4333207977
 1125 11 8 9 9 13 298908.55798534263
 1126 11 8 9 9 13 299127.338909727
 1127 10 8 8 9 15 300003.8944041837
 1128 11 8 9 8 14 300483.96132924827
 1129 11 8 9 9 13 300868.78997800464
 1130 11 8 8 9 14 301318.80845475534
 1131 10 8 9 9 14 301788.8121845182
 1132 9 8 10 9 14 302272.91311473906
 1133 10 8 8 9 15 303132.53827381483
 1134 9 8 10 9 14 303670.8137595621
 1135 9 8 10 9 14 304158.9574001157
 1136 10 8 8 9 15 304585.0319355179
 1137 10 8 9 9 14 305239.16942433064
 1138 10 8 9 8 15 305710.02848428936
 1139 10 8 9 9 14 305809.748704829
 1140 9 8 10 9 14 306123.4269111072
 1141 10 8 9 9 14 306572.07360862975
 1142 10 8 9 9 14 306988.44875954685
 1143 10 8 9 9 14 307630.3453601089
 1144 8 8 11 9 14 308138.35782212234
 1145 9 8 10 9 14 308498.2328140225
 1146 8 8 11 9 14 308958.71218201536
 1147 8 8 11 9 14 309387.4252361068
 1148 9 8 10 9 14 309645.7873206666
 1149 9 8 10 8 15 310059.4093899508
 1150 8 8 11 9 14 310257.0582608161
 1151 8 8 11 9 14 310769.6054776391
 1152 8 8 11 9 14 311194.00764885446
 1153 9 8 10 9 14 311661.36958209815
 1154 8 8 10 9 15 312408.6069678488
 1155 8 8 11 9 14 312933.7289918259
 1156 9 8 10 9 14 313377.36697320605
 1157 9 8 10 9 14 314032.8184099955
 1158 8 8 11 9 14 314655.6238616141
 1159 9 8 10 8 15 314982.5832564753
 1160 9 8 10 9 14 315633.14266856114
 1161 9 8 10 9 14 316502.1286857772
 1162 9 8 10 9 14 317137.51922549726
 1163 9 8 10 9 14 317848.2635910022
 1164 9 8 10 9 14 318304.5625925067
 1165 9 8 10 9 14 319069.40563960833
 1166 9 8 10 9 14 319640.1817519534
 1167 9 8 10 9 14 320321.4839217734
 1168 9 8 9 9 15 321435.56702713005
 1169 9 8 9 9 15 322146.6279517015
 1170 9 8 9 8 16 323085.8714238701
 1171 9 8 10 9 14 323664.3865294964
 1172 9 8 10 9 14 324645.9668297036
 1173 9 8 10 9 14 325537.0480903614
 1174 9 8 10 9 14 326172.6142085666
 1175 9 8 10 9 14 326776.251177793
 1176 9 8 10 9 14 327397.58229897026
 1177 9 8 10 9 14 328351.8586015094
 1178 10 8 10 9 13 328819.3966970023
 1179 10 8 10 9 13 329141.53441427386
 1180 11 8 9 9 13 329550.59838574415
 1181 10 8 10 8 14 329883.83669058257
 1182 10 8 9 9 14 330387.9470671445
 1183 9 8 10 9 14 331072.82299767755
 1184 9 8 10 9 14 331547.22569489304
 1185 9 8 10 9 14 332153.43451242597
 1186 8 8 11 9 14 332752.1473156409
 1187 9 8 10 9 14 333643.30284197384
 1188 9 8 9 9 15 334517.3713021444
 1189 10 8 9 9 14 335161.64939805906
 1190 9 8 10 9 14 336004.3303863807
 1191 9 8 10 9 14 336787.25223621796
 1192 9 8 10 8 15 337442.2168307912
 1193 10 8 8 9 15 338257.4724884231
 1194 9 8 9 9 15 339131.7614629409
 1195 10 8 8 9 15 339931.21333834215
 1196 9 8 9 9 15 340738.88417715015
 1197 9 8 10 9 14 341383.6020169048
 1198 9 8 10 9 14 342381.6836926451
 1199 9 8 10 9 14 342929.29017434537
 1200 10 8 11 7 14 343583.66653541056
 1201 9 8 10 9 14 344417.4339529802
 1202 11 8 8 9 14 345283.3185726937
 1203 10 8 8 9 15 346362.2803809075
 1204 9 8 10 9 14 347050.3714987966
 1205 10 8 9 9 14 348052.8389976877
 1206 9 8 10 8 15 348973.5900481351
 1207 9 8 10 9 14 349767.60313847975
 1208 10 8 9 9 14 350586.9125799334
 1209 9 8 10 9 14 351361.541279694
 1210 9 8 9 9 15 352192.7817273494
 1211 9 8 10 9 14 352829.02610623534
 1212 9 8 10 9 14 353653.9425804608
 1213 9 8 10 9 14 354531.9262633459
 1214 9 8 10 9 14 354976.8312398144
 1215 10 8 9 8 15 355641.3369772387
 1216 10 8 9 9 14 356233.8390974846
 1217 8 8 11 9 14 356744.71014974406
 1218 10 8 9 9 14 357022.7250662241
 1219 9 8 10 9 14 357700.97862206615
 1220 8 8 10 9 15 358279.727653235
 1221 9 8 9 9 15 359086.95788029104
 1222 9 8 10 9 14 359890.99402394623
 1223 11 8 8 9 14 360720.5530627096
 1224 10 8 9 9 14 361546.020430167
 1225 10 8 9 9 14 362364.86026451795
 1226 10 8 10 9 13 362963.8202024406
 1227 11 8 9 9 13 363416.3971521628
 1228 11 8 9 9 13 364047.02634274936
 1229 10 8 9 9 14 364828.86234766967
 1230 10 8 9 9 14 365450.62240257085
 1231 11 8 8 9 14 366422.220744427
 1232 10 8 10 9 13 366790.06559077784
 1233 10 8 10 9 13 367589.94825302507
 1234 11 8 8 9 14 368214.31120674143
 1235 10 8 10 9 13 368832.4226407807
 1236 10 8 9 9 14 369570.47940040345
 1237 11 8 8 8 15 370306.1554124355
 1238 8 8 10 8 16 370920.4042751853
 1239 9 8 9 9 15 371438.4842440803
 1240 8 8 10 9 15 371905.994181253
 1241 9 8 10 9 14 372561.0527078576
 1242 8 8 11 9 14 373031.7158341
 1243 10 8 8 9 15 373748.44769012445
 1244 10 8 9 9 14 374368.8565063205
 1245 11 8 9 9 13 374628.69896794803
 1246 10 8 9 9 14 375345.64746637957
 1247 11 8 9 9 13 375761.3303588647
 1248 11 8 9 9 13 376446.6610090398
 1249 10 8 9 9 14 377390.3780514766
 1250 11 8 9 9 13 377875.95993021893
 1251 10 8 10 9 13 378292.74669255206
 1252 10 8 10 9 13 378902.1181614199
 1253 9 8 10 9 14 379703.5410140419
 1254 8 8 11 9 14 380351.3349733191
 1255 9 8 11 9 13 380763.29724922316
 1256 9 8 11 9 13 381348.10846696293
 1257 9 8 11 9 13 382019.9560972169
 1258 9 8 10 9 14 382845.86165065714
 1259 10 8 10 9 13 383395.9963400064
 1260 10 8 10 8 14 383869.18121959217
 1261 10 8 10 9 13 384689.3139640543
 1262 9 8 11 9 13 385109.8848856261
 1263 10 8 10 9 13 385574.91870234197
 1264 10 8 10 9 13 386555.6560114114
 1265 9 8 11 9 13 387407.8817636608
 1266 9 8 11 9 13 388094.8475683333
 1267 10 8 10 9 13 389068.6606587789
 1268 10 8 10 9 13 389964.3740061041
 1269 10 8 10 9 13 390533.40360233857
 1270 10 8 10 9 13 391309.2001930236
 1271 10 8 10 9 13 392085.7649875594
 1272 10 8 10 9 13 392848.92713317246
 1273 12 8 9 8 13 393723.0657848184
 1274 11 8 10 9 12 394569.0427598929
 1275 11 8 10 9 12 395270.7146656926
 1276 12 8 9 9 12 395956.3391206538
 1277 12 8 9 9 12 396673.6550720385
 1278 11 8 10 9 12 397345.07772379334
 1279 10 8 10 9 13 397797.32349556463
 1280 10 8 10 9 13 398533.6874845199
 1281 10 8 10 9 13 399275.830111101
 1282 10 8 10 9 13 399957.2867198669
 1283 10 8 10 9 13 400646.511277148
 1284 9 8 10 9 14 401316.85832608934
 1285 10 8 10 8 14 401988.36043762194
 1286 10 8 10 9 13 402552.64618507517
 1287 10 8 10 9 13 403110.7086893998
 1288 11 8 9 9 13 403949.3713583106
 1289 10 8 10 9 13 404417.3362093206
 1290 10 8 10 9 13 405315.866357982
 1291 10 8 10 9 13 405861.1229414034
 1292 10 8 10 9 13 406732.9591551211
 1293 10 8 10 9 13 407356.7804297706
 1294 10 8 9 9 14 407994.65164842276
 1295 10 8 9 9 14 408456.38746148325
 1296 10 8 10 9 13 408870.21505265735
 1297 10 8 10 8 14 409598.7270013022
 1298 10 8 9 9 14 410130.5227608709
 1299 9 8 10 9 14 410937.0860860336
 1300 9 8 10 9 14 411508.6025021698
 1301 9 8 10 9 14 412091.54632520134
 1302 9 8 10 9 14 412461.11001149076
 1303 9 8 10 9 14 412963.79486242816
 1304 9 8 10 9 14 413661.398223761
 1305 9 8 10 9 14 414040.41085111885
 1306 9 8 10 9 14 414508.53596843587
 1307 8 8 11 9 14 414993.49164078967
 1308 9 8 10 9 14 415341.06124051794
 1309 9 8 9 9 15 415788.87633689924
 1310 8 8 11 8 15 416277.23134240456
 1311 9 8 10 9 14 416703.3833733084
 1312 8 8 11 9 14 417368.4551948693
 1313 8 8 11 9 14 418149.98407723056
 1314 9 8 9 9 15 418726.08122251614
 1315 8 8 11 9 14 419314.69554399484
 1316 9 8 10 9 14 419833.55496928236
 1317 10 8 10 9 13 420533.28749470436
 1318 10 8 9 9 14 421053.42452019657
 1319 10 8 8 9 15 421557.8218658721
 1320 9 8 10 9 14 422187.1328978562
 1321 9 8 10 9 14 422911.8319942566
 1322 8 8 11 8 15 423468.42112000496
 1323 9 8 10 9 14 423953.78034907347
 1324 9 8 10 9 14 424394.89010341064
 1325 10 8 9 9 14 425297.94688047265
 1326 8 8 11 9 14 425867.7220402443
 1327 9 8 10 9 14 426465.10599933885
 1328 9 8 10 9 14 427117.82738614595
 1329 9 8 10 9 14 427661.2697845428
 1330 9 8 10 9 14 428126.99547004106
 1331 9 8 10 9 14 429096.1739865376
 1332 9 8 10 9 14 429691.7484980181
 1333 9 8 10 9 14 430576.19986024685
 1334 9 8 10 8 15 431326.49508193997
 1335 9 8 10 9 14 431905.84251493355
 1336 10 8 9 9 14 432495.30535594455
 1337 9 8 9 9 15 433272.4884197396
 1338 9 8 10 9 14 433643.7619640415
 1339 11 8 9 9 13 433944.1076692638
 1340 10 8 9 9 14 434379.99586236035
 1341 11 8 9 9 13 435126.3615115804
 1342 10 8 10 9 13 435662.21491504344
 1343 10 8 9 9 14 436297.17226804054
 1344 9 8 10 9 14 436946.20071362593
 1345 9 8 10 9 14 437288.0916526901
 1346 10 8 9 9 14 437881.4227398768
 1347 9 8 10 8 15 438561.4818744878
 1348 9 8 10 9 14 438997.05056921206
 1349 11 8 9 9 13 439622.1907386716
 1350 9 8 10 9 14 440484.0106400191
 1351 10 8 9 9 14 441150.66213967325
 1352 11 8 9 9 13 441526.52305285877
 1353 9 8 10 9 14 442295.3760605202
 1354 10 8 9 9 14 442875.8104665572
 1355 10 8 9 9 14 443594.94201672333
 1356 10 8 9 9 14 443907.16145431204
 1357 8 8 10 9 15 444650.6957493022
 1358 10 8 9 9 14 444990.5358518101
 1359 9 8 10 8 15 445682.43462500855
 1360 10 8 9 9 14 446416.635416116
 1361 8 8 10 9 15 447284.92295276135
 1362 8 8 10 9 15 448128.46601566917
 1363 8 8 10 9 15 448826.318960218
 1364 9 8 10 9 14 449374.3990143487
 1365 9 8 10 9 14 449788.6911157358
 1366 10 8 9 9 14 450294.15511563374
 1367 8 8 11 9 14 450874.75378119404
 1368 10 8 9 9 14 451303.2208868529
 1369 10 8 9 9 14 451758.4192618311
 1370 9 8 10 9 14 452397.1150847128
 1371 10 8 9 9 14 453089.2466778721
 1372 8 8 11 8 15 453809.77452125645
 1373 11 8 9 9 13 454254.9858753167
 1374 10 8 10 9 13 454729.47354313807
 1375 11 8 9 9 13 455340.05788753234
 1376 10 8 10 9 13 455934.86228747235
 1377 9 8 10 9 14 456581.7569904756
 1378 9 8 10 9 14 457247.4511286174
 1379 9 8 11 9 13 457574.69242375443
 1380 10 8 10 9 13 458146.4531660007
 1381 10 8 10 9 13 458506.8876943715
 1382 9 8 9 9 15 459147.58064503444
 1383 10 8 10 9 13 459943.4098419252
 1384 10 8 10 8 14 460479.5264674488
 1385 9 8 11 9 13 460796.3687191728
 1386 10 8 10 9 13 460891.9096813487
 1387 8 8 11 9 14 461247.6084387548
 1388 8 8 11 9 14 461840.96091130393
 1389 10 8 10 9 13 462388.3765008343
 1390 9 8 11 9 13 462765.35813973454
 1391 11 8 9 9 13 463226.5258861773
 1392 9 8 9 9 15 463852.5146233644
 1393 9 8 10 9 14 464570.67167768406
 1394 11 8 8 9 14 465096.1251226076
 1395 10 8 10 9 13 465359.72441113426
 1396 10 8 10 8 14 465880.0161126029
 1397 9 8 11 9 13 466526.75499373255
 1398 10 8 10 9 13 467145.11751034093
 1399 9 8 9 9 15 467958.7689565044
 1400 9 8 11 9 13 468621.95857555926
 1401 10 8 10 9 13 469173.14982425893
 1402 10 8 10 9 13 469885.74587215506
 1403 9 8 10 9 14 470508.96404206246
 1404 9 8 10 9 14 471278.2522885749
 1405 9 8 11 9 13 471911.2521156142
 1406 9 8 11 9 13 472588.53694882145
 1407 9 8 11 9 13 473163.18402480317
 1408 9 8 11 8 14 473878.7710509164
 1409 9 8 11 9 13 474468.02398633107
 1410 10 8 10 9 13 474979.50767799653
 1411 10 8 10 9 13 475558.64065581246
 1412 10 8 10 9 13 476389.95968701923
 1413 9 8 10 9 14 477112.1218261867
 1414 9 8 11 9 13 477634.7871635903
 1415 9 8 11 9 13 478184.1696558427
 1416 9 8 11 9 13 478832.34258648986
 1417 8 8 11 9 14 479564.9256607151
 1418 8 8 11 9 14 480271.14966136275
 1419 9 8 10 9 14 480931.219392178
 1420 10 8 9 9 14 481817.4163048196
 1421 9 8 10 8 15 482158.04037147673
 1422 9 8 10 9 14 482933.13125603966
 1423 9 8 10 9 14 483302.49436112866
 1424 8 8 11 9 14 483699.1716743721
 1425 8 8 11 9 14 484496.4029700888
 1426 8 8 10 9 15 485243.4200014658
 1427 9 8 10 9 14 485747.4574220997
 1428 8 8 11 9 14 486412.05981160625
 1429 8 8 11 9 14 486824.77333576814
 1430 9 8 10 9 14 487258.84910065035
 1431 9 8 10 9 14 487761.5926220274
 1432 9 8 10 9 14 488136.90404541744
 1433 9 8 10 8 15 488868.95516660414
 1434 8 8 10 9 15 489270.1842201781
 1435 9 8 9 9 15 490129.9632766579
 1436 8 8 10 9 15 490880.0040629501
 1437 10 8 8 9 15 491616.82611033326
 1438 9 8 10 9 14 492093.15067370667
 1439 10 8 9 9 14 492866.4899506213
 1440 9 8 9 9 15 493644.1012034732
 1441 10 8 10 9 13 494260.2002557829
 1442 10 8 9 9 14 494935.7317766815
 1443 10 8 8 9 15 495627.4866719967
 1444 10 8 9 9 14 496135.6876525325
 1445 9 8 10 9 14 496892.86841376225
 1446 9 8 9 8 16 497484.72827574605
 1447 10 8 9 9 14 497960.771271963
 1448 10 8 9 9 14 498436.84768868744
 1449 9 8 10 9 14 498746.26808548986
 1450 10 8 8 9 15 499518.86006105656
 1451 10 8 8 9 15 500162.4610758966
 1452 9 8 9 9 15 500977.68199505284
 1453 10 8 8 9 15 501432.51872481196
 1454 9 8 10 9 14 501791.33313368453
 1455 9 8 10 9 14 502169.00620052544
 1456 9 8 10 9 14 502322.7969357476
 1457 9 8 10 9 14 502846.6123313758
 1458 9 8 10 8 15 503353.2413143346
 1459 9 8 10 9 14 503881.0669121751
 1460 9 8 10 9 14 504200.96947204234
 1461 9 8 10 9 14 504874.4178323343
 1462 9 8 10 9 14 505346.53001034143
 1463 9 8 10 9 14 505839.3746255687
 1464 9 8 10 9 14 506305.87572165346
 1465 9 8 10 9 14 506699.9485594109
 1466 9 8 10 9 14 507012.0281067975
 1467 9 8 10 9 14 507416.89269671956
 1468 9 8 10 9 14 507830.6212424783
 1469 9 8 10 8 15 508246.5517298909
 1470 8 8 11 9 14 508677.72294821934
 1471 9 8 10 9 14 509231.94666774943
 1472 9 8 10 9 14 509898.48762393906
 1473 8 8 11 9 14 510405.07402927
 1474 8 8 11 9 14 510989.2221125402
 1475 8 8 11 9 14 511465.5550022279
 1476 8 8 11 9 14 512177.086188711
 1477 8 8 11 9 14 512774.7828779833
 1478 8 8 11 9 14 513588.87393558247
 1479 8 8 11 9 14 514129.58706622256
 1480 8 8 11 8 15 514965.00860660675
 1481 8 8 11 9 14 515602.03877336514
 1482 8 8 11 9 14 516180.31323747436
 1483 9 8 10 9 14 516625.0711637584
 1484 9 8 10 9 14 517100.9484667318
 1485 8 8 11 9 14 517638.1499326778
 1486 9 8 10 9 14 518039.0046685897
 1487 8 8 11 9 14 518575.8565494602
 1488 9 8 10 9 14 519194.0278786507
 1489 8 8 11 9 14 519856.0173889754
 1490 8 8 11 9 14 520111.44252116873
 1491 10 8 9 8 15 520810.96125750116
 1492 9 8 10 9 14 521411.06747134984
 1493 9 8 10 9 14 522382.4730128033
 1494 8 8 11 9 14 523041.11734672193
 1495 8 8 11 9 14 523789.15062809625
 1496 9 8 10 9 14 524206.3157263702
 1497 9 8 10 9 14 524486.7470670769
 1498 10 8 9 9 14 525012.0358984863
 1499 9 8 10 9 14 525305.7918816652
 1500 9 8 10 9 14 526058.917263877
 1501 8 8 11 9 14 526545.877854221
 1502 10 8 9 8 15 527046.7246275328
 1503 8 8 11 9 14 527478.0295289815
 1504 9 8 10 9 14 527876.0628760082
 1505 8 8 11 9 14 528544.8331080986
 1506 8 8 11 9 14 528958.8911607001
 1507 8 8 11 9 14 529465.6614893096
 1508 8 8 11 9 14 529794.7243618524
 1509 9 8 10 9 14 530477.7279578127
 1510 9 8 10 9 14 531020.1961785506
 1511 8 8 11 9 14 531475.8890245875
 1512 9 8 10 9 14 532294.5438793425
 1513 8 8 11 8 15 532908.3173978484
 1514 8 8 11 9 14 533362.2744719516
 1515 9 8 10 9 14 533823.0291355344
 1516 8 8 11 9 14 534693.8972009622
 1517 9 8 10 9 14 535256.5949035663
 1518 8 8 11 9 14 536116.0905794519
 1519 9 8 10 9 14 536840.244022367
 1520 9 8 11 9 13 537590.7347114867
 1521 8 8 11 9 14 538038.3436009174
 1522 9 8 10 9 14 538762.380558703
 1523 8 8 11 9 14 539327.9648172786
 1524 8 8 11 9 14 539701.4742626804
 1525 8 8 11 8 15 540280.41067432
 1526 8 8 11 9 14 540760.5089543208
 1527 8 8 11 9 14 541221.3379983051
 1528 8 8 11 9 14 541576.7610834396
 1529 8 8 11 9 14 541999.7689715272
 1530 9 8 10 9 14 542806.2266185157
 1531 8 8 11 9 14 543575.3463078573
 1532 9 8 11 9 13 544111.5479857891
 1533 9 8 11 9 13 544717.9654628865
 1534 9 8 11 9 13 545242.758617673
 1535 9 8 11 9 13 545619.0739328135
 1536 9 8 11 8 14 546243.7882909058
 1537 9 8 11 9 13 546779.6133327222
 1538 9 8 11 9 13 547461.2915531102
 1539 9 8 10 9 14 548070.5446047965
 1540 9 8 11 9 13 548792.5333874823
 1541 9 8 11 9 13 549503.6544506341
 1542 9 8 10 9 14 550045.8747057397
 1543 9 8 10 9 14 550834.3228009078
 1544 9 8 11 9 13 551207.611701702
 1545 9 8 11 9 13 551598.17856911
 1546 8 8 11 9 14 552149.3186754291
 1547 11 8 9 8 14 552573.3830290565
 1548 11 8 9 9 13 553032.5351161542
 1549 9 8 11 9 13 553682.9616414661
 1550 10 8 11 9 12 553930.5293932703
 1551 10 8 11 9 12 554261.1875770211
 1552 9 8 11 9 13 554706.1009062915
 1553 9 8 10 9 14 555377.7951163002
 1554 9 8 11 9 13 555900.5731589769
 1555 9 8 10 9 14 556198.775470233
 1556 8 8 11 9 14 556614.3642091192
 1557 9 8 11 9 13 557128.1377140358
 1558 8 8 11 9 14 557971.4881008125
 1559 10 8 9 8 15 558843.6534873972
 1560 9 8 11 9 13 559354.2978127672
 1561 9 8 10 9 14 559639.7364357986
 1562 8 8 11 9 14 560411.0819159223
 1563 9 8 11 9 13 560665.448038331
 1564 8 8 11 9 14 561199.0356313619
 1565 8 8 11 9 14 561841.022473741
 1566 8 8 10 9 15 562587.2052554904
 1567 9 8 10 9 14 562947.119158562
 1568 8 8 11 9 14 563231.0454601514
 1569 9 8 10 9 14 563450.1445949588
 1570 9 8 11 8 14 563875.5797262948
 1571 8 8 11 9 14 564487.2139880627
 1572 10 8 10 9 13 564640.223673227
 1573 8 8 11 9 14 565274.0845981404
 1574 9 8 11 9 13 565574.2677302433
 1575 9 8 11 9 13 566000.1217360528
 1576 9 8 9 9 15 566723.391244454
 1577 9 8 10 9 14 567296.0980366978
 1578 9 8 10 9 14 568032.8267239637
 1579 10 8 10 9 13 568455.9361035436
 1580 10 8 10 9 13 568978.434210039
 1581 9 8 10 8 15 569591.8473548376
 1582 9 8 11 9 13 570314.8864510976
 1583 9 8 11 9 13 570497.5641868773
 1584 9 8 11 9 13 571143.354376805
 1585 8 8 11 9 14 571584.7326987225
 1586 8 8 11 9 14 572319.1071409963
 1587 9 8 10 9 14 572799.5282024741
 1588 8 8 11 9 14 573552.2503847129
 1589 8 8 11 9 14 574010.6641343395
 1590 9 8 10 9 14 574762.4203588039
 1591 8 8 11 9 14 575171.6843541599
 1592 8 8 11 8 15 575615.5270427449
 1593 8 8 11 9 14 575879.692307114
 1594 9 8 10 9 14 576617.0155311405
 1595 11 8 10 9 12 576618.3910719836
 1596 9 8 10 9 14 577322.1064037431
 1597 9 8 11 9 13 577375.290644224
 1598 9 8 10 9 14 577667.2665451282
 1599 10 8 8 9 15 578142.6264589312
 1600 8 8 11 9 14 578598.9580643112
 1601 8 8 11 9 14 579030.459443239
 1602 9 8 10 9 14 579580.6137155631
 1603 8 8 10 9 15 580120.13401841
 1604 9 8 10 8 15 580513.5192838182
 1605 9 8 10 9 14 580882.4768388959
 1606 9 8 10 9 14 581487.5339676907
 1607 10 8 10 9 13 582017.3231203259
 1608 9 8 10 9 14 582485.2651223711
 1609 8 8 11 9 14 583152.9411631816
 1610 8 8 11 9 14 583627.3170980095
 1611 8 8 11 9 14 584033.2698724436
 1612 8 8 11 9 14 584550.3253701112
 1613 8 8 11 9 14 584811.5429382975
 1614 8 8 11 9 14 585112.8730290914
 1615 8 8 11 8 15 585591.4124028165
 1616 8 8 10 9 15 586182.504738703
 1617 8 8 10 9 15 586882.3316286341
 1618 8 8 11 9 14 587232.5926438776
 1619 8 8 11 9 14 587913.479620363
 1620 8 8 11 9 14 588353.8792602482
 1621 8 8 11 9 14 589049.930993602
 1622 8 8 11 9 14 589541.8241130502
 1623 8 8 11 9 14 590165.5987854375
 1624 9 8 10 9 14 590491.7021894758
 1625 8 8 11 9 14 590964.4582967006
 1626 9 8 10 9 14 591635.2089360997
 1627 8 8 11 8 15 591972.724068851
 1628 10 8 10 9 13 592397.9110958517
 1629 9 8 11 9 13 592736.9284881387
 1630 8 8 11 9 14 593052.5198659119
 1631 8 8 11 9 14 593083.5323358405
 1632 8 8 10 9 15 593726.919097992
 1633 8 8 11 9 14 593955.7241944367
 1634 9 8 11 9 13 594336.24431771
 1635 9 8 10 9 14 594873.5912430354
 1636 8 8 11 9 14 594939.3307195394
 1637 9 8 10 9 14 595286.5536332653
 1638 9 8 10 8 15 595782.6849219117
 1639 9 8 10 9 14 596132.9813633632
 1640 8 8 11 9 14 596474.5626732535
 1641 10 8 10 9 13 596976.8121770752
 1642 8 8 11 9 14 597533.7386031793
 1643 9 8 11 9 13 597870.8850302177
 1644 9 8 11 9 13 598040.0116806617
 1645 9 8 11 9 13 598484.6684964892
 1646 8 8 11 9 14 599039.2151176037
 1647 10 8 10 9 13 599317.4456195657
 1648 8 8 11 9 14 599960.0190808804
 1649 10 8 10 8 14 600183.0417993723
 1650 9 8 11 9 13 600784.5562393093
 1651 10 8 10 9 13 601386.2089587162
 1652 9 8 11 9 13 601686.3036773095
 1653 9 8 10 9 14 602131.2956846417
 1654 8 8 11 9 14 602456.9825798455
 1655 10 8 10 9 13 602830.9224790273
 1656 9 8 11 9 13 603124.5906894137
 1657 10 8 10 9 13 603814.952644181
 1658 9 8 11 9 13 604127.5742199365
 1659 11 8 9 9 13 604769.437970747
 1660 8 8 11 8 15 605546.569221862
 1661 9 8 11 9 13 606032.6912274628
 1662 10 8 10 9 13 606758.485197244
 1663 8 8 11 9 14 607395.5461941198
 1664 9 8 11 9 13 607972.7009173929
 1665 9 8 11 9 13 608566.2882203484
 1666 9 8 10 9 14 609206.3482264995
 1667 10 8 9 9 14 609882.5139569747
 1668 10 8 9 9 14 610435.5445578482
 1669 9 8 11 9 13 610874.175338019
 1670 10 8 10 9 13 611427.7370570519
 1671 9 8 11 9 13 611723.7634361582
 1672 9 8 11 8 14 612194.2169136594
 1673 10 8 10 9 13 612806.604006503
 1674 9 8 11 9 13 613287.7566512374
 1675 9 8 11 9 13 613839.6139867766
 1676 9 8 11 9 13 614164.0084739486
 1677 10 8 10 9 13 614545.9839366551
 1678 10 8 10 9 13 615029.613962884
 1679 10 8 11 9 12 615506.3994206657
 1680 10 8 10 9 13 615869.8916994638
 1681 9 8 11 9 13 616338.7636147952
 1682 9 8 11 9 13 616679.7438585189
 1683 9 8 11 8 14 617222.5605485543
 1684 8 8 10 9 15 617725.624592459
 1685 10 8 10 9 13 617953.0419767485
 1686 9 8 11 9 13 618494.1912628663
 1687 10 8 10 9 13 618933.0521192136
 1688 9 8 11 9 13 619385.9796302398
 1689 9 8 10 9 14 620145.8325480237
 1690 10 8 10 9 13 620683.855835484
 1691 9 8 10 9 14 621433.922827157
 1692 9 8 11 9 13 621844.3774906308
 1693 9 8 11 9 13 622540.9641754439
 1694 9 8 11 8 14 623090.565180811