 "ticks" "state 0" "state 1" "state 2" "state 3" "state 4" "bioenergy success"
 0 11 13 8 8 10 25527.6135
 1 13 11 8 7 11 23759.80448364029
 2 12 11 8 7 12 22110.801182057974
 3 12 10 9 7 12 20367.48304598198
 4 12 9 9 7 13 18611.26148307329
 5 12 11 8 7 12 16941.987040667518
 6 11 11 8 8 12 15357.60969888766
 7 12 9 9 8 12 13588.255909885936
 8 11 12 7 8 12 12070.552295121288
 9 11 10 9 8 12 10383.817164323944
 10 11 11 8 8 12 8809.363524402152
 11 11 10 9 8 12 7140.554212631256
 12 11 10 9 8 12 5465.994009720966
 13 11 10 9 8 12 3792.236623827027
 14 11 8 9 9 13 2114.082655366318
 15 11 9 9 9 12 413.1981459034863
 16 13 10 7 9 11 -1253.6607769000507
 17 11 8 8 10 13 -2870.8180264547764
 18 11 9 8 10 12 -4455.89077032886
 19 11 8 9 10 12 -6136.702685134058
 20 12 8 8 10 12 -7818.973933871317
 21 11 10 7 10 12 -9338.453878956792
 22 12 10 6 10 12 -10862.676737039303
 23 10 9 8 10 13 -12404.021322616165
 24 11 10 8 9 12 -14005.140339328194
 25 10 11 7 9 13 -15437.22950761775
 26 9 11 7 10 13 -16779.506402811097
 27 10 9 8 10 13 -18277.8231148276
 28 11 11 7 9 12 -19754.2649360871
 29 11 10 8 9 12 -21362.494330547386
 30 11 9 9 10 11 -23031.73022752272
 31 11 8 10 10 11 -24798.8383450925
 32 11 9 9 9 12 -26450.24551880821
 33 10 11 8 9 12 -27948.79229370116
 34 11 9 8 10 12 -29568.962105055434
 35 11 8 9 10 12 -31268.493394985082
 36 11 9 9 10 11 -32942.91361141004
 37 11 8 9 10 12 -34586.13161749815
 38 11 9 8 10 12 -36136.015776971464
 39 11 9 9 9 12 -37796.08556600414
 40 11 10 8 9 12 -39382.20902795265
 41 12 10 8 9 11 -41041.655885805434
 42 11 9 9 9 12 -42713.011535802696
 43 11 9 8 10 12 -44310.01694200764
 44 11 10 8 9 12 -45896.86147275471
 45 12 9 9 9 11 -47653.16556140855
 46 11 9 9 9 12 -49321.9480646349
 47 11 10 8 9 12 -50899.437102830896
 48 11 9 9 9 12 -52593.15565562026
 49 11 8 9 10 12 -54268.81805478258
 50 11 8 9 10 12 -55950.123707704275
 51 11 9 8 10 12 -57541.82449932149
 52 10 8 9 10 13 -59127.36749358659
 53 10 8 9 10 13 -60722.744669281805
 54 10 9 9 9 13 -62323.28536821646
 55 10 9 8 10 13 -63822.968515240565
 56 10 10 8 9 13 -65303.36778154218
 57 10 9 9 9 13 -66881.15423382352
 58 9 10 9 9 13 -68373.17223808677
 59 9 11 8 9 13 -69777.26492978212
 60 9 11 8 9 13 -71192.75681153453
 61 10 9 8 10 13 -72702.80031176443
 62 10 9 8 10 13 -74203.37773621707
 63 11 9 8 10 12 -75789.11861087994
 64 10 8 9 10 13 -77380.01604537427
 65 9 9 9 10 13 -78901.80285817948
 66 10 9 8 10 13 -80412.19632731876
 67 10 8 9 10 13 -82004.74599211628
 68 10 9 8 10 13 -83515.48250967241
 69 10 9 8 10 13 -85039.1332375842
 70 10 9 8 10 13 -86558.95826498893
 71 11 9 7 10 13 -88071.18084976026
 72 10 9 8 10 13 -89591.7404767841
 73 11 10 7 10 12 -91122.84587689204
 74 9 9 9 10 13 -92639.13189747013
 75 10 9 8 10 13 -94146.76468182796
 76 10 9 8 10 13 -95665.81609774941
 77 10 9 8 10 13 -97191.37296979722
 78 10 10 8 9 13 -98711.78511243462
 79 10 10 8 9 13 -100202.73129461685
 80 9 10 9 9 13 -101704.63308114793
 81 10 10 8 9 13 -103234.44621086506
 82 10 10 8 9 13 -104764.82869041497
 83 10 10 8 9 13 -106282.28473449498
 84 10 9 9 9 13 -107915.39672321282
 85 10 9 9 9 13 -109527.25045246346
 86 10 10 8 9 13 -111028.3545232581
 87 11 9 9 9 12 -112722.37349888618
 88 10 9 9 9 13 -114303.07620755637
 89 10 10 8 9 13 -115803.58632461373
 90 10 9 9 9 13 -117400.3578493731
 91 10 9 10 9 12 -119073.08413638176
 92 10 9 10 9 12 -120748.83484289756
 93 10 10 8 9 13 -122240.52665994018
 94 10 8 9 10 13 -123855.08105422725
 95 10 9 9 9 13 -125447.58226654572
 96 10 10 8 9 13 -126946.28127972668
 97 10 9 9 9 13 -128551.5625869655
 98 9 10 9 9 13 -130062.33897384536
 99 10 8 9 10 13 -131652.6939403888
 100 10 10 8 9 13 -133150.14181516392
 101 10 9 10 9 12 -134810.74777714154
 102 10 8 9 10 13 -136413.235147244
 103 10 10 8 9 13 -137913.7545435935
 104 10 10 8 9 13 -139415.24706205347
 105 10 9 8 10 13 -140926.9622430037
 106 10 8 8 11 13 -142468.07576476588
 107 9 7 10 11 13 -144097.50952656099
 108 9 9 9 10 13 -145616.00405148562
 109 11 8 9 10 12 -147336.33367690633
 110 10 9 9 10 12 -148946.65858134654
 111 11 9 8 10 12 -150584.78388897335
 112 11 8 8 11 12 -152195.0801819878
 113 12 8 8 10 12 -153894.79477050304
 114 10 9 8 10 13 -155402.99106544026
 115 10 9 8 10 13 -156903.4272967167
 116 10 7 9 11 13 -158511.31261134145
 117 10 8 8 11 13 -160030.78595098737
 118 10 9 8 10 13 -161542.58985570254
 119 10 9 8 10 13 -163040.56958846338
 120 10 9 8 10 13 -164552.2976975819
 121 10 8 9 10 13 -166164.969190541
 122 9 7 10 11 13 -167765.34509125116
 123 10 7 9 11 13 -169371.60861967414
 124 10 7 9 11 13 -170985.2221358429
 125 9 8 9 11 13 -172499.22922936917
 126 10 8 9 10 13 -174115.7669656824
 127 10 7 9 11 13 -175742.4764298568
 128 10 8 8 11 13 -177284.42802298703
 129 10 8 8 11 13 -178826.19871770102
 130 11 8 8 11 12 -180436.6257682509
 131 11 9 8 10 12 -182040.45843814284
 132 11 8 8 11 12 -183652.56782397296
 133 10 8 8 11 13 -185178.832716546
 134 10 8 8 11 13 -186688.21200499005
 135 10 7 9 11 13 -188284.16127531452
 136 10 7 9 11 13 -189889.27102177148
 137 10 8 8 11 13 -191415.25038499015
 138 10 7 9 11 13 -193043.40654145923
 139 10 7 9 11 13 -194674.33593265343
 140 10 8 8 11 13 -196216.7551119241
 141 9 10 8 10 13 -197652.4861958563
 142 9 10 7 11 13 -198978.65052930702
 143 10 7 9 11 13 -200608.3184676027
 144 11 9 8 10 12 -202116.1690850001
 145 12 9 8 10 11 -203710.5832719977
 146 12 9 8 10 11 -205309.820793747
 147 12 9 8 10 11 -206892.69881555103
 148 11 8 9 10 12 -208503.31801065287
 149 11 9 9 9 12 -210090.62655105704
 150 11 9 9 9 12 -211690.61742195967
 151 11 9 9 9 12 -213288.4742392832
 152 11 9 9 9 12 -214872.76610118643
 153 11 9 9 9 12 -216482.84842540286
 154 11 9 9 9 12 -218079.81612772707
 155 11 9 9 9 12 -219653.7942076944
 156 11 9 9 9 12 -221235.441976899
 157 11 9 9 9 12 -222814.05313083573
 158 11 9 9 9 12 -224419.44884582754
 159 11 8 9 10 12 -226048.14629871375
 160 10 10 7 10 13 -227417.9334292799
 161 9 9 9 10 13 -228835.21110730528
 162 10 9 8 10 13 -230268.87184034757
 163 10 8 10 10 12 -231858.91642756815
 164 12 8 8 10 12 -233431.71174742782
 165 13 8 8 10 11 -235111.12570710364
 166 13 7 7 11 12 -236715.00637791815
 167 11 7 9 10 13 -238312.04642951864
 168 12 8 7 10 13 -239788.22374493984
 169 12 7 9 10 12 -241469.82966875297
 170 12 9 7 10 12 -242992.2587646547
 171 11 8 8 10 13 -244530.7888029723
 172 11 8 8 10 13 -246021.57992020395
 173 11 8 9 9 13 -247570.1915053672
 174 12 8 8 9 13 -249162.6570428711
 175 11 8 9 9 13 -250741.52367278904
 176 12 8 8 9 13 -252320.9049744699
 177 11 8 9 9 13 -253882.1457949258
 178 12 8 8 9 13 -255467.7822732089
 179 12 8 8 9 13 -257040.75456502222
 180 11 9 8 9 13 -258547.9649149068
 181 11 8 8 10 13 -260044.47960702394
 182 12 7 8 10 13 -261651.76719789623
 183 12 8 7 10 13 -263164.83753694734
 184 12 8 7 10 13 -264699.60012186423
 185 11 8 8 10 13 -266201.7508675743
 186 11 8 8 10 13 -267691.8930238753
 187 12 9 7 9 13 -269237.1545301222
 188 10 9 9 9 13 -270737.6732296455
 189 10 8 9 10 13 -272228.51840441587
 190 11 7 9 10 13 -273803.95118150854
 191 11 7 9 10 13 -275417.1381745925
 192 11 8 8 10 13 -276960.7609328426
 193 10 9 8 10 13 -278389.30711195193
 194 11 8 8 10 13 -279907.58399094944
 195 10 8 9 10 13 -281451.9141316314
 196 12 7 8 10 13 -283053.44955477014
 197 11 7 9 10 13 -284682.74186015665
 198 11 8 9 9 13 -286299.7824878348
 199 11 9 8 9 13 -287796.90577188
 199 11 9 8 9 13 -289285.8804415893
 199 11 8 9 9 13 -290881.22034142853
 200 10 9 9 9 13 -292378.215739248
 201 12 8 8 9 13 -293980.96847090346
 202 11 9 8 9 13 -295488.6808274474
 203 12 8 8 9 13 -297076.0414387712
 204 11 8 8 10 13 -298588.3111462819
 205 11 8 8 10 13 -300102.0354147739
 206 11 8 8 10 13 -301627.3471564267
 207 11 7 9 10 13 -303257.2609101373
 208 12 8 7 10 13 -304747.30166353134
 209 11 7 9 10 13 -306362.2455009922
 210 10 8 8 10 14 -307785.16286136006
 211 11 9 7 9 14 -309244.9878405279
 212 11 8 7 10 14 -310693.7122592783
 213 10 7 9 10 14 -312197.0933793686
 214 11 7 8 10 14 -313708.7522514534
 215 10 7 9 10 14 -315230.1241466634
 216 11 7 8 10 14 -316749.81080246705
 217 12 7 8 10 13 -318371.28709873767
 218 11 8 8 10 13 -319950.5496946377
 219 12 9 6 10 13 -321411.5574535264
 220 10 8 10 9 13 -322991.0402825742
 221 11 7 9 10 13 -324601.71040569816
 222 11 7 9 10 13 -326222.6973404929
 223 11 8 8 10 13 -327728.324179225
 224 10 8 9 10 13 -329219.2598708323
 225 10 9 8 10 13 -330663.56592665665
 226 11 7 9 10 13 -332257.68873464613
 227 11 8 9 9 13 -333861.08337014384
 228 11 9 8 9 13 -335376.92811382184
 229 11 9 8 9 13 -336898.2759627564
 230 11 9 8 9 13 -338386.0475316562
 231 11 8 9 9 13 -339935.5205922888
 232 11 8 9 9 13 -341517.4104297764
 233 11 7 9 10 13 -343149.930154522
 234 11 9 8 9 13 -344653.4279427174
 235 12 8 8 9 13 -346247.9843200809
 236 11 7 9 10 13 -347857.3423421571
 237 11 7 10 10 12 -349541.9959672708
 238 12 8 9 9 12 -351248.6271846701
 239 11 8 8 10 13 -352800.49165325856
 240 11 7 9 10 13 -354393.44951623277
 241 11 7 9 10 13 -355995.4757217189
 242 11 7 10 10 12 -357690.299407786
 243 11 7 9 10 13 -359310.8974405303
 244 11 7 9 10 13 -360924.3366752725
 245 11 7 9 10 13 -362532.1445875189
 246 12 8 8 9 13 -364138.71651349135
 247 12 8 8 9 13 -365753.27063041547
 248 11 9 8 9 13 -367243.5002848397
 249 11 8 9 9 13 -368869.20791815664
 250 11 8 9 9 13 -370466.4525792418
 251 11 7 9 10 13 -372096.2426648331
 252 11 7 9 10 13 -373711.8253017568
 253 11 7 9 10 13 -375327.82162087725
 254 11 7 9 10 13 -376927.6849570371
 255 11 8 9 9 13 -378533.4936555784
 256 11 8 9 9 13 -380137.4976261591
 257 11 8 9 9 13 -381729.66244839045
 258 11 7 9 10 13 -383354.1379053138
 259 11 8 8 10 13 -384864.11121438036
 260 11 7 9 10 13 -386498.5966438568
 261 10 8 9 10 13 -388035.1155462626
 262 11 8 8 10 13 -389557.16663975216
 263 11 7 9 10 13 -391171.9398614105
 264 11 8 8 10 13 -392695.2034256591
 265 11 8 8 10 13 -394228.3963577478
 266 11 8 8 10 13 -395741.5198933798
 267 11 7 9 10 13 -397369.31352179917
 268 11 8 8 10 13 -398900.35685323394
 269 11 8 8 10 13 -400424.9710848162
 270 11 8 8 10 13 -401950.0396535945
 271 11 7 9 10 13 -403545.451515409
 272 11 8 9 9 13 -405152.85229601816
 273 11 8 9 9 13 -406762.0651902966
 274 11 9 8 9 13 -408273.4891260959
 275 11 9 8 9 13 -409773.74972518795
 276 10 7 10 10 13 -411374.9827225205
 277 11 7 9 10 13 -412978.8978880598
 278 11 7 9 10 13 -414586.5707833037
 279 11 7 9 10 13 -416213.55986951134
 280 11 7 9 10 13 -417870.1235117202
 281 11 8 8 10 13 -419398.3565907412
 282 10 7 10 10 13 -421014.68068568036
 283 11 8 8 10 13 -422526.4197990839
 284 11 8 8 10 13 -424034.16099174274
 285 11 7 9 10 13 -425609.59245220624
 286 11 8 9 9 13 -427190.8274977093
 287 10 8 10 9 13 -428772.474433433
 288 11 8 9 9 13 -430366.61935314356
 289 11 9 8 9 13 -431873.33838925493
 290 11 8 8 10 13 -433375.6015042749
 291 11 8 8 10 13 -434892.85548702034
 292 11 7 9 10 13 -436487.53100090136
 293 11 7 9 10 13 -438079.16855086864
 294 11 7 9 10 13 -439674.77288478805
 295 11 7 9 10 13 -441281.41129362374
 296 11 8 9 9 13 -442888.52881351
 297 10 7 10 10 13 -444512.0519579451
 298 11 7 9 10 13 -446120.43132797437
 299 11 7 9 10 13 -447729.265959217
 300 11 7 9 10 13 -449307.64521583944
 301 11 7 9 10 13 -450895.8999037833
 302 10 8 10 9 13 -452492.4814060703
 303 11 9 8 9 13 -453972.49637203524
 304 11 9 8 9 13 -455484.4487522798
 305 11 8 9 9 13 -457070.4003766624
 306 11 8 9 9 13 -458658.71826250904
 307 11 9 8 9 13 -460163.2672684038
 308 10 10 8 9 13 -461563.00438907766
 309 11 9 8 9 13 -463065.07397000067
 310 10 9 9 9 13 -464552.90626414306
 311 11 7 9 10 13 -466135.05893150746
 312 11 7 9 10 13 -467738.948846089
 313 11 8 9 9 13 -469325.1243038536
 313 10 7 10 10 13 -470887.5862054752
 314 11 7 9 10 13 -472478.0278492108
 315 12 7 8 10 13 -474066.34638416657
 316 11 7 9 10 13 -475667.80528974556
 317 11 8 9 9 13 -477262.0756683908
 318 11 7 9 10 13 -478862.91654425574
 319 11 7 9 10 13 -480452.08739729057
 320 11 7 9 10 13 -482041.0423753918
 321 11 6 9 10 14 -483630.1931754287
 322 11 6 9 10 14 -485218.24048458604
 323 11 6 9 10 14 -486825.7184585707
 324 11 7 8 10 14 -488328.630154479
 325 11 6 9 10 14 -489921.1822051752
 326 10 7 10 9 14 -491508.5814221908
 327 11 5 9 11 14 -493097.5654031113
 328 11 5 9 11 14 -494693.2719521691
 329 11 5 9 11 14 -496280.6980669198
 330 11 5 9 11 14 -497870.21559599636
 331 10 5 10 11 14 -499465.275114473
 332 11 6 8 11 14 -500991.2542337544
 333 11 6 9 10 14 -502570.5744653174
 334 11 6 9 10 14 -504153.9301347193
 335 11 5 9 11 14 -505727.27637624525
 336 11 5 9 11 14 -507343.8560189025
 337 11 5 9 11 14 -508931.4907460656
 338 11 6 9 10 14 -510499.47386656224
 339 11 6 9 10 14 -512090.5643644412
 340 10 6 10 10 14 -513661.7785788788
 341 11 6 9 10 14 -515239.0157158731
 342 11 6 9 10 14 -516829.7448050579
 343 11 6 9 10 14 -518416.4454351511
 344 11 6 9 10 14 -519988.0202351984
 345 11 6 9 10 14 -521600.9090544397
 346 11 6 10 10 13 -523282.5650483144
 347 11 6 9 10 14 -524896.3804332139
 348 11 6 8 11 14 -526451.5031242454
 349 11 6 8 11 14 -527999.511813356
 350 12 6 7 11 14 -529508.2565776084
 351 10 5 10 11 14 -531108.3081327484
 352 11 5 9 11 14 -532730.8204358879
 353 11 5 9 11 14 -534353.1306876042
 354 11 6 8 11 14 -535892.6228429067
 355 11 6 9 10 14 -537529.2751220815
 356 11 5 9 11 14 -539137.2215289514
 357 12 5 8 11 14 -540740.9061030825
 358 11 6 9 10 14 -542312.5589017736
 359 11 6 9 10 14 -543904.642938333
 360 13 5 7 11 14 -545491.7323550057
 361 12 5 8 11 14 -547083.8118300277
 362 11 5 9 11 14 -548667.8696465623
 363 11 5 9 11 14 -550267.7804554021
 364 11 5 9 11 14 -551846.4012992341
 365 11 5 9 11 14 -553456.7966407995
 366 11 5 9 11 14 -555034.9990344219
 367 12 5 8 11 14 -556600.4494465363
 368 11 6 9 10 14 -558168.5436602008
 369 11 6 9 10 14 -559752.3838744642
 370 11 7 8 10 14 -561248.2980738309
 371 11 7 8 10 14 -562772.4169074312
 372 11 6 9 10 14 -564344.4788988217
 373 11 5 9 11 14 -565965.152219973
 374 11 6 8 11 14 -567470.2353554822
 375 11 7 8 10 14 -568982.086998039
 376 11 6 8 11 14 -570512.0367217571
 377 10 6 9 11 14 -572033.7757657025
 378 11 6 8 11 14 -573517.6687625312
 379 11 6 8 11 14 -575021.4611262949
 380 12 5 8 11 14 -576639.2604356218
 381 11 5 9 11 14 -578267.3298626355
 382 11 6 9 10 14 -579849.3542961685
 383 11 6 9 10 14 -581420.8998071612
 384 11 6 9 10 14 -583031.6751258558
 385 11 7 8 10 14 -584509.7985566303
 386 11 5 9 11 14 -586120.4842917442
 387 11 6 8 11 14 -587639.6601643282
 388 11 5 9 11 14 -589239.4602151247
 389 11 5 9 11 14 -590826.2860543999
 390 12 5 9 11 13 -592501.0061870186
 391 11 5 9 11 14 -594127.9952471014
 392 11 6 9 10 14 -595709.3477458013
 393 11 6 9 10 14 -597269.0378049576
 394 11 5 9 11 14 -598837.6508217623
 395 10 7 8 11 14 -600268.6160924127
 396 11 7 8 10 14 -601762.585737194
 397 11 6 9 10 14 -603329.8708243633
 398 11 5 9 11 14 -604956.2081333584
 399 11 6 8 11 14 -606449.7640286864
 400 11 6 8 11 14 -607953.7481973105
 401 11 5 9 11 14 -609562.8621629946
 402 10 6 10 10 14 -611138.0751492049
 403 12 6 9 10 13 -612816.6555010305
 404 12 6 8 11 13 -614403.1706319018
 405 11 6 8 11 14 -615908.8844423
 406 11 5 9 11 14 -617498.9692509633
 407 11 5 9 11 14 -619073.9622646515
 408 11 5 9 11 14 -620682.6607117265
 409 10 6 9 11 14 -622183.0205331186
 410 10 7 8 11 14 -623609.3533830552
 411 11 7 8 10 14 -625096.1206431653
 412 11 6 9 10 14 -626680.6044424943
 413 11 6 9 10 14 -628248.1222954534
 414 11 6 9 10 14 -629813.4890817736
 415 11 6 9 10 14 -631396.7804038147
 416 11 5 9 11 14 -632981.9279644192
 417 11 6 9 10 14 -634587.1584106698
 418 11 7 8 10 14 -636087.1996714914
 419 11 7 8 10 14 -637574.7057764069
 420 11 6 8 11 14 -639059.1809118219
 421 11 5 9 11 14 -640662.7861377595
 422 12 6 8 10 14 -642208.5173964765
 423 11 5 9 11 14 -643787.4142205367
 424 12 5 8 11 14 -645381.8683194985
 425 12 5 8 11 14 -646982.7857812792
 426 12 5 8 11 14 -648551.8014858139
 427 11 5 9 11 14 -650154.1068855954
 428 11 6 8 11 14 -651665.2565019839
 429 12 5 9 11 13 -653337.7469580476
 430 11 5 9 11 14 -654900.7528063692
 431 11 5 9 11 14 -656480.1089441212
 432 12 6 8 10 14 -658069.7591755553
 433 11 6 9 10 14 -659659.3139164675
 434 11 5 9 11 14 -661248.7486984145
 435 12 6 7 11 14 -662782.5241815826
 436 10 7 8 11 14 -664193.540845795
 437 10 7 10 10 13 -665781.3338819627
 438 10 7 10 10 13 -667350.523067267
 439 10 7 10 10 13 -668897.3830827546
 440 11 6 10 10 13 -670550.6745224254
 441 11 7 8 10 14 -672013.4787775746
 442 11 6 9 10 14 -673591.2893226226
 443 11 6 9 10 14 -675148.6404401677
 444 11 5 9 11 14 -676730.2105693475
 445 11 5 9 11 14 -678364.2245128569
 446 11 6 8 11 14 -679865.7305307372
 447 11 6 8 11 14 -681364.0789561702
 448 11 5 9 11 14 -682956.1554446152
 449 10 6 9 11 14 -684456.3258010416
 450 11 6 9 10 14 -685995.8541236673
 451 11 6 9 10 14 -687592.0432683327
 452 11 6 9 10 14 -689160.1507118137
 453 11 6 9 10 14 -690754.0663011405
 454 11 5 9 11 14 -692360.550654845
 455 11 5 9 11 14 -693930.2997212522
 456 11 5 10 11 13 -695590.9559039683
 457 11 5 9 11 14 -697197.5348407718
 458 12 5 9 11 13 -698874.857008256
 459 12 5 9 11 13 -700526.8453835434
 460 10 6 10 11 13 -702093.9550606736
 461 11 7 9 9 14 -703668.4713325049
 462 11 7 9 9 14 -705272.1942765879
 463 11 7 9 9 14 -706865.3636710541
 464 11 7 9 9 14 -708447.3170304811
 465 11 7 9 9 14 -710054.4301899944
 466 11 7 9 9 14 -711638.6590752923
 467 11 7 9 9 14 -713239.8467479699
 468 10 7 8 10 15 -714654.8808516186
 469 11 6 9 10 14 -716275.2829116635
 470 11 6 9 10 14 -717907.2430486861
 471 11 7 8 10 14 -719409.0218089446
 472 11 7 9 9 14 -720988.509130793
 473 11 7 9 9 14 -722554.0113535628
 474 11 7 9 9 14 -724117.9789010993
 475 11 7 9 9 14 -725714.1912926835
 476 11 6 9 10 14 -727294.2729146852
 477 11 8 9 10 12 -728989.4353486442
 478 10 9 9 9 13 -730569.276948202
 479 10 8 9 10 13 -732221.22345109
 480 10 7 9 10 14 -733821.6180537302
 481 10 6 10 10 14 -735520.0284286528
 482 10 7 9 10 14 -737178.932759236
 483 10 8 9 9 14 -738803.0538216376
 484 12 9 6 9 14 -740351.7119956816
 485 11 9 6 9 15 -741815.6572501453
 486 10 7 8 10 15 -743318.9176725894
 487 12 7 7 10 14 -744957.293966873
 488 9 7 9 10 15 -746445.3327972103
 489 12 8 6 10 14 -747946.9730516652
 490 13 8 5 10 14 -749512.8268525857
 491 11 7 8 9 15 -751116.7951454998
 492 10 9 7 9 15 -752531.5993161622
 493 10 8 8 9 15 -754053.7471573215
 494 10 9 7 9 15 -755468.3709632385
 495 11 8 6 10 15 -756912.4337579352
 496 11 6 8 10 15 -758544.117906548
 497 11 8 7 9 15 -760066.0515938886
 498 9 8 9 9 15 -761618.4660564777
 499 11 8 6 10 15 -763016.4959487856
 500 10 6 9 10 15 -764657.3058717863
 501 10 8 7 10 15 -766068.9735514562
 502 9 8 9 9 15 -767555.5442990287
 503 11 8 7 9 15 -769068.2991509718
 504 11 8 7 9 15 -770605.1686092486
 505 10 7 8 10 15 -772106.7475920425
 506 10 8 7 10 15 -773540.0295776757
 507 11 6 9 10 14 -775220.8352562812
 508 10 6 9 10 15 -776887.5917699392
 509 10 7 9 9 15 -778507.6576753216
 510 10 7 9 9 15 -780142.3431720494
 511 9 8 8 10 15 -781541.1527576913
 512 9 7 9 10 15 -783082.3157374937
 513 10 7 8 10 15 -784589.8991597954
 514 9 9 7 10 15 -785935.8083358129
 515 10 7 8 10 15 -787474.2497065351
 516 9 8 9 10 14 -789025.5526465584
 517 11 7 8 10 14 -790675.8459776783
 518 8 9 8 10 15 -792026.5172013338
 519 10 8 7 10 15 -793431.6954046899
 520 10 9 6 10 15 -794767.04066326
 521 9 8 8 10 15 -796214.7435005087
 522 9 9 7 10 15 -797538.3682579712
 523 8 10 8 9 15 -798907.5803395818
 524 10 8 7 10 15 -800309.6341074492
 525 9 9 7 10 15 -801664.6330313939
 526 8 9 9 9 15 -803091.3636629876
 527 8 10 8 9 15 -804410.0640943996
 528 8 9 9 9 15 -805809.4591845981
 529 10 9 7 9 15 -807195.8210810113
 530 9 8 8 10 15 -808641.943372619
 531 10 10 6 9 15 -809957.5089687067
 532 9 9 8 9 15 -811371.628773038
 533 9 9 8 9 15 -812749.2668805078
 534 9 8 9 9 15 -814235.730405879
 535 9 9 8 9 15 -815629.0363553817
 536 9 8 8 10 15 -817032.8775325618
 537 10 8 7 10 15 -818430.4624791966
 538 8 7 10 10 15 -819877.4561693983
 539 10 9 7 9 15 -821275.5758609378
 540 9 9 8 9 15 -822686.3854465808
 541 11 9 7 9 14 -824215.4438098611
 542 8 9 9 9 15 -825652.6523084034
 543 10 9 7 9 15 -827066.6621479277
 544 9 8 8 10 15 -828522.3899324283
 545 8 9 8 10 15 -829933.5692141966
 546 10 10 6 9 15 -831289.4351638517
 547 9 8 8 10 15 -832749.528888463
 548 9 8 8 10 15 -834185.7671363137
 549 9 8 8 10 15 -835645.3043478987
 550 10 7 8 10 15 -837165.1433124668
 551 9 7 9 10 15 -838669.4349803444
 552 10 7 8 10 15 -840211.7979885503
 553 10 8 7 10 15 -841666.1248815869
 554 9 6 9 11 15 -843205.8503827077
 555 10 8 8 9 15 -844701.7324510795
 556 9 8 9 9 15 -846224.5860497135
 557 9 8 9 9 15 -847685.9500216965
 558 9 8 9 9 15 -849222.9126788576
 559 11 6 8 10 15 -850806.079994693
 560 11 7 7 10 15 -852374.049390443
 561 11 9 6 10 14 -853842.8585774648
 562 10 8 8 10 14 -855387.9351176296
 563 11 8 7 10 14 -856894.9280003245
 564 10 8 8 10 14 -858426.5644397247
 565 10 8 9 9 14 -860030.7647916325
 566 11 9 7 9 14 -861546.1408578278
 567 11 7 8 10 14 -863151.2457733112
 568 10 8 8 10 14 -864650.5347886153
 569 10 9 8 9 14 -866183.4379034591
 570 10 10 7 9 14 -867580.3274642978
 571 9 10 8 9 14 -868998.8975317357
 572 9 8 9 10 14 -870502.5507495082
 573 9 8 9 10 14 -872024.8119565733
 574 9 8 9 10 14 -873518.4657478072
 575 9 8 9 10 14 -875040.1595031602
 576 10 9 7 10 14 -876499.8243865557
 577 10 9 7 10 14 -877932.5639163866
 578 10 9 7 10 14 -879410.486305332
 579 10 9 7 10 14 -880837.2868181354
 580 10 8 8 10 14 -882399.0624302733
 581 9 7 10 10 14 -884042.0169312783
 582 10 9 8 9 14 -885548.1790080954
 583 10 9 8 9 14 -887059.0480103007
 584 10 8 8 10 14 -888573.7881059408
 585 10 6 9 11 14 -890170.3891482729
 586 10 6 9 11 14 -891775.9448265993
 587 9 8 8 11 14 -893211.946235702
 588 10 6 9 11 14 -894833.2513799573
 589 9 7 9 11 14 -896356.7089633772
 590 11 7 8 10 14 -897962.0220165881
 591 9 7 9 11 14 -899448.6846988527
 592 10 6 9 11 14 -901048.5037794198
 593 9 7 9 11 14 -902579.6875718572
 594 11 7 7 11 14 -904125.7396777745
 595 9 7 9 11 14 -905619.2143247214
 596 11 6 8 11 14 -907248.880973607
 597 10 6 9 11 14 -908861.2262073071
 598 10 8 8 10 14 -910431.0728128386
 599 9 9 8 10 14 -911908.6816266018
 600 10 8 8 10 14 -913460.4548198944
 601 10 7 8 11 14 -915015.6371572543
 602 10 6 9 11 14 -916630.1321300614
 603 10 6 9 11 14 -918282.7516381963
 604 10 7 8 11 14 -919811.2145883092
 605 9 9 8 10 14 -921250.0269800879
 606 9 8 9 10 14 -922771.7907746228
 607 9 8 9 10 14 -924310.0984964147
 608 9 9 8 10 14 -925755.1178904371
 609 9 8 9 10 14 -927284.2468566309
 610 9 9 8 10 14 -928778.0079558333
 611 10 9 7 10 14 -930190.1246566362
 612 9 8 9 10 14 -931683.0646746269
 613 10 6 9 11 14 -933321.59362395
 614 10 7 8 11 14 -934860.0859161614
 615 9 8 9 10 14 -936418.6506348054
 616 10 7 8 11 14 -937932.9256126614
 617 10 6 9 11 14 -939576.6735800308
 618 10 7 8 11 14 -941152.4704351196
 619 11 7 7 11 14 -942724.4548933976
 620 10 8 7 11 14 -944187.9238080006
 621 9 6 11 11 13 -945894.0819593034
 622 11 7 8 11 13 -947565.8988051885
 623 9 7 9 11 14 -949136.6531719591
 624 10 9 7 10 14 -950597.4005441464
 625 11 7 8 11 13 -952251.3115340773
 626 10 8 8 11 13 -953782.673007589
 627 10 7 9 11 13 -955415.2701643493
 628 10 8 8 11 13 -956933.4880996323
 629 10 7 9 11 13 -958545.9175972517
 630 10 8 8 11 13 -960113.9470312856
 631 12 7 7 11 13 -961741.4935776304
 632 10 7 9 11 13 -963377.0399969359
 633 12 8 7 10 13 -964995.0583823184
 634 12 8 7 10 13 -966640.8209842113
 635 12 7 7 11 13 -968310.1732793138
 636 12 7 7 11 13 -969965.2891218639
 637 12 7 7 11 13 -971599.4539196062
 638 12 7 7 11 13 -973248.4964528522
 639 11 8 7 11 13 -974755.7346273012
 640 12 6 8 11 13 -976461.3431245616
 641 12 7 8 10 13 -978170.3001204126
 642 10 8 9 10 13 -979796.2106831304
 643 11 8 8 10 13 -981410.9592916961
 644 11 7 9 10 13 -983093.0414510417
 645 11 7 9 10 13 -984784.4950187777
 646 12 6 8 11 13 -986525.9583787066
 647 12 6 8 11 13 -988240.7477097746
 648 12 7 8 11 12 -989946.8472276096
 649 11 6 9 11 13 -991643.2122247688
 650 11 6 9 11 13 -993332.0223069182
 651 11 6 9 11 13 -995054.9568479459
 652 11 7 9 10 13 -996740.4854492929
 653 10 9 7 11 13 -998180.4158333539
 654 10 8 8 11 13 -999656.612170956
 655 11 7 9 10 13 -1001379.2106763151
 656 12 7 8 10 13 -1003031.7145773037
 657 11 6 9 11 13 -1004757.6091803075
 658 11 6 9 11 13 -1006475.0094705513
 659 10 8 8 11 13 -1008041.567529452
 660 11 7 8 11 13 -1009666.6448838827
 661 11 7 8 11 13 -1011305.9975083004
 662 10 7 9 11 13 -1012912.9813821353
 663 10 9 8 10 13 -1014388.6763142677
 664 10 8 9 10 13 -1016024.8989366981
 665 10 9 8 10 13 -1017521.9836544448
 666 10 9 8 10 13 -1019059.7613487701
 667 10 8 8 11 13 -1020568.6098301327
 668 11 7 8 11 13 -1022179.4733804326
 669 11 7 8 11 13 -1023783.6985920412
 670 11 7 9 10 13 -1025485.3588354987
 671 12 7 9 10 12 -1027262.8650914176
 672 11 6 9 11 13 -1028942.84986164
 673 11 7 8 11 13 -1030568.6669499719
 674 11 8 8 10 13 -1032157.8412050057
 675 11 6 9 11 13 -1033891.8142107351
 676 11 8 8 10 13 -1035503.2921426747
 677 9 7 10 11 13 -1037123.159974274
 678 10 8 8 11 13 -1038657.9821323503
 679 10 6 10 11 13 -1040372.8407806515
 680 11 6 9 11 13 -1042101.505833309
 681 10 6 10 11 13 -1043840.675625331
 682 10 7 9 11 13 -1045445.6866852189
 683 12 7 7 11 13 -1047081.3929829816
 684 10 9 9 10 12 -1048664.2935409183
 685 10 6 10 11 13 -1050326.5085841115
 686 11 7 9 10 13 -1052037.6436963691
 687 9 8 9 11 13 -1053587.7838764791
 688 11 7 8 11 13 -1055193.0673483384
 689 11 6 9 11 13 -1056956.2794991527
 690 10 8 8 11 13 -1058470.1687485508
 691 10 6 10 11 13 -1060206.8581611621
 692 11 8 8 10 13 -1061799.100251833
 693 10 8 9 10 13 -1063453.7611468202
 694 10 8 9 10 13 -1065103.0562014515
 695 12 8 7 10 13 -1066752.1859925473
 696 11 7 9 10 13 -1068461.4547352032
 697 12 7 8 10 13 -1070175.631127092
 698 11 6 9 11 13 -1071927.730742613
 699 12 6 8 11 13 -1073628.7011786487
 700 10 8 8 11 13 -1075126.0448004382
 701 11 7 9 10 13 -1076882.195420121
 702 11 8 8 10 13 -1078540.380844481
 703 12 8 7 10 13 -1080178.4708187757
 704 12 8 7 10 13 -1081790.2449064187
 705 11 9 8 9 13 -1083442.4494116507
 706 11 9 7 10 13 -1084982.5681276836
 707 11 11 6 9 13 -1086406.1689892027
 708 10 8 9 10 13 -1088009.041416382
 709 10 10 8 9 13 -1089520.7688305404
 710 12 9 6 10 13 -1091083.2227615982
 711 12 8 7 10 13 -1092728.8461651802
 712 11 7 8 10 14 -1094405.5544229953
 713 10 8 8 10 14 -1095946.2421593727
 714 11 9 7 9 14 -1097487.6952684813
 715 11 10 6 9 14 -1098936.2004598426
 716 10 9 7 10 14 -1100402.2176006185
 717 12 10 8 9 11 -1102310.9791351848
 718 9 11 9 9 12 -1104050.2205110108
 719 9 12 8 9 12 -1105686.254225603
 720 9 10 9 9 13 -1107405.7797978397
 721 10 10 8 9 13 -1109113.4435763005
 722 10 9 9 9 13 -1110942.8902611863
 723 10 9 9 9 13 -1112766.9359177826
 724 9 10 9 9 13 -1114497.7284582707
 725 10 9 9 9 13 -1116312.2534356131
 726 10 11 7 9 13 -1117925.7408107563
 727 11 10 6 9 14 -1119540.8984128379
 728 10 10 7 9 14 -1121139.499839223
 729 10 9 7 10 14 -1122758.9422465602
 730 10 9 7 10 14 -1124374.3706883125
 731 10 9 7 10 14 -1125958.7090154544
 732 10 9 7 10 14 -1127570.9557827844
 733 10 10 6 10 14 -1129074.5335766415
 734 11 8 7 10 14 -1130771.3704440633
 735 11 8 7 10 14 -1132443.876830671
 736 10 8 8 10 14 -1134124.0206236322
 737 11 8 7 10 14 -1135802.411130095
 738 10 8 8 10 14 -1137484.5283190734
 739 10 9 7 10 14 -1139057.6208260185
 740 10 8 8 10 14 -1140765.5401143238
 741 8 9 9 10 14 -1142384.1798841078
 742 11 9 6 10 14 -1144005.3594740494
 743 10 9 7 10 14 -1145584.1177503846
 744 9 8 9 10 14 -1147274.868830476
 745 10 8 8 10 14 -1148949.0608021033
 746 11 8 7 10 14 -1150608.3049143062
 747 9 10 7 10 14 -1152074.7298346309
 748 10 7 9 10 14 -1153810.635861157
 749 10 10 7 10 13 -1155382.5546147379
 750 9 9 8 10 14 -1156945.9794884324
 751 9 8 9 10 14 -1158604.6261784085
 752 10 7 9 10 14 -1160377.4594875358
 753 11 8 7 10 14 -1162038.7799616389
 754 8 8 10 10 14 -1163694.1084971353
 755 10 8 8 10 14 -1165361.3083308102
 756 10 8 8 10 14 -1167015.1669013177
 757 9 8 9 10 14 -1168691.6102505117
 758 10 10 7 10 13 -1170274.3140570233
 759 10 9 8 10 13 -1171962.197728292
 760 9 9 9 10 13 -1173639.7235344232
 761 11 8 8 10 13 -1175418.0394130885
 762 10 8 8 10 14 -1177114.842916063
 763 11 9 6 10 14 -1178712.963532765
 764 10 9 7 10 14 -1180326.9884548758
 765 11 8 7 10 14 -1182017.1217863548
 766 10 9 7 10 14 -1183617.6281803623
 767 10 8 8 10 14 -1185283.2780867433
 768 9 9 8 10 14 -1186882.0994542416
 769 9 10 7 10 14 -1188363.6679410907
 770 10 9 7 10 14 -1189950.5493187145
 771 10 10 6 10 14 -1191446.4700091637
 772 10 8 8 10 14 -1193108.8484104539
 773 10 9 7 10 14 -1194716.697029419
 774 10 9 7 10 14 -1196294.1138341103
 775 11 9 6 10 14 -1197890.2860024734
 776 11 9 6 10 14 -1199465.2288272157
 777 11 9 6 10 14 -1201063.466774104