 "ticks" "state 0" "state 1" "state 2" "state 3" "state 4" "bioenergy success"
 0 0 0 0 0 50 27497.180000000004
 1 0 0 0 0 50 28750.812497875475
 2 0 0 0 0 50 30018.779909777786
 3 0 0 0 0 50 31203.554923375832
 4 0 0 0 0 50 32464.242270742794
 5 0 0 0 0 50 33653.79795885338
 6 0 0 0 0 50 34991.08870819162
 7 0 0 0 0 50 36291.64365682187
 8 0 0 0 0 50 37455.475352388494
 9 0 0 0 0 50 38766.75870892526
 10 0 0 0 0 50 40102.79575614217
 11 0 0 0 0 50 41382.116353050966
 12 0 0 0 0 50 42669.99370067825
 13 0 0 0 0 50 43987.93625722882
 14 0 0 0 0 50 45311.70554794468
 15 0 0 0 0 50 46671.85072860541
 16 0 0 0 0 50 47954.60016895354
 17 0 0 0 0 50 49267.533687925665
 18 0 0 0 0 50 50597.249994832164
 19 0 0 0 0 50 51948.40309066581
 20 0 0 0 0 50 53261.970337392675
 21 0 0 0 0 50 54610.0941400651
 22 0 0 0 0 50 55942.111357695365
 23 0 0 0 0 50 57232.37151808151
 24 0 0 0 0 50 58501.63401020218
 25 0 0 0 0 50 59770.29050301342
 26 0 0 0 0 50 61062.97024998906
 27 0 0 0 0 50 62344.165566780815
 28 0 0 0 0 50 63632.9580492675
 29 0 0 0 0 50 64873.86900784951
 30 0 0 0 0 50 66112.92839840095
 31 0 0 0 0 50 67400.84155336974
 32 0 0 0 0 50 68640.91725347197
 33 0 0 0 0 50 69922.29828322385
 34 0 0 0 0 50 71293.13085724588
 35 0 0 0 0 50 72500.48425431299
 36 0 0 0 0 50 73718.60483889068
 37 0 0 0 0 50 74993.59832720834
 38 0 0 0 0 50 76285.44384969043
 39 0 0 0 0 50 77549.78511389781
 40 0 0 0 0 50 78795.91311685122
 41 0 0 0 0 50 80024.00711049726
 42 0 0 0 0 50 81348.93864642191
 43 0 0 0 0 50 82521.6894226911
 44 0 0 0 0 50 83741.42412012973
 45 0 0 0 0 50 84934.99397169561
 46 0 0 0 0 50 86136.8318785491
 47 0 0 0 0 50 87373.98868002543
 48 0 0 0 0 50 88608.51384498032
 49 0 0 0 0 50 89746.50600418333
 50 0 0 0 0 50 91000.92670290406
 51 0 0 0 0 50 92197.5601787686
 52 0 0 0 0 50 93426.95890349463
 53 0 0 0 0 50 94705.95213994592
 54 0 0 0 0 50 95849.92323837815
 55 0 0 0 0 50 97068.89133243717
 56 0 0 0 0 50 98248.72312648383
 57 0 0 0 0 50 99503.44813388851
 58 0 0 0 0 50 100744.51826865341
 59 0 0 0 0 50 102012.0340028238
 60 0 0 0 0 50 103234.41333131636
 61 0 0 0 0 50 104457.00659196507
 62 0 0 0 0 50 105723.18440636594
 63 0 0 0 0 50 107009.81134045459
 64 0 0 0 0 50 108302.80656835945
 65 0 0 0 0 50 109576.00065801424
 66 0 0 0 0 50 110767.30009964033
 67 0 0 0 0 50 112063.28909725927
 68 0 0 0 0 50 113332.1214264541
 69 0 0 0 0 50 114504.87556225782
 70 0 0 0 0 50 115707.31299508727
 71 0 0 0 0 50 117019.56724946774
 72 0 0 0 0 50 118244.95245552184
 73 0 0 0 0 50 119465.15618474635
 74 0 0 0 0 50 120712.45222238952
 75 0 0 0 0 50 122008.85295287205
 76 0 0 0 0 50 123355.37327382813
 77 0 0 0 0 50 124582.126417508
 78 0 0 0 0 50 125719.51363716977
 79 0 0 0 0 50 126934.75942946432
 80 0 0 0 0 50 128202.10207364171
 81 0 0 0 0 50 129407.99620981066
 82 0 0 0 0 50 130617.96258801961
 83 0 0 0 0 50 131823.8472091559
 84 0 0 0 0 50 133003.70223305558
 85 0 0 0 0 50 134212.82371833685
 86 0 0 0 0 50 135371.4238142315
 87 0 0 0 0 50 136626.2397242058
 88 0 0 0 0 50 137823.21690225386
 89 0 0 0 0 50 139013.95315956543
 90 0 0 0 0 50 140246.21993868542
 91 0 0 0 0 50 141557.68153011455
 92 0 0 0 0 50 142841.90011278476
 93 0 0 0 0 50 144037.59419515738
 94 0 0 0 0 50 145254.69277213476
 95 0 0 0 0 50 146529.5635544118
 96 0 0 0 0 50 147731.17437219183
 97 0 0 0 0 50 148883.5518253243
 98 0 0 0 0 50 150095.44537078333
 99 0 0 0 0 50 151338.19317890872
 100 0 0 0 0 50 152572.96350073806
 101 0 0 0 0 50 153867.2073026383
 102 0 0 0 0 50 155091.525378841
 103 0 0 0 0 50 156357.17613204886
 104 0 0 0 0 50 157661.94197719434
 105 0 0 0 0 50 158957.70210319647
 106 0 0 0 0 50 160222.09060376056
 107 0 0 0 0 50 161529.09798782037
 108 0 0 0 0 50 162864.4181764504
 109 0 0 0 0 50 164162.99602666884
 110 0 0 0 0 50 165471.13319353678
 111 0 0 0 0 50 166781.5244653441
 112 0 0 0 0 50 168080.70256180372
 113 0 0 0 0 50 169346.5903516648
 114 0 0 0 0 50 170581.58254038478
 115 0 0 0 0 50 171814.43558751539
 116 0 0 0 0 50 173164.47472326818
 117 0 0 0 0 50 174490.00900044505
 118 0 0 0 0 50 175787.78382881527
 119 0 0 0 0 50 177088.5519726685
 120 0 0 0 0 50 178301.54169319294
 121 0 0 0 0 50 179534.88923861604
 122 0 0 0 0 50 180697.58101395323
 123 0 0 0 0 50 181938.71917506796
 124 0 0 0 0 50 183186.3086092677
 125 0 0 0 0 50 184362.55690083548
 126 0 0 0 0 50 185576.18521213933
 127 0 0 0 0 50 186829.09568161948
 128 0 0 0 0 50 188103.51212463816
 129 0 0 0 0 50 189371.04021848578
 130 0 0 0 0 50 190687.33612035098
 131 0 0 0 0 50 191962.409073885
 132 0 0 0 0 50 193178.78261661011
 133 0 0 0 0 50 194449.4845884301
 134 0 0 0 0 50 195699.40194276033
 135 0 0 0 0 50 196928.7814803417
 136 0 0 0 0 50 198126.2965317012
 137 0 0 0 0 50 199322.69485923278
 138 0 0 0 0 50 200511.84481632733
 139 0 0 0 0 50 201782.16966417033
 140 0 0 0 0 50 203073.20571156274
 141 0 0 0 0 50 204424.15715627887
 142 0 0 0 0 50 205654.09421298746
 143 0 0 0 0 50 206886.45810798477
 144 0 0 0 0 50 208478.33426973425
 145 0 0 0 0 50 210016.72914315402
 146 0 0 0 0 50 211598.35465935484
 147 0 0 0 0 50 213180.08305098632
 148 0 0 0 0 50 214806.19406208827
 149 0 0 0 0 50 216400.85953869915
 150 0 0 0 0 50 217951.46318988397
 151 0 0 0 0 50 219523.64276748826
 152 0 0 0 0 50 221140.0460831882
 153 0 0 0 0 50 222691.0147337134
 154 0 0 0 0 50 224314.522529762
 155 0 0 0 0 50 225933.69250755123
 156 0 0 0 0 50 227458.0977016113
 157 0 0 0 0 50 229029.4092789786
 158 0 0 0 0 50 230641.78443859465
 159 0 0 0 0 50 232286.93306191158
 160 0 0 0 0 50 233864.77417284917
 161 0 0 0 0 50 235373.95887103662
 162 0 0 0 0 50 236902.95424507148
 163 0 0 0 0 50 238444.3813136474
 164 0 0 0 0 50 240088.80268017444
 165 0 0 0 0 50 241705.28334657277
 166 0 0 0 0 50 243297.22553449805
 167 0 0 0 0 50 244861.43903553204
 168 0 0 0 0 50 246430.5888157944
 169 0 0 0 0 50 248032.18680721615
 170 0 0 0 0 50 249537.0321036685
 171 0 0 0 0 50 251062.16220363017
 172 0 0 0 0 50 252482.70965499207
 173 0 0 0 0 50 253905.254292755
 174 0 0 0 0 50 255459.9974709584
 175 0 0 0 0 50 256979.7710678467
 176 0 0 0 0 50 258500.1667138167
 177 0 0 0 0 50 260146.6923510863
 178 0 0 0 0 50 261749.57623233032
 179 0 0 0 0 50 263255.0466967951
 180 0 0 0 0 50 264734.070873947
 181 0 0 0 0 50 266279.60976745916
 182 0 0 0 0 50 267837.7635705703
 183 0 0 0 0 50 269383.426210986
 184 0 0 0 0 50 270945.5608676575
 185 0 0 0 0 50 272467.37340997276
 186 0 0 0 0 50 273973.62151591125
 187 0 0 0 0 50 275596.72322500666
 188 0 0 0 0 50 277236.13911519287
 189 0 0 0 0 50 278836.3230724887
 190 0 0 0 0 50 280437.28093420534
 191 0 0 0 0 50 282038.5776404425
 192 0 0 0 0 50 283618.4867521291
 193 0 0 0 0 50 285160.6738240228
 194 0 0 0 0 50 286724.9759853903
 195 0 0 0 0 50 288272.47737413924
 196 0 0 0 0 50 289856.46576533734
 197 0 0 0 0 50 291483.37652232824
 198 0 0 0 0 50 293044.1949042151
 199 0 0 0 0 50 294602.7778498746
 200 0 0 0 0 50 296239.6474539856
 201 0 0 0 0 50 297901.18060870975
 202 0 0 0 0 50 299467.2903428285
 203 0 0 0 0 50 300987.10323312884
 204 0 0 0 0 50 302476.48958377424
 205 0 0 0 0 50 304045.22294338304
 206 0 0 0 0 50 305673.42125065613
 207 0 0 0 0 50 307179.0824327849
 208 0 0 0 0 50 308749.67861955735
 209 0 0 0 0 50 310279.7356864238
 210 0 0 0 0 50 311791.8445423216
 211 0 0 0 0 50 313337.58861936134
 212 0 0 0 0 50 314871.0140488047
 213 0 0 0 0 50 316434.8123057951
 214 0 0 0 0 50 318098.1004094696
 215 0 0 0 0 50 319716.11367650935
 216 0 0 0 0 50 321332.1186670439
 217 0 0 0 0 50 322866.0466268081
 218 0 0 0 0 50 324454.63237490656
 219 0 0 0 0 50 326084.0043216994
 220 0 0 0 0 50 327756.8682901923
 221 0 0 0 0 50 329361.6344554418
 222 0 0 0 0 50 330935.7989425495
 223 0 0 0 0 50 332544.29599766055
 224 0 0 0 0 50 334131.49182924116
 225 0 0 0 0 50 335755.20410867967
 226 0 0 0 0 50 337330.79164778546
 227 0 0 0 0 50 338860.30049789464
 228 0 0 0 0 50 340375.2222663614
 229 0 0 0 0 50 341976.1500998695
 230 0 0 0 0 50 343557.35620653233
 231 0 0 0 0 50 345040.52725914144
 232 0 0 0 0 50 346650.6482361797
 233 0 0 0 0 50 348292.9360307501
 234 0 0 0 0 50 349861.0009976461
 235 0 0 0 0 50 351512.30176956835
 236 0 0 0 0 50 353072.0239204198
 237 0 0 0 0 50 354654.32752417715
 238 0 0 0 0 50 356211.3064510968
 239 0 0 0 0 50 357717.05709437514
 240 0 0 0 0 50 359073.3302083292
 241 0 0 0 0 50 360471.84488564363
 242 0 0 0 0 50 361822.1948595217
 243 0 0 0 0 50 363170.2545929684
 244 0 0 0 0 50 364606.0905542968
 245 0 0 0 0 50 366064.1340644921
 246 0 0 0 0 50 367346.7858583241
 247 0 0 0 0 50 368590.9649562796
 248 0 0 0 0 50 369844.4817599124
 249 0 0 0 0 50 371242.6552890847
 250 0 0 0 0 50 372578.86816293356
 251 0 0 0 0 50 373929.9846910582
 252 0 0 0 0 50 375209.03787060356
 253 0 0 0 0 50 376463.3770120331
 254 0 0 0 0 50 377673.6805952157
 255 0 0 0 0 50 378996.9793179386
 256 0 0 0 0 50 380306.159886332
 257 0 0 0 0 50 381675.4305339769
 258 0 0 0 0 50 382929.6225381563
 259 0 0 0 0 50 384260.0799215425
 260 0 0 0 0 50 385575.048441918
 261 0 0 0 0 50 386962.83232599613
 262 0 0 0 0 50 388186.92178095767
 263 0 0 0 0 50 389312.23054544884
 264 0 0 0 0 50 390736.0857008877
 265 0 0 0 0 50 392023.10555905086
 266 0 0 0 0 50 393316.89116587857
 267 0 0 0 0 50 394731.53503236227
 268 0 0 0 0 50 396016.5568582128
 269 0 0 0 0 50 397397.1507858754
 270 0 0 0 0 50 398750.9505776202
 271 0 0 0 0 50 400091.9133018465
 272 0 0 0 0 50 401381.15354506375
 273 0 0 0 0 50 402668.7462096963
 274 0 0 0 0 50 403955.97527198127
 275 0 0 0 0 50 405336.6958520083
 276 0 0 0 0 50 406588.8130190489
 277 0 0 0 0 50 407892.2154273271
 278 0 0 0 0 50 409261.49543273577
 279 0 0 0 0 50 410417.3218308469
 280 0 0 0 0 50 411643.8932333097
 281 0 0 0 0 50 412791.9287451923
 282 0 0 0 0 50 413983.176253882
 283 0 0 0 0 50 415125.44102216454
 284 0 0 0 0 50 416288.55277490476
 285 0 0 0 0 50 417458.63424893515
 286 0 0 0 0 50 418679.30775699986
 287 0 0 0 0 50 419913.19997293496
 288 0 0 0 0 50 421148.8499007167
 289 0 0 0 0 50 422382.82021316583
 290 0 0 0 0 50 423635.0285893552
 291 0 0 0 0 50 424964.31070941663
 292 0 0 0 0 50 426195.48054531316
 293 0 0 0 0 50 427424.050222983
 294 0 0 0 0 50 428709.1200184468
 295 0 0 0 0 50 429886.969148266
 296 0 0 0 0 50 431009.30426044017
 297 0 0 0 0 50 432243.9771427579
 298 0 0 0 0 50 433560.3810177716
 299 0 0 0 0 50 434933.18221347994
 300 0 0 0 0 50 436232.041100565
 301 0 0 0 0 50 437462.3573718436
 302 0 0 0 0 50 438753.07342259394
 303 0 0 0 0 50 440097.2615113275
 304 0 0 0 0 50 441529.45978164335
 305 0 0 0 0 50 442922.93357354135
 306 0 0 0 0 50 444148.39263691107
 307 0 0 0 0 50 445484.1640761675
 308 0 0 0 0 50 446839.14273573784
 309 0 0 0 0 50 448248.0713748436
 310 0 0 0 0 50 449758.71738825773
 311 0 0 0 0 50 451111.3544993116
 312 0 0 0 0 50 452512.4370511842
 313 0 0 0 0 50 453808.62672768364
 314 0 0 0 0 50 454974.82843920327
 315 0 0 0 0 50 456300.12951259187
 316 0 0 0 0 50 457439.45505111135
 317 0 0 0 0 50 458600.9273010317
 318 0 0 0 0 50 459916.92410644074
 319 0 0 0 0 50 461269.8190733101
 320 0 0 0 0 50 462577.2311607657
 321 0 0 0 0 50 463931.6463232843
 322 0 0 0 0 50 465194.71273167885
 323 0 0 0 0 50 466465.2039177178
 324 0 0 0 0 50 467817.29506397503
 325 0 0 0 0 50 469183.9694006156
 326 0 0 0 0 50 470496.1423397042
 327 0 0 0 0 50 471727.08378634317
 328 0 0 0 0 50 473001.2121076074
 329 0 0 0 0 50 474413.04332597065
 330 0 0 0 0 50 475800.0754952836
 331 0 0 0 0 50 477132.4093582609
 332 0 0 0 0 50 478390.87249618827
 333 0 0 0 0 50 479706.1030019447
 334 0 0 0 0 50 480874.1846313451
 335 0 0 0 0 50 482201.1821361022
 336 0 0 0 0 50 483297.62668580236
 337 0 0 0 0 50 484567.5040333024
 338 0 0 0 0 50 485811.22473110823
 339 0 0 0 0 50 487081.67579738016
 340 0 0 0 0 50 488345.9477616573
 341 0 0 0 0 50 489733.4171803134
 342 0 0 0 0 50 491101.35549551406
 343 0 0 0 0 50 492562.51723469095
 344 0 0 0 0 50 493835.8176144659
 345 0 0 0 0 50 495138.7600053139
 346 0 0 0 0 50 496449.6396651116
 347 0 0 0 0 50 497777.2822076455
 348 0 0 0 0 50 499080.2910256764
 349 0 0 0 0 50 500359.51441367134
 350 0 0 0 0 50 501773.3618924931
 351 0 0 0 0 50 503190.3430894964
 352 0 0 0 0 50 504595.70127964683
 353 0 0 0 0 50 505904.97905126517
 354 0 0 0 0 50 507259.3118246424
 355 0 0 0 0 50 508555.8257324829
 356 0 0 0 0 50 509967.209900022
 357 0 0 0 0 50 511285.4801581486
 358 0 0 0 0 50 512627.38979093276
 359 0 0 0 0 50 513886.8027980971
 360 0 0 0 0 50 515111.90194671944
 361 0 0 0 0 50 516403.2936482819
 362 0 0 0 0 50 517595.2242748905
 363 0 0 0 0 50 518792.6747853811
 364 0 0 0 0 50 520015.4965147442
 365 0 0 0 0 50 521273.24854967673
 366 0 0 0 0 50 522579.22632628126
 367 0 0 0 0 50 523917.2558968269
 368 0 0 0 0 50 525229.1200496418
 369 0 0 0 0 50 526530.0513569283
 370 0 0 0 0 50 527874.4140261239
 371 0 0 0 0 50 529021.4186623243
 372 0 0 0 0 50 530403.4031227692
 373 0 0 0 0 50 531755.1698213569
 374 0 0 0 0 50 533100.0513368159
 375 0 0 0 0 50 534582.4297686949
 376 0 0 0 0 50 536027.476101869
 377 0 0 0 0 50 537387.4307361809
 378 0 0 0 0 50 538627.8517349109
 379 0 0 0 0 50 539928.0590266768
 380 0 0 0 0 50 541240.85902626
 381 0 0 0 0 50 542563.038658664
 382 0 0 0 0 50 543875.0621072495
 383 0 0 0 0 50 545307.9822418134
 384 0 0 0 0 50 546636.766463063
 385 0 0 0 0 50 548018.7004985462
 386 0 0 0 0 50 549513.9211778592
 387 0 0 0 0 50 550912.362075326
 388 0 0 0 0 50 552301.560450745
 389 0 0 0 0 50 553742.9137861376
 390 0 0 0 0 50 555176.5773270357
 391 0 0 0 0 50 556552.039704403
 392 0 0 0 0 50 558003.0339345625
 393 0 0 0 0 50 559334.842023215
 394 0 0 0 0 50 560711.2063688312
 395 0 0 0 0 50 562168.768122831
 396 0 0 0 0 50 563435.6518594882
 397 0 0 0 0 50 564780.6216179425
 398 0 0 0 0 50 565987.6952368292
 399 0 0 0 0 50 567285.5783130185
 400 0 0 0 0 50 568589.3572023938
 401 0 0 0 0 50 569998.5044603343
 402 0 0 0 0 50 571411.585501052
 403 0 0 0 0 50 572643.1709091834
 404 0 0 0 0 50 573957.888093621
 405 0 0 0 0 50 575417.442649483
 406 0 0 0 0 50 576767.9632208212
 407 0 0 0 0 50 578095.2424631173
 408 0 0 0 0 50 579424.750684481
 409 0 0 0 0 50 580779.7273325484
 410 0 0 0 0 50 582169.2574350365
 411 0 0 0 0 50 583425.0056704354
 412 0 0 0 0 50 584638.626634013
 413 0 0 0 0 50 585928.0837132948
 414 0 0 0 0 50 587157.4305394553
 415 0 0 0 0 50 588564.4173365899
 416 0 0 0 0 50 589914.065821385
 417 0 0 0 0 50 591185.6556344221
 418 0 0 0 0 50 592465.2256247042
 419 0 0 0 0 50 593655.3355049886
 420 0 0 0 0 50 595006.289958921
 421 0 0 0 0 50 596232.5136570998
 422 0 0 0 0 50 597388.3156653077
 423 0 0 0 0 50 598704.8304518735
 424 0 0 0 0 50 600070.0814552048
 425 0 0 0 0 50 601414.9113003951
 426 0 0 0 0 50 602623.6805428717
 427 0 0 0 0 50 603961.3904713456
 428 0 0 0 0 50 605172.7111104894
 429 0 0 0 0 50 606352.4584155764
 430 0 0 0 0 50 607532.8835475843
 431 0 0 0 0 50 608795.1949848448
 432 0 0 0 0 50 610041.60764415
 433 0 0 0 0 50 611353.9668419879
 434 0 0 0 0 50 612563.1236318416
 435 0 0 0 0 50 613799.1675466929
 436 0 0 0 0 50 615081.0449068549
 437 0 0 0 0 50 616292.4537095804
 438 0 0 0 0 50 617660.538095905
 439 0 0 0 0 50 618922.0031421978
 440 0 0 0 0 50 620186.3676485675
 441 0 0 0 0 50 621474.2068756203
 442 0 0 0 0 50 622752.9057314273
 443 0 0 0 0 50 624114.7351050787
 444 0 0 0 0 50 625528.1980838857
 445 0 0 0 0 50 626790.2427654262
 446 0 0 0 0 50 628213.7288110348
 447 0 0 0 0 50 629657.545793588
 448 0 0 0 0 50 630934.1895467379
 449 0 0 0 0 50 632306.1212118347
 450 0 0 0 0 50 633604.9286985088
 451 0 0 0 0 50 635015.2791164981
 452 0 0 0 0 50 636493.329055483
 453 0 0 0 0 50 637974.4764933423
 454 0 0 0 0 50 639431.9057192035
 455 0 0 0 0 50 640852.1739997284
 456 0 0 0 0 50 642173.0536381752
 457 0 0 0 0 50 643542.1227610218
 458 0 0 0 0 50 644989.3620274013
 459 0 0 0 0 50 646412.7161466199
 460 0 0 0 0 50 647811.1743478973
 461 0 0 0 0 50 649228.0580871545
 462 0 0 0 0 50 650587.4902709463
 463 0 0 0 0 50 651841.5034800093
 464 0 0 0 0 50 653001.8438061309
 465 0 0 0 0 50 654124.6819728516
 466 0 0 0 0 50 655488.6836880229
 467 0 0 0 0 50 656746.9040159778
 468 0 0 0 0 50 657956.6987865808
 469 0 0 0 0 50 659074.8309262076
 470 0 0 0 0 50 660279.7405672998
 471 0 0 0 0 50 661455.8672044491
 472 0 0 0 0 50 662625.341189943
 473 0 0 0 0 50 663849.3177976402
 474 0 0 0 0 50 665076.9108147101
 475 0 0 0 0 50 666226.7327446153
 476 0 0 0 0 50 667404.6932827275
 477 0 0 0 0 50 668600.4360599732
 478 0 0 0 0 50 669808.0309455375
 479 0 0 0 0 50 670950.8008573118
 480 0 0 0 0 50 671627.8179592739
 481 0 0 0 0 50 672190.0322156745
 482 0 0 0 0 50 672910.3929798119
 483 0 0 0 0 50 673597.3816921127
 484 0 0 0 0 50 674189.9764284103
 485 0 0 0 0 50 674755.7212682908
 486 0 0 0 0 50 675387.5410883032
 487 0 0 0 0 50 675992.73005627
 488 0 0 0 0 50 676762.9166959397
 489 0 0 0 0 50 677376.7735964331
 490 0 0 0 0 50 678100.3627563867
 491 0 0 0 0 50 678657.324616216
 492 0 0 0 0 50 679244.1092440094
 493 0 0 0 0 50 679948.5970091462
 494 0 0 0 0 50 680478.1256679025
 495 0 0 0 0 50 681107.4068791617
 496 0 0 0 0 50 681738.785189666
 497 0 0 0 0 50 682402.8178254674
 498 0 0 0 0 50 683131.0978185176
 499 0 0 0 0 50 683800.1330925782
 500 0 0 0 0 50 684546.5745146784
 501 0 0 0 0 50 685185.1708415761
 502 0 0 0 0 50 685801.9271534603
 503 0 0 0 0 50 686482.2419035658
 504 0 0 0 0 50 687049.6861750586
 505 0 0 0 0 50 687714.6617905737
 506 0 0 0 0 50 688301.4881480705
 507 0 0 0 0 50 688898.8249363627
 508 0 0 0 0 50 689446.3167423555
 509 0 0 0 0 50 689964.6123066716
 510 0 0 0 0 50 690651.0629441921
 511 0 0 0 0 50 691155.7661357739
 512 0 0 0 0 50 691703.2800917382
 513 0 0 0 0 50 692279.0374901908
 514 0 0 0 0 50 692736.6987987824
 515 0 0 0 0 50 693263.0363953884
 516 0 0 0 0 50 693980.6060046278
 517 0 0 0 0 50 694595.7657641129
 518 0 0 0 0 50 695196.7248219091
 519 0 0 0 0 50 695784.5810306403
 520 0 0 0 0 50 696383.5248125772
 521 0 0 0 0 50 696965.9438394583
 522 0 0 0 0 50 697515.8495803112
 523 0 0 0 0 50 698071.7911481007
 524 0 0 0 0 50 698749.364778236
 525 0 0 0 0 50 699406.840714648
 526 0 0 0 0 50 700013.6554430142
 527 0 0 0 0 50 700603.149783763
 528 0 0 0 0 50 701154.4831784188
 529 0 0 0 0 50 701747.3397059996
 530 0 0 0 0 50 702262.7469491964
 531 0 0 0 0 50 702816.4446292712
 532 0 0 0 0 50 703477.8748999041
 533 0 0 0 0 50 704108.9835600097
 534 0 0 0 0 50 704830.8851180775
 535 0 0 0 0 50 705491.5690603858
 536 0 0 0 0 50 706128.8867513288
 537 0 0 0 0 50 706707.5731587494
 538 0 0 0 0 50 707220.4360150257
 539 0 0 0 0 50 707792.9118973332
 540 0 0 0 0 50 708257.7106215815
 541 0 0 0 0 50 708902.2381273824
 542 0 0 0 0 50 709588.5841998341
 543 0 0 0 0 50 710379.666110425
 544 0 0 0 0 50 711098.0470536597
 545 0 0 0 0 50 711788.2786911543
 546 0 0 0 0 50 712505.1905485339
 547 0 0 0 0 50 713241.4731953193
 548 0 0 0 0 50 713984.0302033749
 549 0 0 0 0 50 714589.7715277176
 550 0 0 0 0 50 715379.996445752
 551 0 0 0 0 50 716212.1951495738
 552 0 0 0 0 50 716858.1999301398
 553 0 0 0 0 50 717503.9699096526
 554 0 0 0 0 50 718159.001207512
 555 0 0 0 0 50 718985.132567513
 556 0 0 0 0 50 719700.0960403823
 557 0 0 0 0 50 720342.8557089276
 558 0 0 0 0 50 721031.8419805367
 559 0 0 0 0 50 721714.164238221
 560 0 0 0 0 50 722380.8131541782
 561 0 0 0 0 50 723022.3866995093
 562 0 0 0 0 50 723679.6950888671
 563 0 0 0 0 50 724351.8525758967
 564 0 0 0 0 50 725007.3871497747
 565 0 0 0 0 50 725593.9180072583
 566 0 0 0 0 50 726307.9119894461
 567 0 0 0 0 50 727002.277302275
 568 0 0 0 0 50 727615.7456945202
 569 0 0 0 0 50 728204.6789449252
 570 0 0 0 0 50 728717.1862543257
 571 0 0 0 0 50 729269.9544186336
 572 0 0 0 0 50 729901.5430426232
 573 0 0 0 0 50 730583.5437411601
 574 0 0 0 0 50 731085.7132439654
 575 0 0 0 0 50 731794.079419177
 576 0 0 0 0 50 732485.3528219381
 577 0 0 0 0 50 733066.84265496
 578 0 0 0 0 50 733653.7172290649
 579 0 0 0 0 50 734395.8877079759
 580 0 0 0 0 50 735028.4440102896
 581 0 0 0 0 50 735623.8288767684
 582 0 0 0 0 50 736362.9086393927
 583 0 0 0 0 50 737121.3215491344
 584 0 0 0 0 50 737870.3244050151
 585 0 0 0 0 50 738440.1760185825
 586 0 0 0 0 50 739010.7984325679
 587 0 0 0 0 50 739644.233864764
 588 0 0 0 0 50 740296.3987485581
 589 0 0 0 0 50 741016.6519906269
 590 0 0 0 0 50 741746.9684704382
 591 0 0 0 0 50 742391.4531354127
 592 0 0 0 0 50 742975.127026321
 593 0 0 0 0 50 743588.8670007269
 594 0 0 0 0 50 744202.3581653438
 595 0 0 0 0 50 744821.3107264072
 596 0 0 0 0 50 745448.9840434943
 597 0 0 0 0 50 746167.0923365492
 598 0 0 0 0 50 746847.2553132528
 599 0 0 0 0 50 747352.7510983822
 600 0 0 0 0 50 747899.8948848217
 601 0 0 0 0 50 748497.3868260985
 602 0 0 0 0 50 749106.7434271277
 603 0 0 0 0 50 749574.3213934572
 604 0 0 0 0 50 750096.0295517019
 605 0 0 0 0 50 750667.4113617688
 606 0 0 0 0 50 751267.2209159721
 607 0 0 0 0 50 751740.4051182216
 608 0 0 0 0 50 752301.5072310062
 609 0 0 0 0 50 752865.5262715028
 610 0 0 0 0 50 753552.6035672263
 611 0 0 0 0 50 754130.4654397455
 612 0 0 0 0 50 754757.647271505
 613 0 0 0 0 50 755281.1543710515
 614 0 0 0 0 50 755724.370107834
 615 0 0 0 0 50 756287.8846477118
 616 0 0 0 0 50 756866.9105531749
 617 0 0 0 0 50 757453.0447047484
 618 0 0 0 0 50 758152.9022198818
 619 0 0 0 0 50 758703.4164814218
 620 0 0 0 0 50 759313.0673944146
 621 0 0 0 0 50 759873.0260137479
 622 0 0 0 0 50 760564.6024800274
 623 0 0 0 0 50 761109.0971801068
 624 0 0 0 0 50 761712.0016231623
 625 0 0 0 0 50 762255.2255771236
 626 0 0 0 0 50 762946.0022983333
 627 0 0 0 0 50 763438.0331134803
 628 0 0 0 0 50 763987.6624636103
 629 0 0 0 0 50 764515.4119083587
 630 0 0 0 0 50 765005.8175876943
 631 0 0 0 0 50 765676.1109489138
 632 0 0 0 0 50 766194.9208800873
 633 0 0 0 0 50 766923.7217887858
 634 0 0 0 0 50 767412.3183740126
 635 0 0 0 0 50 767946.8489122678
 636 0 0 0 0 50 768542.521107193
 637 0 0 0 0 50 769171.918241039
 638 0 0 0 0 50 769758.0241915142
 639 0 0 0 0 50 770250.1170936137
 640 0 0 0 0 50 770766.253642072
 641 0 0 0 0 50 771350.2842569686
 642 0 0 0 0 50 771877.6875048581
 643 0 0 0 0 50 772293.1517696913
 644 0 0 0 0 50 772732.7607759252
 645 0 0 0 0 50 773291.258101183
 646 0 0 0 0 50 773723.6312234552
 647 0 0 0 0 50 774314.041485516
 648 0 0 0 0 50 774852.5069211698
 649 0 0 0 0 50 775389.5128990014
 650 0 0 0 0 50 775935.1179614924
 651 0 0 0 0 50 776520.3832041356
 652 0 0 0 0 50 777148.1502962164
 653 0 0 0 0 50 777594.157443122
 654 0 0 0 0 50 778063.9299285951
 655 0 0 0 0 50 778553.899354355
 656 0 0 0 0 50 779129.7230667229
 657 0 0 0 0 50 779828.7471464764
 658 0 0 0 0 50 780414.1955416065
 659 0 0 0 0 50 781037.5901268818
 660 0 0 0 0 50 781569.6557782161
 661 0 0 0 0 50 782208.3781606556
 662 0 0 0 0 50 782874.2906152456
 663 0 0 0 0 50 783606.7300279035
 664 0 0 0 0 50 784364.9610575332
 665 0 0 0 0 50 784791.681543535
 666 0 0 0 0 50 785357.9199305282
 667 0 0 0 0 50 786076.4398233055
 668 0 0 0 0 50 786797.317488629
 669 0 0 0 0 50 787486.0804743127
 670 0 0 0 0 50 788044.284687941
 671 0 0 0 0 50 788725.4402217417
 672 0 0 0 0 50 789350.9093821832
 673 0 0 0 0 50 789922.0436561325
 674 0 0 0 0 50 790385.198000957
 675 0 0 0 0 50 790803.7443608973
 676 0 0 0 0 50 791224.8934222719
 677 0 0 0 0 50 791819.3959211531
 678 0 0 0 0 50 792279.8067131568
 679 0 0 0 0 50 792883.4355224951
 680 0 0 0 0 50 793425.473306245
 681 0 0 0 0 50 793933.2170986476
 682 0 0 0 0 50 794481.4341050605
 683 0 0 0 0 50 795035.9094697672
 684 0 0 0 0 50 795606.5002612572
 685 0 0 0 0 50 796234.4959286035
 686 0 0 0 0 50 796879.8111538084
 687 0 0 0 0 50 797547.5080838773
 688 0 0 0 0 50 798160.610298049
 689 0 0 0 0 50 798713.7266216907
 690 0 0 0 0 50 799297.0223771024
 691 0 0 0 0 50 799945.110469445
 692 0 0 0 0 50 800598.125324494
 693 0 0 0 0 50 801352.0598269132
 694 0 0 0 0 50 801893.6442980169
 695 0 0 0 0 50 802560.3275869302
 696 0 0 0 0 50 803153.6577650927
 697 0 0 0 0 50 803770.3058765082
 698 0 0 0 0 50 804354.6157655568
 699 0 0 0 0 50 805018.0519573712
 700 0 0 0 0 50 805532.5189031702
 701 0 0 0 0 50 806148.5399869574
 702 0 0 0 0 50 806731.6082374492
 703 0 0 0 0 50 807462.178586047
 704 0 0 0 0 50 808032.9835684168
 705 0 0 0 0 50 808698.4426544746
 706 0 0 0 0 50 809323.4946838784
 707 0 0 0 0 50 809879.8896908828
 708 0 0 0 0 50 810527.7399661348
 709 0 0 0 0 50 811119.0875331168
 710 0 0 0 0 50 811771.7886675891
 711 0 0 0 0 50 812490.1474103285
 712 0 0 0 0 50 813111.9216297455
 713 0 0 0 0 50 813802.6747628978
 714 0 0 0 0 50 814377.0059044372
 715 0 0 0 0 50 814932.2997291973
 716 0 0 0 0 50 815520.53146149
 717 0 0 0 0 50 816047.2953731208
 718 0 0 0 0 50 816652.6082028104
 719 0 0 0 0 50 817166.5670034103
 720 0 0 0 0 50 817420.4588170468
 721 0 0 0 0 50 817670.5535275452
 722 0 0 0 0 50 817926.4542874853
 723 0 0 0 0 50 818158.4689099219
 724 0 0 0 0 50 818324.3690838293
 725 0 0 0 0 50 818556.5658219549
 726 0 0 0 0 50 818693.9141158958
 727 0 0 0 0 50 818910.0556648953
 728 0 0 0 0 50 819173.2555292249
 729 0 0 0 0 50 819352.4856182992
 730 0 0 0 0 50 819550.7441213145
 731 0 0 0 0 50 819644.1433910741
 732 0 0 0 0 50 819787.9338797454
 733 0 0 0 0 50 819931.6656194999
 734 0 0 0 0 50 820083.0127964811
 735 0 0 0 0 50 820315.6374835095
 736 0 0 0 0 50 820540.4086247539
 737 0 0 0 0 50 820682.9789641415
 738 0 0 0 0 50 820914.8460161138
 739 0 0 0 0 50 821111.2100214991
 740 0 0 0 0 50 821315.4183777791
 741 0 0 0 0 50 821483.3313463564
 742 0 0 0 0 50 821622.3542477498
 743 0 0 0 0 50 821819.2962642062
 744 0 0 0 0 50 821943.4237061664
 745 0 0 0 0 50 822101.8104595903
 746 0 0 0 0 50 822388.8425132452
 747 0 0 0 0 50 822646.5550867144
 748 0 0 0 0 50 822850.07593864
 749 0 0 0 0 50 823065.6429422908
 750 0 0 0 0 50 823259.4777440076
 751 0 0 0 0 50 823448.8335460782
 752 0 0 0 0 50 823617.1046184003
 753 0 0 0 0 50 823804.0906246974
 754 0 0 0 0 50 823944.9266472891
 755 0 0 0 0 50 824101.9664530515
 756 0 0 0 0 50 824261.4744315529
 757 0 0 0 0 50 824393.0102124861
 758 0 0 0 0 50 824496.4670461436
 759 0 0 0 0 50 824634.7939784388
 760 0 0 0 0 50 824790.7390264554
 761 0 0 0 0 50 825006.2660350455
 762 0 0 0 0 50 825205.3265865344
 763 0 0 0 0 50 825443.4882769728
 764 0 0 0 0 50 825659.0105876192
 765 0 0 0 0 50 825902.3790075368
 766 0 0 0 0 50 826088.4405826752
 767 0 0 0 0 50 826229.9430847556
 768 0 0 0 0 50 826390.7937762573
 769 0 0 0 0 50 826544.7797757577
 770 0 0 0 0 50 826826.477236702
 771 0 0 0 0 50 827044.0181850542
 772 0 0 0 0 50 827222.8837126765
 773 0 0 0 0 50 827432.6717497219
 774 0 0 0 0 50 827637.7759652077
 775 0 0 0 0 50 827847.8011976804
 776 0 0 0 0 50 828085.4591780514
 777 0 0 0 0 50 828330.6623847215
 778 0 0 0 0 50 828521.1611400114
 779 0 0 0 0 50 828648.410310351
 780 0 0 0 0 50 828879.1383161248
 781 0 0 0 0 50 829042.40236962
 782 0 0 0 0 50 829182.3259918678
 783 0 0 0 0 50 829322.5994971428
 784 0 0 0 0 50 829554.8245116066
 785 0 0 0 0 50 829795.1292796158
 786 0 0 0 0 50 830008.2594587565
 787 0 0 0 0 50 830254.4361204032
 788 0 0 0 0 50 830454.0192770866
 789 0 0 0 0 50 830637.1677005244
 790 0 0 0 0 50 830851.3780172466
 791 0 0 0 0 50 831005.1325928732
 792 0 0 0 0 50 831186.2413276822
 793 0 0 0 0 50 831351.6622534601
 794 0 0 0 0 50 831528.0691187799
 795 0 0 0 0 50 831770.6346439391
 796 0 0 0 0 50 832004.027790603
 797 0 0 0 0 50 832184.141510562
 798 0 0 0 0 50 832391.2572828296
 799 0 0 0 0 50 832672.7009661943
 800 0 0 0 0 50 832853.7562364668
 801 0 0 0 0 50 833021.8205049257
 802 0 0 0 0 50 833271.6326281632
 803 0 0 0 0 50 833494.2131385929
 804 0 0 0 0 50 833619.0882418364
 805 0 0 0 0 50 833719.9072723571
 806 0 0 0 0 50 833841.7235678727
 807 0 0 0 0 50 834010.0504736657
 808 0 0 0 0 50 834221.0002739388
 809 0 0 0 0 50 834445.7024922563
 810 0 0 0 0 50 834716.2260589967
 811 0 0 0 0 50 834931.3243062655
 812 0 0 0 0 50 835140.338154987
 813 0 0 0 0 50 835436.5133409246
 814 0 0 0 0 50 835619.4017767202
 815 0 0 0 0 50 835856.5041212919
 816 0 0 0 0 50 836062.1127474003
 817 0 0 0 0 50 836262.7822112817
 818 0 0 0 0 50 836459.5638088105
 819 0 0 0 0 50 836653.4705545588
 820 0 0 0 0 50 836882.265927985
 821 0 0 0 0 50 837096.0331640611
 822 0 0 0 0 50 837341.3318375673
 823 0 0 0 0 50 837595.759777556
 824 0 0 0 0 50 837654.0358670513
 825 0 0 0 0 50 837852.606331466
 826 0 0 0 0 50 838019.2403456698
 827 0 0 0 0 50 838194.7921125655
 828 0 0 0 0 50 838443.9550562948
 829 0 0 0 0 50 838665.4948794309
 830 0 0 0 0 50 838939.2392587378
 831 0 0 0 0 50 839150.2518459377
 832 0 0 0 0 50 839356.1507023079
 833 0 0 0 0 50 839536.0483060053
 834 0 0 0 0 50 839671.7942249428
 835 0 0 0 0 50 839968.2343078286
 836 0 0 0 0 50 840161.945793598
 837 0 0 0 0 50 840315.2025880727
 838 0 0 0 0 50 840552.864665385
 839 0 0 0 0 50 840768.2508122843
 840 0 0 0 0 50 840930.8682855096
 841 0 0 0 0 50 841057.11577484
 842 0 0 0 0 50 841187.591320206
 843 0 0 0 0 50 841311.7885690812
 844 0 0 0 0 50 841504.1599732902
 845 0 0 0 0 50 841709.9221140695
 846 0 0 0 0 50 841857.2940697866
 847 0 0 0 0 50 842020.7713810198
 848 0 0 0 0 50 842212.9064534589
 849 0 0 0 0 50 842353.4902653627
 850 0 0 0 0 50 842452.5552896446
 851 0 0 0 0 50 842582.2648177204
 852 0 0 0 0 50 842738.1505172842
 853 0 0 0 0 50 842959.8879493753
 854 0 0 0 0 50 843151.5263741284
 855 0 0 0 0 50 843325.3914753341
 856 0 0 0 0 50 843567.4957500402
 857 0 0 0 0 50 843814.4662271776
 858 0 0 0 0 50 843985.1816589496
 859 0 0 0 0 50 844192.8094951909
 860 0 0 0 0 50 844417.0916156454
 861 0 0 0 0 50 844626.7400766459
 862 0 0 0 0 50 844946.9316528173
 863 0 0 0 0 50 845227.8181170501
 864 0 0 0 0 50 845584.692926161
 865 0 0 0 0 50 845825.5760711036
 866 0 0 0 0 50 846023.1850295569
 867 0 0 0 0 50 846302.5392760499
 868 0 0 0 0 50 846528.102096719
 869 0 0 0 0 50 846804.0150438879
 870 0 0 0 0 50 847036.003127748
 871 0 0 0 0 50 847286.6840563333
 872 0 0 0 0 50 847546.2616437726
 873 0 0 0 0 50 847783.2710190304
 874 0 0 0 0 50 847993.0117971917
 875 0 0 0 0 50 848254.3127342708
 876 0 0 0 0 50 848530.516336724
 877 0 0 0 0 50 848785.0196673928
 878 0 0 0 0 50 849004.5900127107
 879 0 0 0 0 50 849228.3898086384
 880 0 0 0 0 50 849459.9938651343
 881 0 0 0 0 50 849635.4411856097
 882 0 0 0 0 50 849861.9809449194
 883 0 0 0 0 50 850163.8948951166
 884 0 0 0 0 50 850375.1893375138
 885 0 0 0 0 50 850645.333346946
 886 0 0 0 0 50 850901.5051951463
 887 0 0 0 0 50 851192.8713713612
 888 0 0 0 0 50 851444.3911433631
 889 0 0 0 0 50 851663.8427539945
 890 0 0 0 0 50 851883.2598787233
 891 0 0 0 0 50 852186.4216110915
 892 0 0 0 0 50 852496.0342237131
 893 0 0 0 0 50 852643.1798599527
 894 0 0 0 0 50 852792.1993409791
 895 0 0 0 0 50 853076.9391410218
 896 0 0 0 0 50 853278.5801030957
 897 0 0 0 0 50 853603.7824502187
 898 0 0 0 0 50 853811.3883622948
 899 0 0 0 0 50 854052.2884413175
 900 0 0 0 0 50 854338.1883133308
 901 0 0 0 0 50 854606.035192456
 902 0 0 0 0 50 854882.7520431761
 903 0 0 0 0 50 855059.3120957728
 904 0 0 0 0 50 855310.1442368758
 905 0 0 0 0 50 855550.3927010424
 906 0 0 0 0 50 855747.504688704
 907 0 0 0 0 50 855882.2545694511
 908 0 0 0 0 50 856230.9127608909
 909 0 0 0 0 50 856472.309974566
 910 0 0 0 0 50 856733.5321889891
 911 0 0 0 0 50 857042.0097655442
 912 0 0 0 0 50 857372.4900969262
 913 0 0 0 0 50 857631.9818015196
 914 0 0 0 0 50 857883.7813567594
 915 0 0 0 0 50 858122.717119192
 916 0 0 0 0 50 858348.9522878822
 917 0 0 0 0 50 858532.4388452163
 918 0 0 0 0 50 858757.6257113009
 919 0 0 0 0 50 858908.2771455529
 920 0 0 0 0 50 859146.8543647315
 921 0 0 0 0 50 859391.810052638
 922 0 0 0 0 50 859606.3291269976
 923 0 0 0 0 50 859864.0210836866
 924 0 0 0 0 50 860059.1072020151
 925 0 0 0 0 50 860264.0526093553
 926 0 0 0 0 50 860444.8193697049
 927 0 0 0 0 50 860747.68072348
 928 0 0 0 0 50 861101.5402813609
 929 0 0 0 0 50 861493.9638147856
 930 0 0 0 0 50 861725.0785216901
 931 0 0 0 0 50 861991.0702792999
 932 0 0 0 0 50 862308.1035741229
 933 0 0 0 0 50 862569.6413404283
 934 0 0 0 0 50 862789.1385549805
 935 0 0 0 0 50 862977.8003820026
 936 0 0 0 0 50 863124.083288732
 937 0 0 0 0 50 863359.0785934761
 938 0 0 0 0 50 863716.2311040992
 939 0 0 0 0 50 863978.0113853592
 940 0 0 0 0 50 864297.7351502818
 941 0 0 0 0 50 864510.1389840798
 942 0 0 0 0 50 864748.7149518596
 943 0 0 0 0 50 864958.1298945252
 944 0 0 0 0 50 865116.6047706206
 945 0 0 0 0 50 865289.1241333887
 946 0 0 0 0 50 865481.2152081274
 947 0 0 0 0 50 865676.9522947648
 948 0 0 0 0 50 865988.8676280816
 949 0 0 0 0 50 866292.8190229
 950 0 0 0 0 50 866566.3617748483
 951 0 0 0 0 50 866739.8408675739
 952 0 0 0 0 50 866929.6407957296
 953 0 0 0 0 50 867086.5410520763
 954 0 0 0 0 50 867267.5871089338
 955 0 0 0 0 50 867445.540786307
 956 0 0 0 0 50 867684.0874405813
 957 0 0 0 0 50 867879.641064343
 958 0 0 0 0 50 868152.687305197
 959 0 0 0 0 50 868386.2213884059
 960 0 0 0 0 50 868608.0665687282
 961 0 0 0 0 50 868891.5128575828
 962 0 0 0 0 50 869127.3451043931
 963 0 0 0 0 50 869334.6564842792
 964 0 0 0 0 50 869531.6417426236
 965 0 0 0 0 50 869689.7297206494
 966 0 0 0 0 50 869921.3642356084
 967 0 0 0 0 50 870191.5385945312
 968 0 0 0 0 50 870349.987685614
 969 0 0 0 0 50 870481.3249076254
 970 0 0 0 0 50 870639.3183089608
 971 0 0 0 0 50 870913.9522867274
 972 0 0 0 0 50 871120.3141015549
 973 0 0 0 0 50 871378.9934651307
 974 0 0 0 0 50 871547.6191207651
 975 0 0 0 0 50 871734.828535918
 976 0 0 0 0 50 871918.4485973839
 977 0 0 0 0 50 872210.4605376868
 978 0 0 0 0 50 872434.8686492591
 979 0 0 0 0 50 872663.720462007
 980 0 0 0 0 50 872859.3119170396
 981 0 0 0 0 50 873110.7494448606
 982 0 0 0 0 50 873413.2567250986
 983 0 0 0 0 50 873660.6175874979
 984 0 0 0 0 50 873857.9906851201
 985 0 0 0 0 50 874010.6969139096
 986 0 0 0 0 50 874197.0432775978
 987 0 0 0 0 50 874363.8980573629
 988 0 0 0 0 50 874574.1443109764
 989 0 0 0 0 50 874819.5893417852
 990 0 0 0 0 50 874958.7247008894
 991 0 0 0 0 50 875089.7228270211
 992 0 0 0 0 50 875202.4902432514
 993 0 0 0 0 50 875373.6457609602
 994 0 0 0 0 50 875567.5094761758
 995 0 0 0 0 50 875820.1275315194
 996 0 0 0 0 50 875954.5089335025
 997 0 0 0 0 50 876136.7835951291
 998 0 0 0 0 50 876286.6177086129
 999 0 0 0 0 50 876500.4283814761
 1000 0 0 0 0 50 876658.3029973822
 1001 0 0 0 0 50 876800.4136901371
 1002 0 0 0 0 50 876953.2638238196
 1003 0 0 0 0 50 877134.8655902324
 1004 0 0 0 0 50 877222.7637903391
 1005 0 0 0 0 50 877392.9839394371
 1006 0 0 0 0 50 877634.5325522616
 1007 0 0 0 0 50 877769.9010325999
 1008 0 0 0 0 50 877948.9703033732
 1009 0 0 0 0 50 878135.1757927358
 1010 0 0 0 0 50 878346.0850506909
 1011 0 0 0 0 50 878456.8782950864
 1012 0 0 0 0 50 878620.4024985674
 1013 0 0 0 0 50 878802.6766472043
 1014 0 0 0 0 50 878907.051437134
 1015 0 0 0 0 50 879199.3048566837
 1016 0 0 0 0 50 879386.7775030077
 1017 0 0 0 0 50 879558.0208571671
 1018 0 0 0 0 50 879716.2518014574
 1019 0 0 0 0 50 879916.1409874547
 1020 0 0 0 0 50 880051.457692776
 1021 0 0 0 0 50 880372.5241447649
 1022 0 0 0 0 50 880576.0755476282
 1023 0 0 0 0 50 880764.0194001497
 1024 0 0 0 0 50 881010.7392720334
 1025 0 0 0 0 50 881266.8160883923
 1026 0 0 0 0 50 881464.0782702719
 1027 0 0 0 0 50 881674.7117291637
 1028 0 0 0 0 50 881824.6835204907
 1029 0 0 0 0 50 882049.4574935235
 1030 0 0 0 0 50 882238.3801937626
 1031 0 0 0 0 50 882358.0804181307
 1032 0 0 0 0 50 882495.0379512757
 1033 0 0 0 0 50 882629.1664870672
 1034 0 0 0 0 50 882802.3979330062
 1035 0 0 0 0 50 882980.7696429752
 1036 0 0 0 0 50 883136.7087021822
 1037 0 0 0 0 50 883232.9754159207
 1038 0 0 0 0 50 883367.2697972391
 1039 0 0 0 0 50 883493.7920329204
 1040 0 0 0 0 50 883613.9104669254
 1041 0 0 0 0 50 883733.8158394031
 1042 0 0 0 0 50 883974.0509594572
 1043 0 0 0 0 50 884128.181287243
 1044 0 0 0 0 50 884289.0448382761
 1045 0 0 0 0 50 884396.6693434609
 1046 0 0 0 0 50 884535.5083314888
 1047 0 0 0 0 50 884662.8961643062
 1048 0 0 0 0 50 884861.0349695405
 1049 0 0 0 0 50 885046.11619786
 1050 0 0 0 0 50 885267.6869192639
 1051 0 0 0 0 50 885443.6595758717
 1052 0 0 0 0 50 885606.655485536
 1053 0 0 0 0 50 885762.5213394087
 1054 0 0 0 0 50 886038.9955982142
 1055 0 0 0 0 50 886320.7397882123
 1056 0 0 0 0 50 886497.278644792
 1057 0 0 0 0 50 886642.6543383795
 1058 0 0 0 0 50 886835.8194164108
 1059 0 0 0 0 50 887114.6859192222
 1060 0 0 0 0 50 887377.6772854447
 1061 0 0 0 0 50 887592.7092776933
 1062 0 0 0 0 50 887729.4377358578
 1063 0 0 0 0 50 887913.7523532459
 1064 0 0 0 0 50 888142.0896407489
 1065 0 0 0 0 50 888236.4702612513
 1066 0 0 0 0 50 888424.9048837483
 1067 0 0 0 0 50 888507.1549645469
 1068 0 0 0 0 50 888708.5600646399
 1069 0 0 0 0 50 888921.29132423
 1070 0 0 0 0 50 889084.9842815123
 1071 0 0 0 0 50 889280.891846378
 1072 0 0 0 0 50 890394.5519619796
 1073 0 0 0 0 50 891443.6283849445
 1074 0 0 0 0 50 892556.1414466057
 1075 0 0 0 0 50 893518.338233179
 1076 0 0 0 0 50 894461.6583181848
 1077 0 0 0 0 50 895429.521427021
 1078 0 0 0 0 50 896320.9711821846
 1079 0 0 0 0 50 897279.4441999428
 1080 0 0 0 0 50 898309.7488184096
 1081 0 0 0 0 50 899272.6441877146
 1082 0 0 0 0 50 900269.3871124035
 1083 0 0 0 0 50 901242.3463626209
 1084 0 0 0 0 50 902488.5633470101
 1085 0 0 0 0 50 903478.3430345911
 1086 0 0 0 0 50 904482.1098081109
 1087 0 0 0 0 50 905432.2426164928
 1088 0 0 0 0 50 906413.1915128054
 1089 0 0 0 0 50 907351.7549116298
 1090 0 0 0 0 50 908310.9678262498
 1091 0 0 0 0 50 909273.2711092207
 1092 0 0 0 0 50 910357.575831517
 1093 0 0 0 0 50 911328.9621955896
 1094 0 0 0 0 50 912298.718895684
 1095 0 0 0 0 50 913366.4616053785
 1096 0 0 0 0 50 914310.4154918871
 1097 0 0 0 0 50 915279.1200151794
 1098 0 0 0 0 50 916227.7681783533
 1099 0 0 0 0 50 917160.0397605584
 1100 0 0 0 0 50 918097.8040024631
 1101 0 0 0 0 50 919079.3275286546
 1102 0 0 0 0 50 920057.3901116072
 1103 0 0 0 0 50 921199.8979686383
 1104 0 0 0 0 50 922238.3393773101
 1105 0 0 0 0 50 923376.2209977465
 1106 0 0 0 0 50 924463.8189712176
 1107 0 0 0 0 50 925510.9950202736
 1108 0 0 0 0 50 926563.9135660203
 1109 0 0 0 0 50 927652.3103502936
 1110 0 0 0 0 50 928612.547409832
 1111 0 0 0 0 50 929665.7810152738
 1112 0 0 0 0 50 930700.5543278466
 1113 0 0 0 0 50 931777.0648803631
 1114 0 0 0 0 50 932749.5680837434
 1115 0 0 0 0 50 933759.0843014308
 1116 0 0 0 0 50 934801.8715838945
 1117 0 0 0 0 50 935759.8040774635
 1118 0 0 0 0 50 936764.013363145
 1119 0 0 0 0 50 937661.8399658084
 1120 0 0 0 0 50 938566.258713326
 1121 0 0 0 0 50 939506.188064917
 1122 0 0 0 0 50 940441.5231939576
 1123 0 0 0 0 50 941558.7271828176
 1124 0 0 0 0 50 942622.5810266074
 1125 0 0 0 0 50 943557.5620672054
 1126 0 0 0 0 50 944553.9330106874
 1127 0 0 0 0 50 945556.9637881534
 1128 0 0 0 0 50 946665.4261470234
 1129 0 0 0 0 50 947637.3791881177
 1130 0 0 0 0 50 948632.7371709478
 1131 0 0 0 0 50 949672.5932617408
 1132 0 0 0 0 50 950625.0013042879
 1133 0 0 0 0 50 951720.6777671487
 1134 0 0 0 0 50 952708.135567808
 1135 0 0 0 0 50 953806.5925438848
 1136 0 0 0 0 50 955011.4467539693
 1137 0 0 0 0 50 956180.879116417
 1138 0 0 0 0 50 957126.59436249
 1139 0 0 0 0 50 958177.4113409222
 1140 0 0 0 0 50 959208.620621604
 1141 0 0 0 0 50 960198.0351095927
 1142 0 0 0 0 50 961280.771482699
 1143 0 0 0 0 50 962398.279758417
 1144 0 0 0 0 50 963328.0685914085
 1145 0 0 0 0 50 964241.3067541844
 1146 0 0 0 0 50 965267.6028142155
 1147 0 0 0 0 50 966327.448146862
 1148 0 0 0 0 50 967312.1083834104
 1149 0 0 0 0 50 968462.5997696259
 1150 0 0 0 0 50 969615.3115216256
 1151 0 0 0 0 50 970729.0541103504
 1152 0 0 0 0 50 971630.4459159055
 1153 0 0 0 0 50 972628.7855057451
 1154 0 0 0 0 50 973603.5618972677
 1155 0 0 0 0 50 974617.3781065148
 1156 0 0 0 0 50 975593.1248310085
 1157 0 0 0 0 50 976635.1125125679
 1158 0 0 0 0 50 977770.4270293079
 1159 0 0 0 0 50 978719.3301480135
 1160 0 0 0 0 50 979666.9317915406
 1161 0 0 0 0 50 980538.6690958648
 1162 0 0 0 0 50 981469.4025778567
 1163 0 0 0 0 50 982494.7507008462
 1164 0 0 0 0 50 983505.9275637462
 1165 0 0 0 0 50 984480.4785073362
 1166 0 0 0 0 50 985506.2271795875
 1167 0 0 0 0 50 986469.5883053846
 1168 0 0 0 0 50 987331.6198647849
 1169 0 0 0 0 50 988369.9335566321
 1170 0 0 0 0 50 989225.2308658941
 1171 0 0 0 0 50 990224.6230086306
 1172 0 0 0 0 50 991306.9338475375
 1173 0 0 0 0 50 992309.530635249
 1174 0 0 0 0 50 993386.815896268
 1175 0 0 0 0 50 994373.6617129573
 1176 0 0 0 0 50 995357.9584167938
 1177 0 0 0 0 50 996402.648035544
 1178 0 0 0 0 50 997361.882088932
 1179 0 0 0 0 50 998226.3342828151
 1180 0 0 0 0 50 999132.332197524
 1181 0 0 0 0 50 1000128.337349345
 1182 0 0 0 0 50 1001072.6518562903
 1183 0 0 0 0 50 1002046.210900427
 1184 0 0 0 0 50 1003028.3979363488
 1185 0 0 0 0 50 1003965.6180577484
 1186 0 0 0 0 50 1004757.3684367139
 1187 0 0 0 0 50 1005713.9988899892
 1188 0 0 0 0 50 1006701.8802146513
 1189 0 0 0 0 50 1007536.2850600833
 1190 0 0 0 0 50 1008382.8606441132
 1191 0 0 0 0 50 1009292.2276127328
 1192 0 0 0 0 50 1010218.490702496
 1193 0 0 0 0 50 1011072.4793576476
 1194 0 0 0 0 50 1011927.3236473917
 1195 0 0 0 0 50 1012998.7081313834
 1196 0 0 0 0 50 1013946.8617008632
 1197 0 0 0 0 50 1015028.3029614143
 1198 0 0 0 0 50 1016058.8902088213
 1199 0 0 0 0 50 1017007.3267857918
 1200 0 0 0 0 50 1017974.3668959464
 1201 0 0 0 0 50 1018912.9695445459
 1202 0 0 0 0 50 1019779.2710110336
 1203 0 0 0 0 50 1020709.9225712909
 1204 0 0 0 0 50 1021635.6719707547
 1205 0 0 0 0 50 1022636.8069347381
 1206 0 0 0 0 50 1023759.4298346734
 1207 0 0 0 0 50 1024682.191029614
 1208 0 0 0 0 50 1025639.9553950353
 1209 0 0 0 0 50 1026641.462075078
 1210 0 0 0 0 50 1027666.8672624215
 1211 0 0 0 0 50 1028534.8062035539
 1212 0 0 0 0 50 1029431.8069497283
 1213 0 0 0 0 50 1030468.8690345921
 1214 0 0 0 0 50 1031284.542032477
 1215 0 0 0 0 50 1032288.1595189709
 1216 0 0 0 0 50 1033221.8240405236
 1217 0 0 0 0 50 1034260.2783088402
 1218 0 0 0 0 50 1035140.496752443
 1219 0 0 0 0 50 1036133.2920267279
 1220 0 0 0 0 50 1036970.210419996
 1221 0 0 0 0 50 1037740.6890861702
 1222 0 0 0 0 50 1038610.2525118191
 1223 0 0 0 0 50 1039512.3117570094
 1224 0 0 0 0 50 1040384.6403659746
 1225 0 0 0 0 50 1041388.2179187424
 1226 0 0 0 0 50 1042497.4747970095
 1227 0 0 0 0 50 1043543.3275403382
 1228 0 0 0 0 50 1044505.6669033527
 1229 0 0 0 0 50 1045454.9995598074
 1230 0 0 0 0 50 1046334.2951315733
 1231 0 0 0 0 50 1047308.2665847357
 1232 0 0 0 0 50 1048256.4634381995
 1233 0 0 0 0 50 1049210.0942898793
 1234 0 0 0 0 50 1050296.5180629883
 1235 0 0 0 0 50 1051316.1272614228
 1236 0 0 0 0 50 1052197.97678775
 1237 0 0 0 0 50 1053081.419312031
 1238 0 0 0 0 50 1053917.9370399371
 1239 0 0 0 0 50 1054942.8256928306
 1240 0 0 0 0 50 1055977.2522336007
 1241 0 0 0 0 50 1056817.5177406922
 1242 0 0 0 0 50 1057751.6456604758
 1243 0 0 0 0 50 1058803.358775702
 1244 0 0 0 0 50 1059779.0238999124
 1245 0 0 0 0 50 1060699.037759293
 1246 0 0 0 0 50 1061552.568364229
 1247 0 0 0 0 50 1062478.5083702432
 1248 0 0 0 0 50 1063313.5300275376
 1249 0 0 0 0 50 1064277.727185324
 1250 0 0 0 0 50 1065322.7326815347
 1251 0 0 0 0 50 1066311.9547172717
 1252 0 0 0 0 50 1067248.5312088556
 1253 0 0 0 0 50 1068190.8691418325
 1254 0 0 0 0 50 1069182.2719784966
 1255 0 0 0 0 50 1070050.9248866837
 1256 0 0 0 0 50 1071081.5165418289
 1257 0 0 0 0 50 1072056.6190381942
 1258 0 0 0 0 50 1072927.9407181838
 1259 0 0 0 0 50 1073856.3813218405
 1260 0 0 0 0 50 1074731.5059579278
 1261 0 0 0 0 50 1075637.817016887
 1262 0 0 0 0 50 1076469.1622218045
 1263 0 0 0 0 50 1077348.3638416338
 1264 0 0 0 0 50 1078301.4469070735
 1265 0 0 0 0 50 1079220.582319535
 1266 0 0 0 0 50 1080312.8517234894
 1267 0 0 0 0 50 1081196.3829854839
 1268 0 0 0 0 50 1082070.360668499
 1269 0 0 0 0 50 1083037.1064758569
 1270 0 0 0 0 50 1084122.8816607757
 1271 0 0 0 0 50 1085104.6992262057
 1272 0 0 0 0 50 1085968.0584113963
 1273 0 0 0 0 50 1086900.9230501405
 1274 0 0 0 0 50 1087905.2808141073
 1275 0 0 0 0 50 1088959.5145746106
 1276 0 0 0 0 50 1089948.736582376
 1277 0 0 0 0 50 1090807.8144731002
 1278 0 0 0 0 50 1091703.077127797
 1279 0 0 0 0 50 1092625.978338355
 1280 0 0 0 0 50 1093616.7498419844
 1281 0 0 0 0 50 1094624.6434159006
 1282 0 0 0 0 50 1095723.2083478682
 1283 0 0 0 0 50 1096751.796019311
 1284 0 0 0 0 50 1097728.2764234473
 1285 0 0 0 0 50 1098663.4314916236
 1286 0 0 0 0 50 1099682.0241526407
 1287 0 0 0 0 50 1100553.454581519
 1288 0 0 0 0 50 1101539.1689476985
 1289 0 0 0 0 50 1102446.49914244
 1290 0 0 0 0 50 1103335.7556653284
 1291 0 0 0 0 50 1104353.3317274365
 1292 0 0 0 0 50 1105428.3644985862
 1293 0 0 0 0 50 1106506.3615102211
 1294 0 0 0 0 50 1107499.6117122828
 1295 0 0 0 0 50 1108618.843262534
 1296 0 0 0 0 50 1109680.8263739469
 1297 0 0 0 0 50 1110603.4853933996
 1298 0 0 0 0 50 1111588.6992851999
 1299 0 0 0 0 50 1112579.688576266
 1300 0 0 0 0 50 1113603.8226882636
 1301 0 0 0 0 50 1114703.8867527829
 1302 0 0 0 0 50 1115743.6589418938
 1303 0 0 0 0 50 1116637.5664728386
 1304 0 0 0 0 50 1117542.5113766724
 1305 0 0 0 0 50 1118532.9225947333
 1306 0 0 0 0 50 1119462.55393671
 1307 0 0 0 0 50 1120231.795860281
 1308 0 0 0 0 50 1121108.8984344946
 1309 0 0 0 0 50 1122001.965075308
 1310 0 0 0 0 50 1122873.1742879197
 1311 0 0 0 0 50 1123941.3360272064
 1312 0 0 0 0 50 1124933.4423184267
 1313 0 0 0 0 50 1125862.6867348843
 1314 0 0 0 0 50 1126884.5016068744
 1315 0 0 0 0 50 1127853.7962662287
 1316 0 0 0 0 50 1128757.7918028617
 1317 0 0 0 0 50 1129710.0623392088
 1318 0 0 0 0 50 1130759.3159275162
 1319 0 0 0 0 50 1131727.1769020504
 1320 0 0 0 0 50 1132753.4173912664
 1321 0 0 0 0 50 1133747.1990654285
 1322 0 0 0 0 50 1134684.065808447
 1323 0 0 0 0 50 1135745.6077210691
 1324 0 0 0 0 50 1136744.5038002138
 1325 0 0 0 0 50 1137762.925739866
 1326 0 0 0 0 50 1138687.3387105472
 1327 0 0 0 0 50 1139767.8225687938
 1328 0 0 0 0 50 1140835.5980701854
 1329 0 0 0 0 50 1141844.2495510974
 1330 0 0 0 0 50 1142821.0877255995
 1331 0 0 0 0 50 1143818.0305218853
 1332 0 0 0 0 50 1144803.738877028
 1333 0 0 0 0 50 1145827.8809699013
 1334 0 0 0 0 50 1146890.9599378852
 1335 0 0 0 0 50 1147790.2145086704
 1336 0 0 0 0 50 1148677.2225464515
 1337 0 0 0 0 50 1149597.7316547392
 1338 0 0 0 0 50 1150600.1408180338
 1339 0 0 0 0 50 1151669.4455038225
 1340 0 0 0 0 50 1152609.7664904762
 1341 0 0 0 0 50 1153609.1740550746
 1342 0 0 0 0 50 1154681.2367048254
 1343 0 0 0 0 50 1155722.362857709
 1344 0 0 0 0 50 1156705.2044255752
 1345 0 0 0 0 50 1157743.4216196802
 1346 0 0 0 0 50 1158875.7569981453
 1347 0 0 0 0 50 1160011.2336884243
 1348 0 0 0 0 50 1161155.1350878049
 1349 0 0 0 0 50 1162283.5531047857
 1350 0 0 0 0 50 1163310.127483277
 1351 0 0 0 0 50 1164384.3768919895
 1352 0 0 0 0 50 1165434.7260040615
 1353 0 0 0 0 50 1166442.5359439224
 1354 0 0 0 0 50 1167509.6597463144
 1355 0 0 0 0 50 1168600.7653447248
 1356 0 0 0 0 50 1169632.1506447424
 1357 0 0 0 0 50 1170650.251221898
 1358 0 0 0 0 50 1171411.3940229933
 1359 0 0 0 0 50 1172306.5595892596
 1360 0 0 0 0 50 1173260.2406531519
 1361 0 0 0 0 50 1174144.6032731961
 1362 0 0 0 0 50 1175018.1122256005
 1363 0 0 0 0 50 1175897.7872231854
 1364 0 0 0 0 50 1176766.0851065447
 1365 0 0 0 0 50 1177769.1421730823
 1366 0 0 0 0 50 1178763.9009161973
 1367 0 0 0 0 50 1179821.074946476
 1368 0 0 0 0 50 1180887.7867527923
 1369 0 0 0 0 50 1181782.0993857177
 1370 0 0 0 0 50 1182656.4885861499
 1371 0 0 0 0 50 1183559.9075049201
 1372 0 0 0 0 50 1184513.5586067557
 1373 0 0 0 0 50 1185416.1701614943
 1374 0 0 0 0 50 1186448.1423038123
 1375 0 0 0 0 50 1187391.1043480162
 1376 0 0 0 0 50 1188294.2644149992
 1377 0 0 0 0 50 1189234.4741966731
 1378 0 0 0 0 50 1190317.598421885
 1379 0 0 0 0 50 1191276.1850297311
 1380 0 0 0 0 50 1192233.6655901577
 1381 0 0 0 0 50 1193259.6148829958
 1382 0 0 0 0 50 1194268.64984281
 1383 0 0 0 0 50 1195186.9593787387
 1384 0 0 0 0 50 1196079.998892714
 1385 0 0 0 0 50 1196784.2213422307
 1386 0 0 0 0 50 1197802.373569021
 1387 0 0 0 0 50 1198712.5702564789
 1388 0 0 0 0 50 1199552.231338925
 1389 0 0 0 0 50 1200429.7601841916
 1390 0 0 0 0 50 1201335.0341552906
 1391 0 0 0 0 50 1202381.1150743566
 1392 0 0 0 0 50 1203269.2108495554
 1393 0 0 0 0 50 1204015.5746635185
 1394 0 0 0 0 50 1204937.3687723356
 1395 0 0 0 0 50 1205787.5805653874
 1396 0 0 0 0 50 1206593.9690028867
 1397 0 0 0 0 50 1207452.308889226
 1398 0 0 0 0 50 1208377.9811400608
 1399 0 0 0 0 50 1209283.4093151775
 1400 0 0 0 0 50 1210158.472909162
 1401 0 0 0 0 50 1211139.5054184326
 1402 0 0 0 0 50 1212057.072231053
 1403 0 0 0 0 50 1212998.564470336
 1404 0 0 0 0 50 1213906.1413694476
 1405 0 0 0 0 50 1214825.237933338
 1406 0 0 0 0 50 1215758.2252946
 1407 0 0 0 0 50 1216673.9785015825
 1408 0 0 0 0 50 1217588.9016812616
 1409 0 0 0 0 50 1218530.9024837604
 1410 0 0 0 0 50 1219345.971989676
 1411 0 0 0 0 50 1220367.4179518938
 1412 0 0 0 0 50 1221331.2264142088
 1413 0 0 0 0 50 1222373.7559673646
 1414 0 0 0 0 50 1223341.9411390948
 1415 0 0 0 0 50 1224303.8202654133
 1416 0 0 0 0 50 1225130.7362752743
 1417 0 0 0 0 50 1226061.3120537668
 1418 0 0 0 0 50 1226973.5923235922
 1419 0 0 0 0 50 1227935.0855293544
 1420 0 0 0 0 50 1229002.8064322562
 1421 0 0 0 0 50 1229923.1761184328
 1422 0 0 0 0 50 1230992.1022831327
 1423 0 0 0 0 50 1231983.5374036394
 1424 0 0 0 0 50 1232971.6031817275
 1425 0 0 0 0 50 1233879.101706705
 1426 0 0 0 0 50 1234656.4722140438
 1427 0 0 0 0 50 1235403.0564851603
 1428 0 0 0 0 50 1236396.955278261
 1429 0 0 0 0 50 1237330.7176934648
 1430 0 0 0 0 50 1238184.860621381
 1431 0 0 0 0 50 1239112.6545890174
 1432 0 0 0 0 50 1239984.7133183714
 1433 0 0 0 0 50 1240923.832010517
 1434 0 0 0 0 50 1241738.6624880051
 1435 0 0 0 0 50 1242580.4169887854
 1436 0 0 0 0 50 1243662.6621547756
 1437 0 0 0 0 50 1244570.1262008331
 1438 0 0 0 0 50 1245516.3823112089
 1439 0 0 0 0 50 1246444.2504697707
 1440 0 0 0 0 50 1247587.0253327228
 1441 0 0 0 0 50 1248594.8585323151
 1442 0 0 0 0 50 1249568.0100438842
 1443 0 0 0 0 50 1250647.0749407883
 1444 0 0 0 0 50 1251779.5126698099
 1445 0 0 0 0 50 1252884.6731903974
 1446 0 0 0 0 50 1253913.0868899915
 1447 0 0 0 0 50 1254921.0118054403
 1448 0 0 0 0 50 1255936.1854325808
 1449 0 0 0 0 50 1256822.492474535
 1450 0 0 0 0 50 1257732.8628260982
 1451 0 0 0 0 50 1258720.052027732
 1452 0 0 0 0 50 1259695.3590414175
 1453 0 0 0 0 50 1260721.9213169268
 1454 0 0 0 0 50 1261679.7618873555
 1455 0 0 0 0 50 1262620.981904411
 1456 0 0 0 0 50 1263520.4476494505
 1457 0 0 0 0 50 1264521.0943220283
 1458 0 0 0 0 50 1265501.4319350284
 1459 0 0 0 0 50 1266397.255277313
 1460 0 0 0 0 50 1267313.268727721
 1461 0 0 0 0 50 1268240.9630049681
 1462 0 0 0 0 50 1269093.8720057954
 1463 0 0 0 0 50 1269940.8723597717
 1464 0 0 0 0 50 1270961.713100446
 1465 0 0 0 0 50 1271825.5644089403
 1466 0 0 0 0 50 1272648.3936334378
 1467 0 0 0 0 50 1273614.2033694799
 1468 0 0 0 0 50 1274575.23405879
 1469 0 0 0 0 50 1275434.1326973177
 1470 0 0 0 0 50 1276365.0350258541
 1471 0 0 0 0 50 1277333.824607562
 1472 0 0 0 0 50 1278230.0390717783
 1473 0 0 0 0 50 1279114.7852616904
 1474 0 0 0 0 50 1280229.6876346304
 1475 0 0 0 0 50 1281273.8648538857
 1476 0 0 0 0 50 1282372.3869807618
 1477 0 0 0 0 50 1283422.5772060056
 1478 0 0 0 0 50 1284235.3134925151
 1479 0 0 0 0 50 1285146.841598072
 1480 0 0 0 0 50 1286189.427377361
 1481 0 0 0 0 50 1287031.8339767375
 1482 0 0 0 0 50 1287907.4590209278
 1483 0 0 0 0 50 1288745.1705572857
 1484 0 0 0 0 50 1289593.0770161373
 1485 0 0 0 0 50 1290483.659497291
 1486 0 0 0 0 50 1291417.2022847105
 1487 0 0 0 0 50 1292446.5452003516
 1488 0 0 0 0 50 1293327.917715895
 1489 0 0 0 0 50 1294152.1077832198
 1490 0 0 0 0 50 1295093.389820717
 1491 0 0 0 0 50 1295883.176525671
 1492 0 0 0 0 50 1296802.516466369
 1493 0 0 0 0 50 1297739.5614044648
 1494 0 0 0 0 50 1298554.2106600134
 1495 0 0 0 0 50 1299403.9279882144
 1496 0 0 0 0 50 1300217.4268076841
 1497 0 0 0 0 50 1301003.1931072397
 1498 0 0 0 0 50 1301887.1437114496
 1499 0 0 0 0 50 1302746.153768206
 1500 0 0 0 0 50 1303640.8263034387
 1501 0 0 0 0 50 1304600.08305778
 1502 0 0 0 0 50 1305390.3163338897
 1503 0 0 0 0 50 1306203.519599026
 1504 0 0 0 0 50 1307089.2850403485
 1505 0 0 0 0 50 1307999.0604113827
 1506 0 0 0 0 50 1308898.2602009354
 1507 0 0 0 0 50 1309833.9750498515
 1508 0 0 0 0 50 1310719.2009815758
 1509 0 0 0 0 50 1311592.4089432217
 1510 0 0 0 0 50 1312356.7091359256
 1511 0 0 0 0 50 1313112.7252738462
 1512 0 0 0 0 50 1314015.7080212994
 1513 0 0 0 0 50 1314983.1336342846
 1514 0 0 0 0 50 1315939.7361655966
 1515 0 0 0 0 50 1316751.2367901497
 1516 0 0 0 0 50 1317701.789873347
 1517 0 0 0 0 50 1318686.1318196636
 1518 0 0 0 0 50 1319649.2607356978
 1519 0 0 0 0 50 1320695.4292376896
 1520 0 0 0 0 50 1321656.93719293
 1521 0 0 0 0 50 1322640.1303020422
 1522 0 0 0 0 50 1323747.4292695299
 1523 0 0 0 0 50 1324795.3755967044
 1524 0 0 0 0 50 1325779.5360844268
 1525 0 0 0 0 50 1326732.0341257676
 1526 0 0 0 0 50 1327698.4853688376
 1527 0 0 0 0 50 1328475.0480719926
 1528 0 0 0 0 50 1329312.316219082
 1529 0 0 0 0 50 1330067.3018026056
 1530 0 0 0 0 50 1331073.4983582003
 1531 0 0 0 0 50 1331919.5681228922
 1532 0 0 0 0 50 1332753.9228763045
 1533 0 0 0 0 50 1333723.2032090353
 1534 0 0 0 0 50 1334680.2650159865
 1535 0 0 0 0 50 1335580.8848488033
 1536 0 0 0 0 50 1336501.2270622856
 1537 0 0 0 0 50 1337344.0998283892
 1538 0 0 0 0 50 1338254.0964130508
 1539 0 0 0 0 50 1339218.1198513948
 1540 0 0 0 0 50 1340192.1076110974
 1541 0 0 0 0 50 1341116.5316513204
 1542 0 0 0 0 50 1342058.4265343675
 1543 0 0 0 0 50 1343038.1063452717
 1544 0 0 0 0 50 1343937.8494328677
 1545 0 0 0 0 50 1344740.7340851012
 1546 0 0 0 0 50 1345503.7177965776
 1547 0 0 0 0 50 1346271.365003208
 1548 0 0 0 0 50 1347216.335703537
 1549 0 0 0 0 50 1348088.184946858
 1550 0 0 0 0 50 1349015.2841092937
 1551 0 0 0 0 50 1349902.8585481292
 1552 0 0 0 0 50 1350790.3930480995
 1553 0 0 0 0 50 1351665.08976558
 1554 0 0 0 0 50 1352578.8908493647
 1555 0 0 0 0 50 1353616.2964473849
 1556 0 0 0 0 50 1354607.8665019593
 1557 0 0 0 0 50 1355518.9773215211
 1558 0 0 0 0 50 1356487.1707220878
 1559 0 0 0 0 50 1357425.3831046002
 1560 0 0 0 0 50 1358382.3222748176
 1561 0 0 0 0 50 1359400.2513422137
 1562 0 0 0 0 50 1360266.9044399215
 1563 0 0 0 0 50 1361186.141315448
 1564 0 0 0 0 50 1362264.2389462935
 1565 0 0 0 0 50 1363225.890110338
 1566 0 0 0 0 50 1364212.1529567905
 1567 0 0 0 0 50 1365142.3555419336
 1568 0 0 0 0 50 1366014.0285790982
 1569 0 0 0 0 50 1366848.5861785456
 1570 0 0 0 0 50 1367678.7169817644
 1571 0 0 0 0 50 1368611.1672047586
 1572 0 0 0 0 50 1369510.1714078798
 1573 0 0 0 0 50 1370499.7076090586
 1574 0 0 0 0 50 1371331.299121975
 1575 0 0 0 0 50 1372159.7577198364
 1576 0 0 0 0 50 1373042.7060852512
 1577 0 0 0 0 50 1374025.4643985822
 1578 0 0 0 0 50 1375098.7432637
 1579 0 0 0 0 50 1376091.5878530524
 1580 0 0 0 0 50 1376950.407450228
 1581 0 0 0 0 50 1377815.832472287
 1582 0 0 0 0 50 1378736.544258442
 1583 0 0 0 0 50 1379611.6161731007
 1584 0 0 0 0 50 1380588.1103937912
 1585 0 0 0 0 50 1381632.465680531
 1586 0 0 0 0 50 1382509.4728437797
 1587 0 0 0 0 50 1383281.5208520347
 1588 0 0 0 0 50 1384182.753425993
 1589 0 0 0 0 50 1385132.439975547
 1590 0 0 0 0 50 1386013.3593073331
 1591 0 0 0 0 50 1386896.6656840735
 1592 0 0 0 0 50 1387634.1163754035
 1593 0 0 0 0 50 1388493.4118195875
 1594 0 0 0 0 50 1389325.5797014376
 1595 0 0 0 0 50 1390262.9442584224
 1596 0 0 0 0 50 1391197.8590904388
 1597 0 0 0 0 50 1392125.6597782418
 1598 0 0 0 0 50 1393013.1130874462
 1599 0 0 0 0 50 1393847.313158283
 1600 0 0 0 0 50 1394631.3692863123
 1601 0 0 0 0 50 1395501.5626857327
 1602 0 0 0 0 50 1396468.1158579304
 1603 0 0 0 0 50 1397350.0315179164
 1604 0 0 0 0 50 1398383.584241867
 1605 0 0 0 0 50 1399476.6169490365
 1606 0 0 0 0 50 1400449.891676507
 1607 0 0 0 0 50 1401351.054529444
 1608 0 0 0 0 50 1402323.1428308617
 1609 0 0 0 0 50 1403314.470248082
 1610 0 0 0 0 50 1404289.0593991256
 1611 0 0 0 0 50 1405211.716091328
 1612 0 0 0 0 50 1405999.8712054708
 1613 0 0 0 0 50 1406869.170427097
 1614 0 0 0 0 50 1407717.4218030605
 1615 0 0 0 0 50 1408684.7137620165
 1616 0 0 0 0 50 1409666.7595656777
 1617 0 0 0 0 50 1410653.5471297803
 1618 0 0 0 0 50 1411570.7622094534
 1619 0 0 0 0 50 1412477.2564372076
 1620 0 0 0 0 50 1413352.6259177157
 1621 0 0 0 0 50 1414220.8441616287
 1622 0 0 0 0 50 1415094.0329902924
 1623 0 0 0 0 50 1415999.0574088264
 1624 0 0 0 0 50 1416917.7858045455
 1625 0 0 0 0 50 1417968.895628095
 1626 0 0 0 0 50 1418861.00321742
 1627 0 0 0 0 50 1419812.094328351
 1628 0 0 0 0 50 1420690.9376329975
 1629 0 0 0 0 50 1421672.351080434
 1630 0 0 0 0 50 1422618.6082609221
 1631 0 0 0 0 50 1423644.8918070728
 1632 0 0 0 0 50 1424565.194152796
 1633 0 0 0 0 50 1425644.8010876104
 1634 0 0 0 0 50 1426710.286000791
 1635 0 0 0 0 50 1427701.650195716
 1636 0 0 0 0 50 1428688.3848442787
 1637 0 0 0 0 50 1429614.5010720647
 1638 0 0 0 0 50 1430679.9195706262
 1639 0 0 0 0 50 1431727.1769771734
 1640 0 0 0 0 50 1432783.0342447532
 1641 0 0 0 0 50 1433795.353017208
 1642 0 0 0 0 50 1434839.4278320405
 1643 0 0 0 0 50 1435742.7396684492
 1644 0 0 0 0 50 1436634.981554809
 1645 0 0 0 0 50 1437609.4465975577
 1646 0 0 0 0 50 1438381.8881604802
 1647 0 0 0 0 50 1439355.9065503636
 1648 0 0 0 0 50 1440388.9500412142
 1649 0 0 0 0 50 1441298.8783219394
 1650 0 0 0 0 50 1442054.2654946842
 1651 0 0 0 0 50 1442964.0143803041
 1652 0 0 0 0 50 1443697.3627499563
 1653 0 0 0 0 50 1444568.553457459
 1654 0 0 0 0 50 1445367.273647234
 1655 0 0 0 0 50 1446172.6949562589
 1656 0 0 0 0 50 1446950.2262055515
 1657 0 0 0 0 50 1447637.7392408075
 1658 0 0 0 0 50 1448442.410895059
 1659 0 0 0 0 50 1449126.6990276189
 1660 0 0 0 0 50 1450137.1406465813
 1661 0 0 0 0 50 1451120.6951859079
 1662 0 0 0 0 50 1452008.2846712293
 1663 0 0 0 0 50 1452896.3232117165
 1664 0 0 0 0 50 1453758.1527889075
 1665 0 0 0 0 50 1454763.9674271175
 1666 0 0 0 0 50 1455760.4483144716
 1667 0 0 0 0 50 1456833.3876545907
 1668 0 0 0 0 50 1457775.7871354776
 1669 0 0 0 0 50 1458815.887275137
 1670 0 0 0 0 50 1459691.226202962
 1671 0 0 0 0 50 1460579.3627623885
 1672 0 0 0 0 50 1461404.105985238
 1673 0 0 0 0 50 1462335.9002639789
 1674 0 0 0 0 50 1463245.77182387
 1675 0 0 0 0 50 1464242.0258729625
 1676 0 0 0 0 50 1465203.4124018229
 1677 0 0 0 0 50 1466129.0023885213
 1678 0 0 0 0 50 1467043.7696576568
 1679 0 0 0 0 50 1467989.2753948448
 1680 0 0 0 0 50 1468832.8026663552
 1681 0 0 0 0 50 1469789.3347451992
 1682 0 0 0 0 50 1470725.745109703
 1683 0 0 0 0 50 1471722.9007299617
 1684 0 0 0 0 50 1472670.7139472135
 1685 0 0 0 0 50 1473720.2448272908
 1686 0 0 0 0 50 1474587.630405922
 1687 0 0 0 0 50 1475509.8760496292
 1688 0 0 0 0 50 1476456.3392016923
 1689 0 0 0 0 50 1477482.0148413465
 1690 0 0 0 0 50 1478302.9604084217
 1691 0 0 0 0 50 1479328.672244104
 1692 0 0 0 0 50 1480350.625927944
 1693 0 0 0 0 50 1481232.5409710193
 1694 0 0 0 0 50 1482110.026175564