 "ticks" "state 0" "state 1" "state 2" "state 3" "state 4" "bioenergy success"
 0 0 50 0 0 0 27173.97500000001
 1 0 50 0 0 0 28055.183836824574
 2 0 50 0 0 0 28971.13359668011
 3 0 50 0 0 0 29902.22298123208
 4 0 48 2 0 0 30708.088947130364
 5 0 47 3 0 0 31395.030559949013
 6 0 46 4 0 0 32005.691068591448
 7 0 44 6 0 0 32429.52776398536
 8 0 42 8 0 0 32671.558547873654
 9 0 47 3 0 0 33303.7448215198
 10 0 47 3 0 0 33891.7741868386
 11 0 45 5 0 0 34463.980648672645
 12 0 46 4 0 0 35052.339824056806
 13 0 43 7 0 0 35281.82571826514
 14 0 44 6 0 0 35707.05915446374
 15 0 43 7 0 0 36000.7696010345
 16 0 46 4 0 0 36617.85530581679
 17 0 44 6 0 0 37023.881866008815
 18 0 42 8 0 0 37236.799500660454
 19 0 47 3 0 0 37959.799408301435
 20 0 45 5 0 0 38504.52341591909
 21 0 39 11 0 0 38498.10605135262
 22 0 43 7 0 0 38857.71859625019
 23 0 46 4 0 0 39505.544827781385
 24 0 43 7 0 0 39888.97550914094
 25 0 45 5 0 0 40329.716532083956
 26 0 44 6 0 0 40839.4591030645
 27 0 44 6 0 0 41387.50211025125
 28 0 49 1 0 0 42370.888796052874
 29 0 43 7 0 0 42821.11220496616
 30 0 41 9 0 0 43008.90257808533
 31 0 42 8 0 0 43238.702704286705
 32 0 46 4 0 0 43781.016579225965
 33 0 49 1 0 0 44577.49701267171
 34 0 46 4 0 0 45197.71119909095
 35 0 42 8 0 0 45450.027204653336
 36 0 49 1 0 0 46294.91980897456
 37 0 46 4 0 0 46971.07647137293
 38 0 45 5 0 0 47460.68294794958
 39 0 46 4 0 0 48151.037027443366
 40 0 48 2 0 0 48993.15586395027
 41 0 42 8 0 0 49244.64809615012
 42 0 45 5 0 0 49806.99031837831
 43 0 46 4 0 0 50431.34121851134
 44 0 45 5 0 0 50909.48952068
 45 0 44 6 0 0 51402.93355447293
 46 0 47 3 0 0 52193.147996605105
 47 0 45 5 0 0 52701.53658506656
 48 0 45 5 0 0 53306.33315626621
 49 0 41 9 0 0 53506.79269049507
 50 0 39 11 0 0 53573.35756163824
 51 0 46 4 0 0 54185.11850620015
 52 0 48 2 0 0 54973.6473237803
 53 0 47 3 0 0 55669.44485639834
 54 0 42 8 0 0 55968.313629158234
 55 0 40 10 0 0 56057.54659903747
 56 0 45 5 0 0 56549.723904117964
 57 0 45 5 0 0 57091.469942967145
 58 0 46 4 0 0 57733.1234734487
 59 0 45 5 0 0 58373.39277059275
 60 0 43 7 0 0 58686.48502199764
 61 0 43 7 0 0 59005.06595228631
 62 0 47 3 0 0 59748.13737543683
 63 0 46 4 0 0 60434.56706721376
 64 0 46 4 0 0 61111.06104398603
 65 0 45 5 0 0 61715.77466215921
 66 0 44 6 0 0 62224.760562137875
 67 0 47 3 0 0 62970.12225828223
 68 0 48 2 0 0 63767.64283319522
 69 0 43 7 0 0 64176.58614185948
 70 0 44 6 0 0 64638.270291474386
 71 0 46 4 0 0 65337.346460752386
 72 0 44 6 0 0 65796.0019883819
 73 0 49 1 0 0 66682.0730651927
 74 0 45 5 0 0 67250.3374390159
 75 0 43 7 0 0 67645.42890301818
 76 0 41 9 0 0 67858.2830761491
 77 0 48 2 0 0 68727.25784337422
 78 0 43 7 0 0 69136.29628787359
 79 0 41 9 0 0 69284.74165645144
 80 0 47 3 0 0 69940.29396377817
 81 0 44 6 0 0 70433.08561732584
 82 0 47 3 0 0 71154.55828653343
 83 0 45 5 0 0 71650.3225941202
 84 0 48 2 0 0 72452.52218341618
 85 0 44 6 0 0 72930.90793659705
 86 0 44 6 0 0 73394.66520118945
 87 0 49 1 0 0 74353.61984524957
 88 0 46 4 0 0 75062.21890458686
 89 0 43 7 0 0 75436.2041883898
 90 0 47 3 0 0 76190.00618207017
 91 0 43 7 0 0 76617.68726340006
 92 0 41 9 0 0 76732.82633931906
 93 0 45 5 0 0 77269.56233527727
 94 0 45 5 0 0 77819.74821670697
 95 0 46 4 0 0 78485.70033607661
 96 0 44 6 0 0 79016.42100738482
 97 0 46 4 0 0 79629.197139962
 98 0 42 8 0 0 79809.6524001379
 99 0 46 4 0 0 80420.45764026516
 100 0 43 7 0 0 80752.81874693396
 101 0 43 7 0 0 81062.90306392038
 102 0 49 1 0 0 81900.35409045321
 103 0 46 4 0 0 82460.1214858802
 104 0 47 3 0 0 83155.486572186
 105 0 43 7 0 0 83517.05757754834
 106 0 46 4 0 0 84114.36982029841
 107 0 43 7 0 0 84485.83483753171
 108 0 46 4 0 0 85226.9751569218
 109 0 46 4 0 0 85902.57853330944
 110 0 42 8 0 0 86224.34585415931
 111 0 42 8 0 0 86589.75368133542
 112 0 45 5 0 0 87249.53782183296
 113 0 48 2 0 0 88126.67941304177
 114 0 48 2 0 0 88986.48792657797
 115 0 44 6 0 0 89425.8113675681
 116 0 43 7 0 0 89828.27982714698
 117 0 41 9 0 0 90154.1342279903
 118 0 48 2 0 0 91025.87822393057
 119 0 47 3 0 0 91838.29268797206
 120 0 44 6 0 0 92320.41084435215
 121 0 45 5 0 0 92860.0360025342
 122 0 46 4 0 0 93451.6533952694
 123 0 45 5 0 0 94051.6622373771
 124 0 45 5 0 0 94656.70931241415
 125 0 50 0 0 0 95696.41364824498
 126 0 45 5 0 0 96302.65211064155
 127 0 42 8 0 0 96670.54164733319
 128 0 45 5 0 0 97325.25144844489
 129 0 45 5 0 0 98007.64664577866
 130 0 43 7 0 0 98432.25636400007
 131 0 46 4 0 0 99031.22402738134
 132 0 45 5 0 0 99683.29362362392
 133 0 48 2 0 0 100558.01476789563
 134 0 46 4 0 0 101241.12725390015
 135 0 46 4 0 0 101887.31755223701
 136 0 42 8 0 0 102256.03375161342
 137 0 47 3 0 0 103073.48274771552
 138 0 45 5 0 0 103682.89379275963
 139 0 48 2 0 0 104580.5601772268
 140 0 43 7 0 0 104989.59610713147
 141 0 44 6 0 0 105485.97354472014
 142 0 46 4 0 0 106111.64689965275
 143 0 44 6 0 0 106623.80517779612
 144 0 49 1 0 0 107804.48006564827
 145 0 48 2 0 0 108929.28952475736
 146 0 48 2 0 0 110069.15897900886
 147 0 46 4 0 0 110938.98244420471
 148 0 44 6 0 0 111692.41485335241
 149 0 45 5 0 0 112545.29651039807
 150 0 47 3 0 0 113460.6579665841
 151 0 48 2 0 0 114539.56853413748
 152 0 50 0 0 0 115761.32906659199
 153 0 49 1 0 0 116869.02090114847
 154 0 49 1 0 0 117991.73912764422
 155 0 46 4 0 0 118864.75340893301
 156 0 47 3 0 0 119706.24862948059
 157 0 46 4 0 0 120574.12575389499
 158 0 47 3 0 0 121518.82718867002
 159 0 45 5 0 0 122329.63033607071
 160 0 48 2 0 0 123440.5614463562
 161 0 50 0 0 0 124639.82342427543
 162 0 47 3 0 0 125527.33371091988
 163 0 47 3 0 0 126515.00228768568
 164 0 48 2 0 0 127511.58471722247
 165 0 44 6 0 0 128072.71627515502
 166 0 48 2 0 0 129115.04961756419
 167 0 50 0 0 0 130334.21856474738
 168 0 47 3 0 0 131362.38037487282
 169 0 49 1 0 0 132603.20926439727
 170 0 46 4 0 0 133462.55180102529
 171 0 47 3 0 0 134456.25202637303
 172 0 46 4 0 0 135396.1467909452
 173 0 49 1 0 0 136572.1927556479
 174 0 46 4 0 0 137478.989139209
 175 0 46 4 0 0 138404.02262000763
 176 0 49 1 0 0 139536.2321096284
 177 0 48 2 0 0 140596.43099044435
 178 0 49 1 0 0 141768.34767288886
 179 0 48 2 0 0 142737.52107689553
 180 0 45 5 0 0 143448.7313899085
 181 0 49 1 0 0 144653.33624068726
 182 0 48 2 0 0 145620.13521922816
 183 0 47 3 0 0 146587.7898406944
 184 0 44 6 0 0 147297.5897928299
 185 0 49 1 0 0 148462.48032461974
 186 0 48 2 0 0 149507.00123983074
 187 0 50 0 0 0 150726.00009476597
 188 0 49 1 0 0 151807.88496347482
 189 0 47 3 0 0 152816.45682240714
 190 0 47 3 0 0 153826.30756541432
 191 0 47 3 0 0 154818.03674405598
 192 0 48 2 0 0 155949.85208407446
 193 0 49 1 0 0 157155.21504011718
 194 0 46 4 0 0 158154.23925891655
 195 0 49 1 0 0 159356.32876558573
 196 0 47 3 0 0 160317.56013959344
 197 0 46 4 0 0 161238.034072758
 198 0 47 3 0 0 162194.77333184722
 199 0 48 2 0 0 163365.69439103664
 200 0 48 2 0 0 164507.08161893944
 201 0 47 3 0 0 165489.91467171864
 202 0 48 2 0 0 166564.9950036577
 203 0 45 5 0 0 167394.859696768
 204 0 48 2 0 0 168558.4714878582
 205 0 48 2 0 0 169691.17096543193
 206 0 48 2 0 0 170839.2700311389
 207 0 49 1 0 0 171977.78744943626
 208 0 47 3 0 0 173058.2190978023
 209 0 50 0 0 0 174413.7834598697
 210 0 48 2 0 0 175531.4333359579
 211 0 49 1 0 0 176700.3287766508
 212 0 49 1 0 0 177912.807411346
 213 0 47 3 0 0 178967.71074602232
 214 0 47 3 0 0 180040.15331637594
 215 0 47 3 0 0 181090.23301274813
 216 0 47 3 0 0 182117.73678611004
 217 0 49 1 0 0 183261.44641945526
 218 0 48 2 0 0 184281.91450459338
 219 0 49 1 0 0 185480.40810900912
 220 0 47 3 0 0 186508.5455662943
 221 0 50 0 0 0 187835.31628232822
 222 0 44 6 0 0 188620.41418412526
 223 0 46 4 0 0 189561.79728936564
 224 0 48 2 0 0 190662.02069020894
 225 0 48 2 0 0 191690.4617394208
 226 0 49 1 0 0 192884.6716767067
 227 0 46 4 0 0 193749.68564126783
 228 0 47 3 0 0 194669.73993427827
 229 0 49 1 0 0 195770.17738091946
 230 0 49 1 0 0 196904.75144368608
 231 0 47 3 0 0 197963.28759790197
 232 0 48 2 0 0 199060.69795474294
 233 0 47 3 0 0 200065.38597155054
 234 0 47 3 0 0 201003.47301062357
 235 0 50 0 0 0 202278.09633512667
 236 0 48 2 0 0 203436.4602174708
 237 0 47 3 0 0 204479.11659226156
 238 0 48 2 0 0 205616.66003919937
 239 0 46 4 0 0 206510.07255708042
 240 0 42 8 0 0 207031.66367788546
 241 0 44 6 0 0 207683.87110949145
 242 0 46 4 0 0 208539.27605510756
 243 0 48 2 0 0 209513.48986329508
 244 0 47 3 0 0 210420.8091997949
 245 0 45 5 0 0 211155.49837014268
 246 0 46 4 0 0 211987.79733280305
 247 0 48 2 0 0 213097.46993074642
 248 0 44 6 0 0 213818.92161043017
 249 0 47 3 0 0 214775.1875385196
 250 0 44 6 0 0 215431.25464697691
 251 0 46 4 0 0 216358.31050645187
 252 0 46 4 0 0 217218.40715024757
 253 0 47 3 0 0 218172.31578443025
 254 0 43 7 0 0 218775.1495611716
 255 0 49 1 0 0 219916.65769314408
 256 0 48 2 0 0 220881.0064810982
 257 0 46 4 0 0 221708.90046657115
 258 0 44 6 0 0 222371.6704363433
 259 0 44 6 0 0 223067.7069683397
 260 0 49 1 0 0 224169.8911225294
 261 0 43 7 0 0 224810.13274543476
 262 0 47 3 0 0 225820.24773508214
 263 0 47 3 0 0 226686.88076381502
 264 0 48 2 0 0 227645.57105726458
 265 0 48 2 0 0 228600.50524974614
 266 0 46 4 0 0 229474.0308712908
 267 0 46 4 0 0 230406.9332386654
 268 0 50 0 0 0 231697.14787585213
 269 0 46 4 0 0 232580.7866730238
 270 0 42 8 0 0 233049.22894370154
 271 0 47 3 0 0 234030.7994964965
 272 0 47 3 0 0 234937.4145683276
 273 0 46 4 0 0 235838.16656967514
 274 0 46 4 0 0 236664.65338442058
 275 0 45 5 0 0 237470.43394032112
 276 0 45 5 0 0 238274.8501147325
 277 0 45 5 0 0 239059.71308550466
 278 0 48 2 0 0 240037.64668129967
 279 0 47 3 0 0 241036.74574525378
 280 0 47 3 0 0 241959.00176808625
 281 0 46 4 0 0 242778.90064898453
 282 0 47 3 0 0 243734.4396168621
 283 0 45 5 0 0 244553.59711013798
 284 0 44 6 0 0 245323.90230402272
 285 0 50 0 0 0 246659.48815472136
 286 0 45 5 0 0 247499.5918094126
 287 0 46 4 0 0 248413.8931820377
 288 0 42 8 0 0 248968.36380438798
 289 0 45 5 0 0 249855.33225451023
 290 0 47 3 0 0 250901.6429535181
 291 0 47 3 0 0 251951.33408323082
 292 0 45 5 0 0 252811.46490576613
 293 0 46 4 0 0 253716.63744036498
 294 0 49 1 0 0 254854.68813044656
 295 0 47 3 0 0 255847.11564908514
 296 0 47 3 0 0 256884.74298757833
 297 0 46 4 0 0 257775.63472572487
 298 0 46 4 0 0 258680.3354121146
 299 0 43 7 0 0 259309.79091436678
 300 0 48 2 0 0 260393.48495359105
 301 0 45 5 0 0 261214.17894361186
 302 0 45 5 0 0 262027.47105857794
 303 0 48 2 0 0 263054.7297758353
 304 0 46 4 0 0 263940.2354144108
 305 0 45 5 0 0 264735.46541513153
 306 0 46 4 0 0 265516.9223548138
 307 0 43 7 0 0 266126.4380199029
 308 0 50 0 0 0 267373.9727298945
 309 0 45 5 0 0 268123.78517243685
 310 0 45 5 0 0 268907.8410477124
 311 0 45 5 0 0 269635.7690095612
 312 0 48 2 0 0 270596.4799400792
 313 0 45 5 0 0 271434.4830137386
 314 0 45 5 0 0 272255.609649751
 315 0 46 4 0 0 273086.1629624617
 316 0 47 3 0 0 274050.26441015844
 317 0 42 8 0 0 274465.6232446399
 318 0 45 5 0 0 275166.6901774691
 319 0 45 5 0 0 275888.73070335115
 320 0 46 4 0 0 276701.3880746954
 321 0 46 4 0 0 277599.52306449955
 322 0 46 4 0 0 278483.37231010164
 323 0 45 5 0 0 279339.69521698717
 324 0 48 2 0 0 280472.9312795798
 325 0 47 3 0 0 281532.436137369
 326 0 47 3 0 0 282529.9982091295
 327 0 44 6 0 0 283266.31776837196
 328 0 45 5 0 0 284118.13973874087
 329 0 46 4 0 0 285011.181343229
 330 0 45 5 0 0 285838.6035607976
 331 0 42 8 0 0 286412.4671039832
 332 0 49 1 0 0 287576.15714850905
 333 0 47 3 0 0 288639.00786791986
 334 0 48 2 0 0 289702.4454991681
 335 0 43 7 0 0 290358.38060158084
 336 0 45 5 0 0 291257.7191731529
 337 0 46 4 0 0 292192.01199462474
 338 0 47 3 0 0 293215.2329164896
 339 0 50 0 0 0 294533.65458942583
 340 0 41 9 0 0 295044.0448657514
 341 0 48 2 0 0 296124.7216893788
 342 0 47 3 0 0 297170.77361323783
 343 0 47 3 0 0 298234.7049500532
 344 0 46 4 0 0 299157.7224078273
 345 0 46 4 0 0 300060.7290501783
 346 0 45 5 0 0 300829.5611425119
 347 0 45 5 0 0 301568.45564372896
 348 0 42 8 0 0 301987.50158785336
 349 0 43 7 0 0 302640.3251026564
 350 0 46 4 0 0 303596.3770317064
 351 0 45 5 0 0 304433.91336044844
 352 0 46 4 0 0 305379.53755206394
 353 0 47 3 0 0 306306.58079111687
 354 0 46 4 0 0 307064.8197955755
 355 0 41 9 0 0 307400.73913069296
 356 0 45 5 0 0 308234.8623908322
 357 0 47 3 0 0 309114.65525443846
 358 0 46 4 0 0 309929.60068241874
 359 0 46 4 0 0 310774.1523281391
 360 0 45 5 0 0 311631.6051888606
 361 0 43 7 0 0 312204.4197542207
 362 0 47 3 0 0 313124.46501349093
 363 0 42 8 0 0 313645.7129881262
 364 0 44 6 0 0 314321.6419488369
 365 0 46 4 0 0 315217.437200444
 366 0 44 6 0 0 315862.14782918745
 367 0 47 3 0 0 316872.45748366596
 368 0 48 2 0 0 318022.9553781461
 369 0 45 5 0 0 318812.802626459
 370 0 45 5 0 0 319690.17536658933
 371 0 45 5 0 0 320500.60734054836
 372 0 47 3 0 0 321536.5916869931
 373 0 46 4 0 0 322361.99384822586
 374 0 44 6 0 0 322907.6553151335
 375 0 45 5 0 0 323591.9019019278
 376 0 42 8 0 0 324144.7908366902
 377 0 48 2 0 0 325208.7040427409
 378 0 46 4 0 0 326145.8525629979
 379 0 45 5 0 0 326981.4719850125
 380 0 43 7 0 0 327652.6762470978
 381 0 46 4 0 0 328504.8839749768
 382 0 45 5 0 0 329232.91566949186
 383 0 45 5 0 0 330040.235358325
 384 0 46 4 0 0 330964.71012981853
 385 0 42 8 0 0 331580.55307607015
 386 0 50 0 0 0 332869.15430919477
 387 0 45 5 0 0 333612.9981139249
 388 0 44 6 0 0 334363.5584657742
 389 0 43 7 0 0 335016.0771890588
 390 0 46 4 0 0 335978.0595809399
 391 0 48 2 0 0 337113.7756104488
 392 0 44 6 0 0 337851.89831945195
 393 0 44 6 0 0 338615.1924565084
 394 0 46 4 0 0 339613.3221620763
 395 0 46 4 0 0 340602.0157380764
 396 0 46 4 0 0 341499.87963102834
 397 0 44 6 0 0 342265.5034022665
 398 0 46 4 0 0 343216.1056980489
 399 0 48 2 0 0 344316.9259205164
 400 0 44 6 0 0 345116.2725342196
 401 0 46 4 0 0 346150.0194943017
 402 0 48 2 0 0 347366.297338217
 403 0 46 4 0 0 348352.97211770626
 404 0 44 6 0 0 349156.185680786
 405 0 47 3 0 0 350143.88550594565
 406 0 47 3 0 0 351136.21919002646
 407 0 41 9 0 0 351572.1127851691
 408 0 46 4 0 0 352451.9230487118
 409 0 49 1 0 0 353656.0593194196
 410 0 48 2 0 0 354773.54508128465
 411 0 45 5 0 0 355680.52061108756
 412 0 46 4 0 0 356735.1181659228
 413 0 43 7 0 0 357330.0911148518
 414 0 46 4 0 0 358275.4860829884
 415 0 48 2 0 0 359423.39441540686
 416 0 41 9 0 0 359877.4761725566
 417 0 45 5 0 0 360800.69382489356
 418 0 47 3 0 0 361800.6865499203
 419 0 50 0 0 0 363062.8303594602
 420 0 46 4 0 0 363939.07862617564
 421 0 44 6 0 0 364629.89000056835
 422 0 45 5 0 0 365396.32702278765
 423 0 47 3 0 0 366382.90921269474
 424 0 48 2 0 0 367435.3364299217
 425 0 46 4 0 0 368361.9873507006
 426 0 43 7 0 0 369052.9687887231
 427 0 46 4 0 0 369946.7892845287
 428 0 49 1 0 0 371136.7882991076
 429 0 43 7 0 0 371843.35488787806
 430 0 47 3 0 0 372937.06789746863
 431 0 47 3 0 0 374064.7156421697
 432 0 45 5 0 0 374937.531647452
 433 0 45 5 0 0 375852.10015337844
 434 0 45 5 0 0 376659.9183586658
 435 0 47 3 0 0 377645.8827826165
 436 0 48 2 0 0 378708.3273647871
 437 0 45 5 0 0 379493.0455397787
 438 0 44 6 0 0 380232.3278277635
 439 0 38 12 0 0 380444.9863840355
 440 0 47 3 0 0 381466.9094120909
 441 0 45 5 0 0 382218.92569093464
 442 0 44 6 0 0 382878.23602292984
 443 0 45 5 0 0 383575.4779839428
 444 0 46 4 0 0 384510.1683849599
 445 0 39 11 0 0 384847.13817562116
 446 0 47 3 0 0 385869.65465175244
 447 0 47 3 0 0 386868.7767325696
 448 0 47 3 0 0 387858.0797984504
 449 0 47 3 0 0 388881.7850404866
 450 0 47 3 0 0 389891.4655200236
 451 0 46 4 0 0 390842.10505757714
 452 0 48 2 0 0 391893.05153919593
 453 0 46 4 0 0 392838.1289943335
 454 0 46 4 0 0 393757.5416613137
 455 0 47 3 0 0 394803.88921200356
 456 0 46 4 0 0 395801.2149803309
 457 0 49 1 0 0 397021.49811095104
 458 0 46 4 0 0 398010.60629719845
 459 0 48 2 0 0 399165.0639056659
 460 0 48 2 0 0 400272.87172154814
 461 0 43 7 0 0 400970.65519908577
 462 0 45 5 0 0 401850.50474649674
 463 0 47 3 0 0 402944.9164366611
 464 0 46 4 0 0 403758.7072140808
 465 0 42 8 0 0 404169.24078515964
 466 0 43 7 0 0 404753.2786162727
 467 0 42 8 0 0 405204.59602940694
 468 0 46 4 0 0 406021.08150182455
 469 0 44 6 0 0 406701.78338288405
 470 0 40 10 0 0 407013.37307514215
 471 0 48 2 0 0 408018.6934239389
 472 0 46 4 0 0 408834.04732959834
 473 0 39 11 0 0 409001.75827297254
 474 0 43 7 0 0 409459.27272374055
 475 0 47 3 0 0 410339.8871230002
 476 0 42 8 0 0 410793.07358161954
 477 0 42 8 0 0 411276.4198044426
 478 0 44 6 0 0 411957.26232669555
 479 0 48 2 0 0 412965.84913699585
 480 0 31 19 0 0 411949.17528976715
 481 0 47 3 0 0 412408.157111625
 482 0 45 5 0 0 412802.6138659408
 483 0 48 2 0 0 413552.4032489487
 484 0 47 3 0 0 414161.1390263353
 485 0 47 3 0 0 414662.4364712912
 486 0 46 4 0 0 415333.3237643732
 487 0 46 4 0 0 415856.0895441637
 488 0 49 1 0 0 416749.2608974969
 489 0 49 1 0 0 417747.6347091483
 490 0 45 5 0 0 418129.1574787319
 491 0 42 8 0 0 418202.78231744946
 492 0 47 3 0 0 418874.3150294902
 493 0 47 3 0 0 419617.72043273726
 494 0 49 1 0 0 420453.9365707074
 495 0 47 3 0 0 420964.48403062596
 496 0 47 3 0 0 421628.7289440927
 497 0 47 3 0 0 422233.8634527737
 498 0 45 5 0 0 422684.66091375233
 499 0 48 2 0 0 423381.0119539757
 500 0 48 2 0 0 424064.8235834457
 501 0 45 5 0 0 424597.4155145911
 502 0 46 4 0 0 424988.1528276734
 503 0 47 3 0 0 425623.6460129674
 504 0 46 4 0 0 426263.38784107054
 505 0 46 4 0 0 426825.7311803621
 506 0 48 2 0 0 427630.6561230194
 507 0 45 5 0 0 428117.94933909946
 508 0 47 3 0 0 428652.88535086135
 509 0 43 7 0 0 428838.74045457586
 510 0 47 3 0 0 429446.60860356136
 511 0 50 0 0 0 430199.66621916776
 512 0 47 3 0 0 430891.591673453
 513 0 45 5 0 0 431334.90628902207
 514 0 46 4 0 0 431918.30887089705
 515 0 43 7 0 0 432172.1211054782
 516 0 47 3 0 0 432667.6699174783
 517 0 47 3 0 0 433393.95920122956
 518 0 48 2 0 0 434185.77330623666
 519 0 45 5 0 0 434696.61849511386
 520 0 44 6 0 0 434968.7822152345
 521 0 46 4 0 0 435577.578681793
 522 0 45 5 0 0 436150.414359702
 523 0 46 4 0 0 436778.79525867454
 524 0 48 2 0 0 437510.4793584563
 525 0 39 11 0 0 437478.3438635114
 526 0 44 6 0 0 437806.3804462055
 527 0 46 4 0 0 438385.5350944661
 528 0 47 3 0 0 438955.9402309138
 529 0 47 3 0 0 439794.11840039014
 530 0 48 2 0 0 440602.13699767226
 531 0 45 5 0 0 441085.31037860125
 532 0 48 2 0 0 441858.5258920696
 533 0 45 5 0 0 442280.24828004924
 534 0 40 10 0 0 442158.8513073014
 535 0 42 8 0 0 442430.3589220604
 536 0 47 3 0 0 443134.82249968627
 537 0 48 2 0 0 443938.162744567
 538 0 45 5 0 0 444460.33161277435
 539 0 46 4 0 0 445159.97233771737
 540 0 48 2 0 0 445954.3057525047
 541 0 48 2 0 0 446812.4396421786
 542 0 46 4 0 0 447419.8574045622
 543 0 43 7 0 0 447710.7974759552
 544 0 43 7 0 0 447940.16918976477
 545 0 50 0 0 0 448860.4903949897
 546 0 44 6 0 0 449273.25080327975
 547 0 46 4 0 0 449845.54290744563
 548 0 46 4 0 0 450447.7118008286
 549 0 47 3 0 0 451216.8026224869
 550 0 48 2 0 0 452004.64875557966
 551 0 48 2 0 0 452707.0463504201
 552 0 47 3 0 0 453392.1215095296
 553 0 48 2 0 0 454188.3434227722
 554 0 46 4 0 0 454772.4468607477
 555 0 46 4 0 0 455496.9233544042
 556 0 47 3 0 0 456176.67817261897
 557 0 46 4 0 0 456751.91515393637
 558 0 47 3 0 0 457419.6502181794
 559 0 47 3 0 0 458170.9188888294
 560 0 46 4 0 0 458707.07131592504
 561 0 45 5 0 0 459143.86910571693
 562 0 48 2 0 0 459918.60345386906
 563 0 44 6 0 0 460197.4851645223
 564 0 48 2 0 0 460903.763522736
 565 0 44 6 0 0 461277.18531153945
 566 0 44 6 0 0 461681.6726998009
 567 0 47 3 0 0 462379.2608610262
 568 0 47 3 0 0 463007.68042708247
 569 0 50 0 0 0 463982.9081094612
 570 0 48 2 0 0 464678.6624732919
 571 0 45 5 0 0 465142.2401430003
 572 0 47 3 0 0 465921.367358274
 573 0 48 2 0 0 466737.0617366034
 574 0 45 5 0 0 467234.46906503214
 575 0 47 3 0 0 467947.5847174944
 576 0 45 5 0 0 468295.1463880422
 577 0 42 8 0 0 468455.43653487944
 578 0 49 1 0 0 469278.22788441315
 579 0 49 1 0 0 470085.7296014555
 580 0 43 7 0 0 470445.7811850914
 581 0 47 3 0 0 471065.769584162
 582 0 47 3 0 0 471665.61672522745
 583 0 46 4 0 0 472209.99047578947
 584 0 50 0 0 0 473183.55922630324
 585 0 45 5 0 0 473783.00821859157
 586 0 48 2 0 0 474592.20804739476
 587 0 48 2 0 0 475230.7654431942
 588 0 44 6 0 0 475425.5077644717
 589 0 45 5 0 0 475863.1079975223
 590 0 47 3 0 0 476447.47350831755
 591 0 46 4 0 0 476944.0183347438
 592 0 45 5 0 0 477304.3176999495
 593 0 47 3 0 0 477805.4873891499
 594 0 47 3 0 0 478428.3868464683
 595 0 47 3 0 0 479025.7874863123
 596 0 45 5 0 0 479334.71297009743
 597 0 47 3 0 0 479926.65318284405
 598 0 47 3 0 0 480505.41423945775
 599 0 45 5 0 0 480913.4834729311
 600 0 47 3 0 0 481494.2312809388
 601 0 44 6 0 0 481714.44393446227
 602 0 47 3 0 0 482123.7978088196
 603 0 47 3 0 0 482693.2777846288
 604 0 46 4 0 0 483186.116266849
 605 0 49 1 0 0 483978.1003888337
 606 0 46 4 0 0 484504.56378541887
 607 0 47 3 0 0 485088.417843438
 608 0 45 5 0 0 485627.9873320271
 609 0 47 3 0 0 486284.93772015744
 610 0 46 4 0 0 486803.6373554981
 611 0 47 3 0 0 487406.1830256325
 612 0 47 3 0 0 487972.16020920605
 613 0 46 4 0 0 488447.62077865197
 614 0 46 4 0 0 489049.0914794383
 615 0 49 1 0 0 489981.0885779825
 616 0 47 3 0 0 490809.2423084899
 617 0 46 4 0 0 491339.6219526332
 618 0 45 5 0 0 491774.89786661306
 619 0 44 6 0 0 492115.9970198282
 620 0 45 5 0 0 492472.6998389848
 621 0 48 2 0 0 493207.43150416226
 622 0 46 4 0 0 493794.5753099878
 623 0 46 4 0 0 494386.6610326016
 624 0 46 4 0 0 494877.54316460935
 625 0 42 8 0 0 495090.009872394
 626 0 48 2 0 0 495771.96669275267
 627 0 50 0 0 0 496599.03191884444
 628 0 43 7 0 0 496809.4613057391
 629 0 42 8 0 0 496962.187937877
 630 0 46 4 0 0 497364.15661011194
 631 0 47 3 0 0 497834.7347259705
 632 0 43 7 0 0 498007.3416873488
 633 0 45 5 0 0 498355.8075513344
 634 0 47 3 0 0 498900.7120725653
 635 0 48 2 0 0 499537.6188488099
 636 0 42 8 0 0 499687.6950959614
 637 0 47 3 0 0 500220.9551692112
 638 0 48 2 0 0 500950.1471052865
 639 0 44 6 0 0 501331.7499583308
 640 0 45 5 0 0 501720.6824541859
 641 0 47 3 0 0 502320.5039504145
 642 0 46 4 0 0 502745.96582590276
 643 0 46 4 0 0 503225.2206491689
 644 0 43 7 0 0 503327.30949147814
 645 0 48 2 0 0 504014.4261643655
 646 0 47 3 0 0 504717.89492770896
 647 0 48 2 0 0 505556.052021441
 648 0 43 7 0 0 505776.1443518472
 649 0 47 3 0 0 506342.2439971958
 650 0 43 7 0 0 506581.8485194343
 651 0 48 2 0 0 507245.04211765504
 652 0 46 4 0 0 507689.4771670144
 653 0 44 6 0 0 507949.1001283521
 654 0 43 7 0 0 508133.39790259843
 655 0 45 5 0 0 508446.0175882032
 656 0 46 4 0 0 508820.37324016733
 657 0 48 2 0 0 509354.653197677
 658 0 47 3 0 0 509878.7318063604
 659 0 44 6 0 0 510173.6994146902
 660 0 48 2 0 0 510799.83482349745
 661 0 46 4 0 0 511433.09310716507
 662 0 47 3 0 0 512001.7879342491
 663 0 41 9 0 0 512001.1093714742
 664 0 46 4 0 0 512371.5176500521
 665 0 45 5 0 0 512751.6880230391
 666 0 47 3 0 0 513440.77681990154
 667 0 46 4 0 0 513849.73456261965
 668 0 45 5 0 0 514129.76597421535
 669 0 41 9 0 0 514018.8884426534
 670 0 43 7 0 0 514201.95537643036
 671 0 44 6 0 0 514516.9636491438
 672 0 45 5 0 0 515079.4365468997
 673 0 48 2 0 0 515914.0350725031
 674 0 47 3 0 0 516500.17019755783
 675 0 44 6 0 0 516880.1122584624
 676 0 41 9 0 0 516875.4747398251
 677 0 46 4 0 0 517257.3494512311
 678 0 48 2 0 0 518015.62283613713
 679 0 48 2 0 0 518634.372651663
 680 0 39 11 0 0 518516.5198112618
 681 0 44 6 0 0 518827.27973430307
 682 0 48 2 0 0 519587.6222755836
 683 0 46 4 0 0 520065.6935690312
 684 0 44 6 0 0 520351.82061016775
 685 0 44 6 0 0 520642.56495281967
 686 0 48 2 0 0 521335.1242872391
 687 0 46 4 0 0 521901.5280745639
 688 0 50 0 0 0 522796.84877692634
 689 0 45 5 0 0 523177.3200295996
 690 0 46 4 0 0 523812.5675308555
 691 0 47 3 0 0 524457.5961734005
 692 0 44 6 0 0 524671.3044591199
 693 0 42 8 0 0 524607.856678491
 694 0 41 9 0 0 524558.103641602
 695 0 47 3 0 0 525144.055109616
 696 0 48 2 0 0 525867.8064219336
 697 0 47 3 0 0 526501.4550093291
 698 0 43 7 0 0 526641.685462215
 699 0 44 6 0 0 526814.044819482
 700 0 46 4 0 0 527201.1574766432
 701 0 46 4 0 0 527648.6744954649
 702 0 47 3 0 0 528251.7432332671
 703 0 46 4 0 0 528787.0918735613
 704 0 45 5 0 0 529263.6771238297
 705 0 47 3 0 0 529825.0790917148
 706 0 45 5 0 0 530298.7636036951
 707 0 45 5 0 0 530796.692194105
 708 0 47 3 0 0 531449.4734071203
 709 0 42 7 1 0 531688.9833403536
 710 0 47 2 1 0 532467.6401099168
 711 0 43 6 1 0 532817.3424872279
 712 0 46 3 1 0 533416.6856430385
 713 0 43 6 1 0 533755.4411506657
 714 0 43 6 1 0 534094.220655024
 715 0 44 5 1 0 534478.5898446382
 716 0 46 3 1 0 535156.9818632609
 717 0 42 7 1 0 535477.6033677612
 718 0 43 6 1 0 535820.153966115
 719 0 41 8 1 0 536025.060842545
 720 0 34 16 0 0 534771.7467651509
 721 0 48 2 0 0 534743.1576390824
 722 0 50 0 0 0 534983.1400190484
 723 0 49 1 0 0 535119.7903586485
 724 0 48 2 0 0 535190.6453181467
 725 0 48 2 0 0 535317.7592107665
 726 0 44 6 0 0 535138.0529713925
 727 0 50 0 0 0 535386.7468573598
 728 0 49 1 0 0 535613.3752318725
 729 0 49 1 0 0 535833.1015107099
 730 0 46 4 0 0 535859.1160445624
 731 0 48 2 0 0 535946.3156317042
 732 0 48 2 0 0 536040.757808866
 733 0 48 2 0 0 536159.9588596271
 734 0 47 3 0 0 536192.0069883409
 735 0 47 3 0 0 536061.600889533
 736 0 49 1 0 0 536191.4169392523
 737 0 48 2 0 0 536212.4922338909
 738 0 48 2 0 0 536193.7286170573
 739 0 47 3 0 0 536099.4643212472
 740 0 48 2 0 0 536142.5692494395
 741 0 49 1 0 0 536218.2177497032
 742 0 49 1 0 0 536378.5305973497
 743 0 49 1 0 0 536495.1139297154
 744 0 48 2 0 0 536543.306270755
 745 0 47 3 0 0 536436.6205902791
 746 0 50 0 0 0 536697.8068968112
 747 0 45 5 0 0 536407.7081465821
 748 0 48 2 0 0 536397.8287933803
 749 0 48 2 0 0 536467.3813029015
 750 0 48 2 0 0 536529.152811728
 751 0 47 3 0 0 536572.2408842494
 752 0 44 6 0 0 536247.1488272911
 753 0 49 1 0 0 536356.9037638146
 754 0 48 2 0 0 536333.123243285
 755 0 47 3 0 0 536293.328671792
 756 0 49 1 0 0 536346.2352441766
 757 0 49 1 0 0 536513.9133365706
 758 0 49 1 0 0 536683.2000249205
 759 0 50 0 0 0 536899.1268340606
 760 0 48 2 0 0 536856.0147501699
 761 0 47 3 0 0 536778.8626940738
 762 0 47 3 0 0 536607.5466712901
 763 0 49 0 1 0 536860.8553129117
 764 0 47 2 1 0 536838.7038028527
 765 0 48 1 1 0 537004.3235700582
 766 0 49 0 1 0 537236.5340204212
 767 0 42 7 1 0 536784.8654821136
 768 0 48 1 1 0 536779.6487194068
 769 0 47 2 1 0 536816.7287991161
 770 0 47 2 1 0 536794.7126367693
 771 0 46 3 1 0 536819.559897289
 772 0 45 4 1 0 536735.6763046822
 773 0 48 1 1 0 536886.1520300983
 774 0 48 1 1 0 536997.1370016931
 775 0 48 1 1 0 537078.6742203418
 776 0 45 4 1 0 536924.8688250934
 777 0 46 3 1 0 536841.5031942306
 778 0 48 1 1 0 536934.5437907546
 779 0 46 3 1 0 536920.9587856693
 780 0 48 1 1 0 537045.4970357465
 781 0 49 0 1 0 537215.5534891136
 782 0 49 0 1 0 537438.4384323667
 783 0 48 1 1 0 537592.6549915711
 784 0 48 1 1 0 537623.8600090701
 785 0 47 2 1 0 537628.6809884245
 786 0 48 1 1 0 537717.0028081262
 787 0 49 0 1 0 537869.4259013617
 788 0 46 3 1 0 537821.0846947647
 789 0 44 5 1 0 537519.3742965625
 790 0 45 4 1 0 537353.4575869932
 791 0 49 0 1 0 537505.8325091756
 792 0 47 2 1 0 537507.1620675712
 793 0 48 0 2 0 537740.501813059
 794 0 48 0 2 0 537940.6035080963
 795 0 46 2 2 0 538016.2774350262
 796 0 46 2 2 0 538035.7462634017
 797 0 45 3 2 0 537925.7076742074
 798 0 47 0 3 0 538138.9363760111
 799 0 45 2 3 0 538216.0285983891
 800 0 46 1 3 0 538338.8641510432
 801 0 46 1 3 0 538427.4547342142
 802 0 45 2 3 0 538446.7490559024
 803 0 46 1 3 0 538528.9499955161
 804 0 45 2 3 0 538502.9420622421
 805 0 43 4 3 0 538284.8399587922
 806 0 43 4 3 0 538134.9925517319
 807 0 45 2 3 0 538133.7181660477
 808 0 45 2 3 0 538097.3989465276
 809 0 44 3 3 0 538003.4165933146
 810 0 45 2 3 0 538038.4223481519
 811 0 46 1 3 0 538138.2935696669
 812 0 45 2 3 0 538075.6617970271
 813 0 42 5 3 0 537823.2268229161
 814 0 46 1 3 0 537911.0634041231
 815 0 45 2 3 0 537920.5086876035
 816 0 45 2 3 0 537964.7858814496
 817 0 46 1 3 0 538008.3375979855
 818 0 46 1 3 0 538208.2729657802
 819 0 45 2 3 0 538326.3607556853
 820 0 44 3 3 0 538244.3105074414
 821 0 47 0 3 0 538501.6050018874
 822 0 46 1 3 0 538625.213210262
 823 0 45 2 3 0 538694.2144013457
 824 0 45 2 3 0 538724.8990728217
 825 0 46 1 3 0 538753.4563712106
 826 0 43 4 3 0 538533.8627902895
 827 0 42 5 3 0 538260.5712710042
 828 0 45 2 3 0 538235.1916305956
 829 0 47 0 3 0 538418.359855341
 830 0 45 2 3 0 538539.4628166769
 831 0 46 1 3 0 538663.7635914834
 832 0 44 3 3 0 538472.1947561443
 833 0 44 3 3 0 538346.0205658209
 834 0 47 0 3 0 538450.2525551136
 835 0 46 1 3 0 538585.4854359353
 836 0 46 1 3 0 538733.7242509536
 837 0 46 1 3 0 538923.9217794026
 838 0 43 4 3 0 538701.9075783726
 839 0 46 1 3 0 538804.0801258343
 840 0 44 3 3 0 538672.0498204406
 841 0 43 4 3 0 538483.643611215
 842 0 47 0 3 0 538641.1560094352
 843 0 46 1 3 0 538702.7497577285
 844 0 44 3 3 0 538574.6107387939
 845 0 44 3 3 0 538426.8667926808
 846 0 45 2 3 0 538423.02500562
 847 0 45 2 3 0 538393.9543779634
 848 0 45 1 4 0 538558.1874855957
 849 0 45 1 4 0 538654.7551120119
 850 0 45 1 4 0 538766.443877689
 851 0 44 2 4 0 538744.4833149998
 852 0 44 2 4 0 538765.488697858
 853 0 44 2 4 0 538758.1039850899
 854 0 45 1 4 0 538786.7123544901
 855 0 41 5 4 0 538462.5127636637
 856 0 44 2 4 0 538488.9187154302
 857 0 45 1 4 0 538748.7033581724
 858 0 44 2 4 0 538805.6840257521
 859 0 43 3 4 0 538719.9290834164
 860 0 44 2 4 0 538678.7204750896
 861 0 45 1 4 0 538650.928373025
 862 0 46 0 4 0 538812.9238958246
 863 0 44 2 4 0 538880.6600196033
 864 0 45 1 4 0 538942.0043541553
 865 0 45 1 4 0 538988.2593960766
 866 0 44 2 4 0 539000.8105026309
 867 0 44 2 4 0 539086.0925851288
 868 0 45 1 4 0 539182.3805597207
 869 0 43 3 4 0 539075.5728548864
 870 0 43 3 4 0 538955.6664437006
 871 0 43 3 4 0 538823.1172546716
 872 0 42 4 4 0 538610.7964642608
 873 0 45 1 4 0 538631.0406865362
 874 0 46 0 4 0 538912.5434653731
 875 0 45 1 4 0 539127.896646343
 876 0 44 2 4 0 539115.4165602052
 877 0 43 3 4 0 539095.5463260283
 878 0 42 4 4 0 538919.6134536436
 879 0 44 2 4 0 538920.1814234072
 880 0 45 1 4 0 539022.606745791
 881 0 45 1 4 0 539135.9948863138
 882 0 44 2 4 0 539098.0362237185
 883 0 45 1 4 0 539222.0246824629
 884 0 46 0 4 0 539399.7353097189
 885 0 44 2 4 0 539367.5839967071
 886 0 42 4 4 0 539100.3550715874
 887 0 45 1 4 0 539066.0571417973
 888 0 45 1 4 0 539190.6198093466
 889 0 46 0 4 0 539444.9873705592
 890 0 45 1 4 0 539604.1427486631
 891 0 43 3 4 0 539549.6842023004
 892 0 44 2 4 0 539491.2194662072
 893 0 44 2 4 0 539486.0794034599
 894 0 44 2 4 0 539507.9032509864
 895 0 43 3 4 0 539372.401931711
 896 0 46 0 4 0 539521.9437588279
 897 0 45 1 4 0 539574.2872025658
 898 0 44 2 4 0 539609.2768424265
 899 0 45 1 4 0 539725.0544065111
 900 0 45 1 4 0 539840.9624248254
 901 0 42 4 4 0 539698.5331012349
 902 0 41 5 4 0 539367.9681048967
 903 0 44 2 4 0 539405.7131704682
 904 0 45 1 4 0 539437.881035671
 905 0 42 4 4 0 539305.193648017
 906 0 45 1 4 0 539467.1919249514
 907 0 46 0 4 0 539725.7204208077
 908 0 46 0 4 0 539958.0967503043
 909 0 43 3 4 0 539923.8615674202
 910 0 41 5 4 0 539651.8693292014
 911 0 43 3 4 0 539536.9147328637
 912 0 45 1 4 0 539608.2849173613
 913 0 43 3 4 0 539488.2344483654
 914 0 43 3 4 0 539464.0177900197
 915 0 46 0 4 0 539634.0845809471
 916 0 44 2 4 0 539658.6134802412
 917 0 45 1 4 0 539717.5482590173
 918 0 45 1 4 0 539883.1714070116
 919 0 42 4 4 0 539692.9669790273
 920 0 46 0 4 0 539926.3907168787
 921 0 43 3 4 0 539886.2619606509
 922 0 44 2 4 0 539959.6030996335
 923 0 44 2 4 0 539953.9115831994
 924 0 44 2 4 0 539908.9905648526
 925 0 42 4 4 0 539677.4781261719
 926 0 42 4 4 0 539500.0725130148
 927 0 44 2 4 0 539538.8844551758
 928 0 44 2 4 0 539595.2409836642
 929 0 42 4 4 0 539392.8716318498
 930 0 46 0 4 0 539528.8822821962
 931 0 44 2 4 0 539546.3341852124
 932 0 45 1 4 0 539635.4159800764
 933 0 45 1 4 0 539713.9300800015
 934 0 44 2 4 0 539682.6600936437
 935 0 43 3 4 0 539510.0259073147
 936 0 45 1 4 0 539566.6909900511
 937 0 44 2 4 0 539559.0250147617
 938 0 42 4 4 0 539378.025425932
 939 0 46 0 4 0 539567.1376311729
 940 0 45 1 4 0 539582.1282456451
 941 0 45 1 4 0 539747.9786902744
 942 0 45 1 4 0 539921.3820236574
 943 0 44 2 4 0 539877.0228097707
 944 0 44 2 4 0 539962.1263215046
 945 0 45 1 4 0 540122.5142662188
 946 0 43 3 4 0 539971.2245735426
 947 0 41 5 4 0 539660.7749694914
 948 0 45 1 4 0 539814.1874150125
 949 0 45 1 4 0 539915.8407417138
 950 0 43 3 4 0 539869.544538669
 951 0 43 3 4 0 539806.8269385841
 952 0 42 4 4 0 539659.0792314509
 953 0 41 5 4 0 539342.9215450173
 954 0 44 2 4 0 539367.4324623845
 955 0 45 1 4 0 539476.4327584128
 956 0 45 1 4 0 539599.9267799065
 957 0 43 3 4 0 539534.9067132116
 958 0 45 1 4 0 539565.5775434105
 959 0 46 0 4 0 539768.6410777253
 960 0 43 4 3 0 539581.4304212139
 961 0 43 4 3 0 539314.2187970205