 "ticks" "who" "xcor" "ycor"
 0 4558 3 1
 0 4564 3 1
 0 4572 3 1
 0 4568 3 1
 0 4546 3 1
 0 4570 3 1
 0 4560 3 1
 0 4561 3 1
 0 4566 3 1
 0 4549 3 1
 0 4551 3 1
 0 4569 3 1
 0 4543 3 1
 0 4544 3 1
 0 4559 3 1
 0 4542 3 1
 0 4555 3 1
 0 4562 3 1
 0 4573 3 1
 0 4574 3 1
 0 4571 3 1
 0 4545 3 1
 0 4547 3 1
 0 4541 3 1
 0 4557 3 1
 0 4554 3 1
 0 4563 3 1
 0 4552 3 1
 0 4567 3 1
 0 4565 3 1
 0 4575 3 1
 0 4553 3 1
 0 4548 3 1
 0 4550 3 1
 0 4556 3 1
 1 4574 3 1
 1 4572 3 1
 1 4556 3 1
 1 4544 3 1
 1 4565 3 1
 1 4550 3 1
 1 4549 3 1
 1 4561 3 1
 1 4568 3 1
 1 4566 3 1
 1 4564 3 1
 1 4562 3 1
 1 4548 3 1
 1 4560 3 1
 1 4551 3 1
 1 4545 3 1
 1 4553 3 1
 1 4552 3 1
 1 4563 3 1
 1 4569 3 1
 1 4555 3 1
 1 4557 3 1
 1 4554 3 1
 1 4559 3 1
 1 4573 3 1
 1 4558 3 1
 1 4575 3 1
 1 4543 3 1
 1 4570 3 1
 1 4541 3 1
 1 4571 3 1
 1 4546 3 1
 1 4567 3 1
 1 4547 3 1
 1 4542 3 1
 2 4565 2 0
 2 4543 2 0
 2 4549 2 0
 2 4557 2 0
 2 4561 2 0
 2 4555 2 0
 2 4546 2 0
 2 4560 2 0
 2 4571 2 0
 2 4552 2 0
 2 4559 2 0
 2 4545 2 0
 2 4574 2 0
 2 4562 4 2
 2 4541 4 2
 2 4567 2 0
 2 4544 2 0
 2 4553 2 0
 2 4569 2 0
 2 4566 2 0
 2 4554 2 0
 2 4556 2 0
 2 4568 2 0
 2 4551 4 1
 2 4542 2 0
 2 4573 2 0
 2 4570 4 2
 2 4572 2 0
 2 4550 4 2
 2 4558 2 0
 2 4548 2 0
 2 4564 2 0
 2 4563 4 2
 2 4575 2 0
 2 4547 2 0
 3 4574 1 -1
 3 4552 1 -1
 3 4543 1 -1
 3 4551 5 0
 3 4541 5 2
 3 4560 1 -1
 3 4554 1 -1
 3 4563 5 2
 3 4547 2 -1
 3 4575 1 -1
 3 4542 1 -1
 3 4556 1 -1
 3 4573 1 -1
 3 4562 5 2
 3 4553 1 -1
 3 4545 1 -1
 3 4568 1 -1
 3 4555 1 -1
 3 4559 1 -1
 3 4544 1 -1
 3 4561 1 -1
 3 4572 1 -1
 3 4564 1 -1
 3 4570 5 2
 3 4569 1 -1
 3 4557 1 -1
 3 4567 1 -1
 3 4546 1 -1
 3 4548 1 -1
 3 4571 1 -1
 3 4566 1 -1
 3 4565 1 -1
 3 4558 1 -1
 3 4549 1 -1
 3 4550 5 2
 4 4571 0 -1
 4 4554 0 -1
 4 4560 0 -1
 4 4567 0 -1
 4 4570 4 3
 4 4546 0 -1
 4 4563 4 3
 4 4572 0 -1
 4 4544 0 -1
 4 4568 0 -1
 4 4545 0 -1
 4 4566 0 -1
 4 4551 5 -1
 4 4565 0 -1
 4 4559 0 -1
 4 4558 0 -1
 4 4564 0 -1
 4 4573 0 -1
 4 4543 0 -1
 4 4575 0 -1
 4 4550 4 3
 4 4548 0 -1
 4 4552 0 -1
 4 4574 0 -1
 4 4569 0 -1
 4 4547 3 -2
 4 4561 0 -1
 4 4542 0 -1
 4 4562 4 3
 4 4557 0 -1
 4 4541 4 3
 4 4555 0 -1
 4 4553 0 -1
 4 4549 0 -1
 4 4556 0 -1
 5 4550 5 2
 5 4558 -1 -2
 5 4571 -1 -2
 5 4570 4 2
 5 4555 -1 -2
 5 4569 -1 -2
 5 4551 5 -2
 5 4549 -1 -2
 5 4572 -1 -2
 5 4564 -1 -2
 5 4559 -1 -2
 5 4543 -1 -2
 5 4545 -1 -2
 5 4541 4 2
 5 4553 -1 -2
 5 4574 -1 -2
 5 4560 -1 -2
 5 4566 -1 -2
 5 4568 -1 -2
 5 4547 3 -2
 5 4552 -1 -2
 5 4548 -1 -2
 5 4546 -1 -2
 5 4563 5 2
 5 4565 -1 -2
 5 4573 -1 -2
 5 4544 -1 -2
 5 4556 -1 -2
 5 4554 -1 -2
 5 4561 -1 -2
 5 4575 -1 -2
 5 4557 -1 -2
 5 4542 -1 -2
 5 4567 -1 -2
 5 4562 4 2
 6 4558 -2 -3
 6 4567 -2 -3
 6 4565 -2 -3
 6 4571 -2 -3
 6 4543 -2 -3
 6 4555 -2 -3
 6 4564 -2 -3
 6 4575 -2 -3
 6 4544 -2 -3
 6 4545 -2 -3
 6 4546 -2 -3
 6 4552 -2 -3
 6 4548 -2 -3
 6 4553 -2 -3
 6 4560 -2 -3
 6 4562 3 0
 6 4569 -2 -3
 6 4561 -2 -3
 6 4573 -2 -3
 6 4556 -2 -3
 6 4559 -2 -3
 6 4541 3 0
 6 4550 4 2
 6 4549 -2 -3
 6 4542 -2 -3
 6 4572 -2 -3
 6 4563 4 2
 6 4554 -2 -3
 6 4574 -2 -3
 6 4557 -2 -3
 6 4551 5 -3
 6 4547 3 -2
 6 4566 -2 -3
 6 4568 -2 -3
 6 4570 3 0
 7 4565 -3 -3
 7 4569 -1 -4
 7 4546 -3 -3
 7 4551 6 -4
 7 4552 -3 -3
 7 4567 -3 -3
 7 4556 -3 -3
 7 4568 -3 -3
 7 4575 -3 -3
 7 4564 -1 -4
 7 4548 -1 -4
 7 4549 -2 -4
 7 4545 -3 -3
 7 4574 -3 -3
 7 4563 3 0
 7 4566 -3 -3
 7 4542 -3 -3
 7 4557 -3 -3
 7 4544 -3 -3
 7 4543 -3 -3
 7 4572 -1 -4
 7 4559 -3 -3
 7 4562 3 -1
 7 4553 -3 -3
 7 4560 -1 -4
 7 4561 -3 -3
 7 4550 3 0
 7 4554 -3 -3
 7 4573 -3 -3
 7 4570 3 -1
 7 4558 -3 -3
 7 4541 3 -1
 7 4571 -3 -3
 7 4555 -3 -3
 7 4547 3 -2
 8 4574 -4 -4
 8 4562 2 -2
 8 4545 -4 -4
 8 4575 -4 -4
 8 4544 -4 -4
 8 4541 2 -2
 8 4553 -4 -4
 8 4554 -4 -4
 8 4550 3 -1
 8 4572 -1 -5
 8 4547 3 -2
 8 4568 -4 -4
 8 4565 -4 -4
 8 4569 -2 -4
 8 4561 -4 -4
 8 4559 -4 -4
 8 4558 -4 -4
 8 4551 5 -4
 8 4546 -4 -4
 8 4555 -4 -4
 8 4560 -2 -4
 8 4542 -4 -4
 8 4563 3 -1
 8 4557 -4 -4
 8 4571 -4 -4
 8 4552 -4 -4
 8 4556 -4 -4
 8 4564 -2 -4
 8 4549 -2 -4
 8 4548 -2 -4
 8 4570 2 -2
 8 4573 -4 -4
 8 4543 -4 -4
 8 4567 -4 -4
 8 4566 -4 -4
 9 4560 -3 -4
 9 4545 -4 -3
 9 4567 -4 -5
 9 4562 1 -1
 9 4541 1 -1
 9 4559 -4 -5
 9 4553 -4 -3
 9 4566 -4 -5
 9 4558 -4 -3
 9 4572 0 -6
 9 4557 -4 -5
 9 4555 -4 -5
 9 4568 -4 -5
 9 4550 2 -2
 9 4549 -2 -4
 9 4575 -4 -5
 9 4565 -4 -5
 9 4556 -4 -3
 9 4548 -3 -4
 9 4554 -4 -5
 9 4573 -4 -5
 9 4564 -3 -4
 9 4571 -4 -5
 9 4569 -3 -4
 9 4546 -4 -5
 9 4570 1 -1
 9 4563 2 -2
 9 4551 5 -5
 9 4574 -4 -5
 9 4552 -4 -5
 9 4561 -4 -3
 9 4542 -4 -5
 9 4547 3 -2
 9 4543 -4 -5
 9 4544 -4 -3
 10 4541 0 0
 10 4568 -4 -6
 10 4560 -4 -5
 10 4556 -4 -2
 10 4554 -4 -6
 10 4552 -4 -6
 10 4543 -4 -6
 10 4546 -4 -6
 10 4553 -5 -3
 10 4575 -4 -6
 10 4567 -4 -6
 10 4549 -2 -4
 10 4544 -4 -2
 10 4548 -4 -5
 10 4545 -4 -2
 10 4547 3 -2
 10 4569 -4 -5
 10 4558 -5 -3
 10 4572 0 -7
 10 4561 -4 -2
 10 4550 1 -1
 10 4566 -4 -6
 10 4574 -4 -6
 10 4551 5 -6
 10 4563 1 -1
 10 4562 1 0
 10 4557 -4 -6
 10 4564 -4 -5
 10 4542 -4 -6
 10 4570 0 0
 10 4555 -4 -6
 10 4571 -4 -6
 10 4573 -4 -6
 10 4565 -4 -6
 10 4559 -4 -6
 11 4544 -5 -1
 11 4567 -4 -7
 11 4556 -5 -1
 11 4560 -4 -6
 11 4542 -4 -7
 11 4543 -4 -7
 11 4561 -5 -1
 11 4573 -4 -7
 11 4562 2 0
 11 4558 -6 -2
 11 4545 -5 -1
 11 4566 -4 -7
 11 4550 1 0
 11 4571 -4 -7
 11 4572 -1 -8
 11 4574 -4 -7
 11 4548 -4 -6
 11 4547 3 -2
 11 4549 -2 -4
 11 4570 0 1
 11 4546 -4 -7
 11 4552 -4 -7
 11 4565 -4 -7
 11 4569 -4 -6
 11 4568 -4 -7
 11 4555 -4 -7
 11 4575 -4 -7
 11 4564 -4 -6
 11 4554 -4 -7
 11 4559 -4 -7
 11 4541 0 1
 11 4553 -6 -2
 11 4563 0 0
 11 4551 5 -7
 11 4557 -4 -7
 12 4561 -6 -1
 12 4562 2 0
 12 4548 -4 -7
 12 4565 -5 -6
 12 4543 -5 -6
 12 4567 -5 -6
 12 4569 -4 -7
 12 4574 -5 -6
 12 4566 -5 -6
 12 4556 -6 -1
 12 4568 -5 -6
 12 4555 -5 -6
 12 4544 -6 -1
 12 4563 0 1
 12 4545 -6 -1
 12 4552 -5 -6
 12 4560 -4 -7
 12 4570 1 2
 12 4550 2 0
 12 4573 -5 -6
 12 4542 -5 -6
 12 4559 -5 -6
 12 4553 -7 -1
 12 4558 -7 -1
 12 4575 -5 -6
 12 4554 -5 -6
 12 4564 -4 -7
 12 4541 1 2
 12 4551 4 -8
 12 4571 -5 -6
 12 4557 -5 -6
 12 4547 3 -2
 12 4546 -5 -6
 12 4549 -2 -4
 12 4572 -1 -9
 13 4549 -2 -4
 13 4571 -6 -6
 13 4572 -2 -10
 13 4562 2 0
 13 4547 3 -2
 13 4570 2 2
 13 4553 -8 -1
 13 4569 -4 -8
 13 4546 -6 -6
 13 4543 -6 -6
 13 4574 -6 -6
 13 4565 -6 -6
 13 4548 -4 -8
 13 4551 4 -9
 13 4554 -6 -6
 13 4559 -6 -6
 13 4561 -7 -1
 13 4567 -6 -6
 13 4573 -6 -6
 13 4560 -4 -8
 13 4575 -6 -6
 13 4545 -7 -2
 13 4552 -6 -6
 13 4541 2 2
 13 4544 -7 -1
 13 4564 -4 -8
 13 4566 -6 -6
 13 4558 -8 -1
 13 4557 -6 -6
 13 4556 -7 -1
 13 4568 -6 -6
 13 4563 1 2
 13 4555 -6 -6
 13 4550 2 0
 13 4542 -6 -6
 14 4565 -7 -7
 14 4542 -7 -7
 14 4571 -7 -7
 14 4557 -7 -7
 14 4558 -9 -1
 14 4569 -3 -9
 14 4546 -7 -7
 14 4543 -7 -7
 14 4551 5 -10
 14 4553 -9 -1
 14 4547 3 -2
 14 4554 -7 -7
 14 4567 -7 -7
 14 4559 -7 -7
 14 4568 -7 -7
 14 4556 -8 -2
 14 4561 -8 -2
 14 4572 -1 -10
 14 4573 -7 -7
 14 4545 -7 -2
 14 4574 -7 -7
 14 4566 -7 -7
 14 4570 2 2
 14 4548 -3 -9
 14 4550 2 0
 14 4560 -3 -9
 14 4549 -2 -4
 14 4555 -7 -7
 14 4552 -7 -7
 14 4575 -7 -7
 14 4544 -8 -2
 14 4564 -4 -9
 14 4563 2 2
 14 4541 2 2
 14 4562 2 0
 15 4542 -8 -7
 15 4554 -8 -7
 15 4558 -10 -2
 15 4569 -2 -10
 15 4547 3 -2
 15 4549 -2 -4
 15 4563 2 2
 15 4555 -8 -7
 15 4545 -7 -2
 15 4575 -8 -7
 15 4567 -8 -7
 15 4571 -8 -7
 15 4546 -8 -7
 15 4543 -8 -7
 15 4556 -8 -2
 15 4566 -8 -7
 15 4564 -5 -10
 15 4572 -1 -11
 15 4557 -8 -7
 15 4552 -8 -7
 15 4541 2 2
 15 4570 2 2
 15 4573 -8 -7
 15 4550 2 0
 15 4551 4 -11
 15 4559 -8 -7
 15 4562 2 0
 15 4553 -10 -2
 15 4574 -8 -7
 15 4544 -8 -2
 15 4565 -8 -7
 15 4561 -8 -2
 15 4568 -8 -7
 15 4560 -2 -10
 15 4548 -2 -10
 16 4544 -8 -2
 16 4561 -8 -2
 16 4572 0 -12
 16 4550 2 0
 16 4562 2 0
 16 4559 -8 -7
 16 4558 -9 -3
 16 4575 -8 -7
 16 4569 -3 -10
 16 4568 -8 -7
 16 4566 -8 -7
 16 4547 3 -2
 16 4553 -9 -3
 16 4548 -1 -11
 16 4541 2 2
 16 4543 -8 -7
 16 4552 -8 -7
 16 4574 -8 -7
 16 4545 -7 -2
 16 4554 -8 -7
 16 4555 -8 -7
 16 4565 -8 -7
 16 4556 -8 -2
 16 4573 -8 -7
 16 4567 -8 -7
 16 4563 2 2
 16 4549 -2 -4
 16 4551 4 -11
 16 4570 2 2
 16 4564 -6 -11
 16 4557 -8 -7
 16 4560 -1 -11
 16 4546 -8 -7
 16 4571 -8 -7
 16 4542 -8 -7
 17 4558 -9 -3
 17 4557 -8 -7
 17 4541 2 2
 17 4563 2 2
 17 4571 -8 -7
 17 4552 -8 -7
 17 4549 -2 -4
 17 4573 -8 -7
 17 4542 -8 -7
 17 4562 2 0
 17 4574 -8 -7
 17 4544 -8 -2
 17 4560 -1 -12
 17 4545 -7 -2
 17 4555 -8 -7
 17 4561 -8 -2
 17 4559 -8 -7
 17 4568 -8 -7
 17 4575 -8 -7
 17 4566 -8 -7
 17 4572 -1 -13
 17 4565 -8 -7
 17 4551 4 -11
 17 4570 2 2
 17 4548 0 -12
 17 4550 2 0
 17 4564 -7 -11
 17 4567 -8 -7
 17 4556 -8 -2
 17 4553 -9 -3
 17 4543 -8 -7
 17 4546 -8 -7
 17 4547 3 -2
 17 4554 -8 -7
 17 4569 -4 -11
 18 4569 -4 -12
 18 4549 -2 -4
 18 4573 -8 -7
 18 4548 -1 -13
 18 4552 -8 -7
 18 4560 -1 -13
 18 4556 -8 -2
 18 4541 2 2
 18 4543 -8 -7
 18 4546 -8 -7
 18 4553 -9 -3
 18 4555 -8 -7
 18 4550 2 0
 18 4562 2 0
 18 4557 -8 -7
 18 4567 -8 -7
 18 4542 -8 -7
 18 4561 -8 -2
 18 4544 -8 -2
 18 4565 -8 -7
 18 4559 -8 -7
 18 4566 -8 -7
 18 4551 4 -11
 18 4547 3 -2
 18 4564 -7 -11
 18 4563 2 2
 18 4572 0 -13
 18 4568 -8 -7
 18 4571 -8 -7
 18 4574 -8 -7
 18 4554 -8 -7
 18 4575 -8 -7
 18 4545 -7 -2
 18 4570 2 2
 18 4558 -9 -3
 19 4542 -8 -7
 19 4560 -1 -14
 19 4573 -8 -7
 19 4548 -1 -14
 19 4549 -2 -4
 19 4575 -8 -7
 19 4568 -8 -7
 19 4557 -8 -7
 19 4543 -8 -7
 19 4555 -8 -7
 19 4551 4 -11
 19 4558 -9 -3
 19 4554 -8 -7
 19 4556 -8 -2
 19 4559 -8 -7
 19 4546 -8 -7
 19 4547 3 -2
 19 4572 -1 -14
 19 4566 -8 -7
 19 4552 -8 -7
 19 4545 -7 -2
 19 4561 -8 -2
 19 4571 -8 -7
 19 4550 2 0
 19 4562 2 0
 19 4574 -8 -7
 19 4565 -8 -7
 19 4569 -5 -13
 19 4553 -9 -3
 19 4563 2 2
 19 4541 2 2
 19 4570 2 2
 19 4567 -8 -7
 19 4564 -7 -11
 19 4544 -8 -2
 20 4560 -1 -15
 20 4554 -8 -7
 20 4570 2 2
 20 4544 -8 -2
 20 4555 -8 -7
 20 4551 4 -11
 20 4557 -8 -7
 20 4568 -8 -7
 20 4573 -8 -7
 20 4564 -7 -11
 20 4563 2 2
 20 4559 -8 -7
 20 4571 -8 -7
 20 4542 -8 -7
 20 4547 3 -2
 20 4550 2 0
 20 4562 2 0
 20 4546 -8 -7
 20 4565 -8 -7
 20 4561 -8 -2
 20 4543 -8 -7
 20 4553 -9 -3
 20 4566 -8 -7
 20 4552 -8 -7
 20 4572 -1 -15
 20 4541 2 2
 20 4567 -8 -7
 20 4556 -8 -2
 20 4549 -2 -4
 20 4575 -8 -7
 20 4548 -1 -15
 20 4569 -6 -14
 20 4545 -7 -2
 20 4574 -8 -7
 20 4558 -9 -3
 21 4549 -2 -4
 21 4571 -8 -7
 21 4572 0 -16
 21 4542 -8 -7
 21 4562 2 0
 21 4546 -8 -7
 21 4553 -9 -3
 21 4548 0 -16
 21 4565 -8 -7
 21 4561 -8 -2
 21 4573 -8 -7
 21 4569 -6 -15
 21 4554 -8 -7
 21 4544 -8 -2
 21 4557 -8 -7
 21 4559 -8 -7
 21 4570 2 2
 21 4567 -8 -7
 21 4575 -8 -7
 21 4574 -8 -7
 21 4543 -8 -7
 21 4563 2 2
 21 4556 -8 -2
 21 4551 4 -11
 21 4568 -8 -7
 21 4555 -8 -7
 21 4558 -9 -3
 21 4541 2 2
 21 4547 3 -2
 21 4564 -7 -11
 21 4566 -8 -7
 21 4545 -7 -2
 21 4550 2 0
 21 4560 -2 -16
 21 4552 -8 -7
 22 4543 -8 -7
 22 4572 -1 -17
 22 4552 -8 -7
 22 4561 -8 -2
 22 4564 -7 -11
 22 4549 -2 -4
 22 4545 -7 -2
 22 4573 -8 -7
 22 4548 -1 -17
 22 4562 2 0
 22 4569 -6 -16
 22 4557 -8 -7
 22 4541 2 2
 22 4575 -8 -7
 22 4546 -8 -7
 22 4547 3 -2
 22 4558 -9 -3
 22 4566 -8 -7
 22 4570 2 2
 22 4554 -8 -7
 22 4571 -8 -7
 22 4568 -8 -7
 22 4563 2 2
 22 4574 -8 -7
 22 4555 -8 -7
 22 4550 2 0
 22 4551 4 -11
 22 4560 -3 -15
 22 4553 -9 -3
 22 4567 -8 -7
 22 4542 -8 -7
 22 4565 -8 -7
 22 4544 -8 -2
 22 4556 -8 -2
 22 4559 -8 -7
 23 4541 2 2
 23 4565 -8 -7
 23 4542 -8 -7
 23 4572 -1 -18
 23 4574 -8 -7
 23 4559 -8 -7
 23 4564 -7 -11
 23 4552 -8 -7
 23 4549 -2 -4
 23 4543 -8 -7
 23 4558 -9 -3
 23 4556 -8 -2
 23 4573 -8 -7
 23 4560 -4 -15
 23 4570 2 2
 23 4544 -8 -2
 23 4553 -9 -3
 23 4563 2 2
 23 4567 -8 -7
 23 4554 -8 -7
 23 4566 -8 -7
 23 4569 -7 -17
 23 4551 4 -11
 23 4562 2 0
 23 4548 -1 -18
 23 4547 3 -2
 23 4561 -8 -2
 23 4575 -8 -7
 23 4571 -8 -7
 23 4545 -7 -2
 23 4557 -8 -7
 23 4568 -8 -7
 23 4555 -8 -7
 23 4550 2 0
 23 4546 -8 -7
 24 4554 -8 -7
 24 4541 2 2
 24 4543 -8 -7
 24 4546 -8 -7
 24 4557 -8 -7
 24 4566 -8 -7
 24 4564 -7 -11
 24 4573 -8 -7
 24 4565 -8 -7
 24 4558 -9 -3
 24 4570 2 2
 24 4563 2 2
 24 4574 -8 -7
 24 4569 -8 -17
 24 4547 3 -2
 24 4568 -8 -7
 24 4571 -8 -7
 24 4572 -1 -19
 24 4553 -9 -3
 24 4551 4 -11
 24 4545 -7 -2
 24 4575 -8 -7
 24 4550 2 0
 24 4559 -8 -7
 24 4555 -8 -7
 24 4548 -1 -19
 24 4562 2 0
 24 4556 -8 -2
 24 4549 -2 -4
 24 4561 -8 -2
 24 4567 -8 -7
 24 4544 -8 -2
 24 4552 -8 -7
 24 4542 -8 -7
 24 4560 -5 -15
 25 4570 2 2
 25 4559 -8 -7
 25 4554 -8 -7
 25 4573 -8 -7
 25 4550 2 0
 25 4564 -7 -11
 25 4549 -2 -4
 25 4574 -8 -7
 25 4555 -8 -7
 25 4557 -8 -7
 25 4561 -8 -2
 25 4552 -8 -7
 25 4575 -8 -7
 25 4542 -8 -7
 25 4546 -8 -7
 25 4543 -8 -7
 25 4568 -8 -7
 25 4551 4 -11
 25 4553 -9 -3
 25 4560 -6 -16
 25 4566 -8 -7
 25 4541 2 2
 25 4563 2 2
 25 4544 -8 -2
 25 4572 0 -20
 25 4558 -9 -3
 25 4562 2 0
 25 4548 0 -20
 25 4571 -8 -7
 25 4545 -7 -2
 25 4567 -8 -7
 25 4565 -8 -7
 25 4556 -8 -2
 25 4547 3 -2
 25 4569 -8 -17
 26 4551 4 -11
 26 4550 2 0
 26 4564 -7 -11
 26 4543 -8 -7
 26 4565 -8 -7
 26 4554 -8 -7
 26 4571 -8 -7
 26 4552 -8 -7
 26 4562 2 0
 26 4575 -8 -7
 26 4569 -8 -17
 26 4541 2 2
 26 4559 -8 -7
 26 4555 -8 -7
 26 4546 -8 -7
 26 4563 2 2
 26 4560 -7 -17
 26 4567 -8 -7
 26 4561 -8 -2
 26 4573 -8 -7
 26 4544 -8 -2
 26 4557 -8 -7
 26 4572 1 -21
 26 4553 -9 -3
 26 4566 -8 -7
 26 4549 -2 -4
 26 4568 -8 -7
 26 4556 -8 -2
 26 4542 -8 -7
 26 4547 3 -2
 26 4545 -7 -2
 26 4570 2 2
 26 4548 0 -21
 26 4558 -9 -3
 26 4574 -8 -7
 27 4559 -8 -7
 27 4546 -8 -7
 27 4574 -8 -7
 27 4556 -8 -2
 27 4545 -7 -2
 27 4564 -7 -11
 27 4550 2 0
 27 4568 -8 -7
 27 4553 -9 -3
 27 4549 -2 -4
 27 4554 -8 -7
 27 4555 -8 -7
 27 4542 -8 -7
 27 4565 -8 -7
 27 4562 2 0
 27 4575 -8 -7
 27 4543 -8 -7
 27 4569 -8 -17
 27 4560 -7 -17
 27 4573 -8 -7
 27 4572 0 -21
 27 4551 4 -11
 27 4558 -9 -3
 27 4570 2 2
 27 4566 -8 -7
 27 4571 -8 -7
 27 4544 -8 -2
 27 4541 2 2
 27 4557 -8 -7
 27 4547 3 -2
 27 4561 -8 -2
 27 4548 0 -22
 27 4552 -8 -7
 27 4567 -8 -7
 27 4563 2 2
 28 4563 2 2
 28 4573 -8 -7
 28 4564 -7 -11
 28 4557 -8 -7
 28 4556 -8 -2
 28 4571 -8 -7
 28 4562 2 0
 28 4545 -7 -2
 28 4565 -8 -7
 28 4547 3 -2
 28 4542 -8 -7
 28 4555 -8 -7
 28 4541 2 2
 28 4552 -8 -7
 28 4566 -8 -7
 28 4570 2 2
 28 4572 0 -22
 28 4551 4 -11
 28 4569 -8 -17
 28 4548 0 -23
 28 4554 -8 -7
 28 4544 -8 -2
 28 4546 -8 -7
 28 4560 -7 -17
 28 4553 -9 -3
 28 4549 -2 -4
 28 4558 -9 -3
 28 4561 -8 -2
 28 4568 -8 -7
 28 4559 -8 -7
 28 4575 -8 -7
 28 4550 2 0
 28 4567 -8 -7
 28 4543 -8 -7
 28 4574 -8 -7
 29 4554 -8 -7
 29 4558 -9 -3
 29 4566 -8 -7
 29 4564 -7 -11
 29 4570 2 2
 29 4547 3 -2
 29 4571 -8 -7
 29 4543 -8 -7
 29 4572 0 -23
 29 4569 -8 -17
 29 4545 -7 -2
 29 4563 2 2
 29 4557 -8 -7
 29 4574 -8 -7
 29 4556 -8 -2
 29 4559 -8 -7
 29 4562 2 0
 29 4560 -7 -17
 29 4561 -8 -2
 29 4548 -1 -24
 29 4552 -8 -7
 29 4555 -8 -7
 29 4553 -9 -3
 29 4568 -8 -7
 29 4541 2 2
 29 4542 -8 -7
 29 4544 -8 -2
 29 4575 -8 -7
 29 4550 2 0
 29 4551 4 -11
 29 4549 -2 -4
 29 4565 -8 -7
 29 4567 -8 -7
 29 4546 -8 -7
 29 4573 -8 -7
 30 4541 2 2
 30 4565 -8 -7
 30 4545 -7 -2
 30 4553 -9 -3
 30 4549 -2 -4
 30 4566 -8 -7
 30 4564 -7 -11
 30 4556 -8 -2
 30 4551 4 -11
 30 4572 -1 -24
 30 4542 -8 -7
 30 4558 -9 -3
 30 4575 -8 -7
 30 4547 3 -2
 30 4548 -1 -25
 30 4555 -8 -7
 30 4570 2 2
 30 4560 -7 -17
 30 4550 2 0
 30 4569 -8 -17
 30 4561 -8 -2
 30 4543 -8 -7
 30 4544 -8 -2
 30 4552 -8 -7
 30 4571 -8 -7
 30 4573 -8 -7
 30 4546 -8 -7
 30 4574 -8 -7
 30 4554 -8 -7
 30 4557 -8 -7
 30 4559 -8 -7
 30 4567 -8 -7
 30 4562 2 0
 30 4563 2 2
 30 4568 -8 -7
 31 4552 -8 -7
 31 4555 -8 -7
 31 4543 -8 -7
 31 4556 -8 -2
 31 4553 -9 -3
 31 4548 -1 -26
 31 4572 0 -25
 31 4550 2 0
 31 4546 -8 -7
 31 4574 -8 -7
 31 4542 -8 -7
 31 4545 -7 -2
 31 4544 -8 -2
 31 4564 -7 -11
 31 4575 -8 -7
 31 4558 -9 -3
 31 4562 2 0
 31 4569 -8 -17
 31 4573 -8 -7
 31 4547 3 -2
 31 4567 -8 -7
 31 4551 4 -11
 31 4565 -8 -7
 31 4557 -8 -7
 31 4568 -8 -7
 31 4566 -8 -7
 31 4554 -8 -7
 31 4571 -8 -7
 31 4549 -2 -4
 31 4541 2 2
 31 4563 2 2
 31 4560 -7 -17
 31 4561 -8 -2
 31 4559 -8 -7
 31 4570 2 2
 32 4559 -8 -7
 32 4541 2 2
 32 4567 -8 -7
 32 4553 -9 -3
 32 4568 -8 -7
 32 4543 -8 -7
 32 4557 -8 -7
 32 4574 -8 -7
 32 4563 2 2
 32 4560 -7 -17
 32 4546 -8 -7
 32 4566 -8 -7
 32 4556 -8 -2
 32 4558 -9 -3
 32 4571 -8 -7
 32 4547 3 -2
 32 4542 -8 -7
 32 4544 -8 -2
 32 4573 -8 -7
 32 4570 2 2
 32 4565 -8 -7
 32 4562 2 0
 32 4572 0 -26
 32 4548 -1 -27
 32 4555 -8 -7
 32 4569 -8 -17
 32 4551 4 -11
 32 4545 -7 -2
 32 4550 2 0
 32 4552 -8 -7
 32 4575 -8 -7
 32 4564 -7 -11
 32 4554 -8 -7
 32 4561 -8 -2
 32 4549 -2 -4
 33 4542 -8 -7
 33 4556 -8 -2
 33 4560 -7 -17
 33 4551 4 -11
 33 4550 2 0
 33 4547 3 -2
 33 4559 -8 -7
 33 4543 -8 -7
 33 4558 -9 -3
 33 4553 -9 -3
 33 4575 -8 -7
 33 4566 -8 -7
 33 4574 -8 -7
 33 4549 -2 -4
 33 4564 -7 -11
 33 4571 -8 -7
 33 4545 -7 -2
 33 4567 -8 -7
 33 4552 -8 -7
 33 4568 -8 -7
 33 4557 -8 -7
 33 4561 -8 -2
 33 4554 -8 -7
 33 4572 -1 -27
 33 4562 2 0
 33 4569 -8 -17
 33 4565 -8 -7
 33 4573 -8 -7
 33 4541 2 2
 33 4544 -8 -2
 33 4546 -8 -7
 33 4548 -1 -28
 33 4563 2 2
 33 4570 2 2
 33 4555 -8 -7
 34 4563 2 2
 34 4561 -8 -2
 34 4569 -8 -17
 34 4572 -1 -28
 34 4575 -8 -7
 34 4550 2 0
 34 4558 -9 -3
 34 4551 4 -11
 34 4566 -8 -7
 34 4546 -8 -7
 34 4549 -2 -4
 34 4553 -9 -3
 34 4570 2 2
 34 4555 -8 -7
 34 4545 -7 -2
 34 4573 -8 -7
 34 4562 2 0
 34 4542 -8 -7
 34 4548 -2 -29
 34 4574 -8 -7
 34 4568 -8 -7
 34 4565 -8 -7
 34 4544 -8 -2
 34 4560 -7 -17
 34 4541 2 2
 34 4564 -7 -11
 34 4556 -8 -2
 34 4543 -8 -7
 34 4552 -8 -7
 34 4547 3 -2
 34 4559 -8 -7
 34 4554 -8 -7
 34 4571 -8 -7
 34 4557 -8 -7
 34 4567 -8 -7
 35 4573 -8 -7
 35 4549 -2 -4
 35 4567 -8 -7
 35 4557 -8 -7
 35 4556 -8 -2
 35 4554 -8 -7
 35 4565 -8 -7
 35 4560 -7 -17
 35 4550 2 0
 35 4568 -8 -7
 35 4546 -8 -7
 35 4541 2 2
 35 4559 -8 -7
 35 4548 -3 -28
 35 4544 -8 -2
 35 4570 2 2
 35 4571 -8 -7
 35 4545 -7 -2
 35 4558 -9 -3
 35 4543 -8 -7
 35 4562 2 0
 35 4555 -8 -7
 35 4553 -9 -3
 35 4575 -8 -7
 35 4551 4 -11
 35 4552 -8 -7
 35 4561 -8 -2
 35 4569 -8 -17
 35 4572 0 -28
 35 4563 2 2
 35 4566 -8 -7
 35 4547 3 -2
 35 4564 -7 -11
 35 4574 -8 -7
 35 4542 -8 -7
 36 4562 2 0
 36 4543 -8 -7
 36 4569 -8 -17
 36 4554 -8 -7
 36 4546 -8 -7
 36 4568 -8 -7
 36 4575 -8 -7
 36 4573 -8 -7
 36 4558 -9 -3
 36 4544 -8 -2
 36 4567 -8 -7
 36 4549 -2 -4
 36 4557 -8 -7
 36 4542 -8 -7
 36 4553 -9 -3
 36 4547 3 -2
 36 4545 -7 -2
 36 4550 2 0
 36 4560 -7 -17
 36 4559 -8 -7
 36 4566 -8 -7
 36 4564 -7 -11
 36 4570 2 2
 36 4555 -8 -7
 36 4551 4 -11
 36 4552 -8 -7
 36 4548 -4 -27
 36 4572 0 -29
 36 4556 -8 -2
 36 4574 -8 -7
 36 4565 -8 -7
 36 4563 2 2
 36 4561 -8 -2
 36 4571 -8 -7
 36 4541 2 2
 37 4573 -8 -7
 37 4574 -8 -7
 37 4547 3 -2
 37 4555 -8 -7
 37 4568 -8 -7
 37 4554 -8 -7
 37 4543 -8 -7
 37 4565 -8 -7
 37 4552 -8 -7
 37 4556 -8 -2
 37 4569 -8 -17
 37 4566 -8 -7
 37 4571 -8 -7
 37 4557 -8 -7
 37 4549 -2 -4
 37 4559 -8 -7
 37 4575 -8 -7
 37 4563 2 2
 37 4541 2 2
 37 4558 -9 -3
 37 4545 -7 -2
 37 4572 0 -30
 37 4570 2 2
 37 4560 -7 -17
 37 4551 4 -11
 37 4553 -9 -3
 37 4567 -8 -7
 37 4550 2 0
 37 4544 -8 -2
 37 4561 -8 -2
 37 4546 -8 -7
 37 4564 -7 -11
 37 4548 -5 -28
 37 4562 2 0
 37 4542 -8 -7
 38 4575 -8 -7
 38 4543 -8 -7
 38 4553 -9 -3
 38 4563 2 2
 38 4554 -8 -7
 38 4544 -8 -2
 38 4551 4 -11
 38 4558 -9 -3
 38 4552 -8 -7
 38 4556 -8 -2
 38 4567 -8 -7
 38 4549 -2 -4
 38 4573 -8 -7
 38 4542 -8 -7
 38 4559 -8 -7
 38 4548 -6 -28
 38 4569 -8 -17
 38 4571 -8 -7
 38 4561 -8 -2
 38 4572 1 -31
 38 4557 -8 -7
 38 4565 -8 -7
 38 4547 3 -2
 38 4566 -8 -7
 38 4562 2 0
 38 4560 -7 -17
 38 4546 -8 -7
 38 4550 2 0
 38 4564 -7 -11
 38 4545 -7 -2
 38 4574 -8 -7
 38 4570 2 2
 38 4555 -8 -7
 38 4541 2 2
 38 4568 -8 -7
 39 4564 -7 -11
 39 4552 -8 -7
 39 4541 2 2
 39 4559 -8 -7
 39 4561 -8 -2
 39 4573 -8 -7
 39 4546 -8 -7
 39 4571 -8 -7
 39 4567 -8 -7
 39 4551 4 -11
 39 4547 3 -2
 39 4574 -8 -7
 39 4543 -8 -7
 39 4557 -8 -7
 39 4553 -9 -3
 39 4544 -8 -2
 39 4569 -8 -17
 39 4568 -8 -7
 39 4542 -8 -7
 39 4556 -8 -2
 39 4548 -6 -28
 39 4565 -8 -7
 39 4566 -8 -7
 39 4549 -2 -4
 39 4560 -7 -17
 39 4572 0 -32
 39 4575 -8 -7
 39 4563 2 2
 39 4562 2 0
 39 4558 -9 -3
 39 4545 -7 -2
 39 4550 2 0
 39 4555 -8 -7
 39 4554 -8 -7
 39 4570 2 2
 40 4552 -8 -7
 40 4573 -8 -7
 40 4555 -8 -7
 40 4568 -8 -7
 40 4558 -9 -3
 40 4574 -8 -7
 40 4541 2 2
 40 4554 -8 -7
 40 4549 -2 -4
 40 4550 2 0
 40 4561 -8 -2
 40 4560 -7 -17
 40 4572 1 -33
 40 4567 -8 -7
 40 4545 -7 -2
 40 4562 2 0
 40 4559 -8 -7
 40 4563 2 2
 40 4544 -8 -2
 40 4575 -8 -7
 40 4570 2 2
 40 4566 -8 -7
 40 4564 -7 -11
 40 4565 -8 -7
 40 4553 -9 -3
 40 4547 3 -2
 40 4543 -8 -7
 40 4542 -8 -7
 40 4551 4 -11
 40 4571 -8 -7
 40 4546 -8 -7
 40 4569 -8 -17
 40 4557 -8 -7
 40 4548 -6 -28
 40 4556 -8 -2
 41 4563 2 2
 41 4571 -8 -7
 41 4575 -8 -7
 41 4551 4 -11
 41 4552 -8 -7
 41 4556 -8 -2
 41 4543 -8 -7
 41 4542 -8 -7
 41 4546 -8 -7
 41 4549 -2 -4
 41 4570 2 2
 41 4567 -8 -7
 41 4566 -8 -7
 41 4550 2 0
 41 4544 -8 -2
 41 4541 2 2
 41 4564 -7 -11
 41 4554 -8 -7
 41 4565 -8 -7
 41 4555 -8 -7
 41 4560 -7 -17
 41 4545 -7 -2
 41 4558 -9 -3
 41 4562 2 0
 41 4569 -8 -17
 41 4568 -8 -7
 41 4547 3 -2
 41 4559 -8 -7
 41 4574 -8 -7
 41 4553 -9 -3
 41 4573 -8 -7
 41 4548 -6 -28
 41 4561 -8 -2
 41 4572 0 -34
 41 4557 -8 -7
 42 4557 -8 -7
 42 4566 -8 -7
 42 4565 -8 -7
 42 4562 2 0
 42 4559 -8 -7
 42 4556 -8 -2
 42 4570 2 2
 42 4544 -8 -2
 42 4551 4 -11
 42 4546 -8 -7
 42 4569 -8 -17
 42 4542 -8 -7
 42 4563 2 2
 42 4567 -8 -7
 42 4575 -8 -7
 42 4560 -7 -17
 42 4572 0 -34
 42 4558 -9 -3
 42 4541 2 2
 42 4547 3 -2
 42 4571 -8 -7
 42 4545 -7 -2
 42 4574 -8 -7
 42 4554 -8 -7
 42 4561 -8 -2
 42 4543 -8 -7
 42 4573 -8 -7
 42 4552 -8 -7
 42 4564 -7 -11
 42 4568 -8 -7
 42 4553 -9 -3
 42 4555 -8 -7
 42 4548 -6 -28
 42 4550 2 0
 42 4549 -2 -4
 43 4572 0 -34
 43 4553 -9 -3
 43 4551 4 -11
 43 4545 -7 -2
 43 4570 2 2
 43 4568 -8 -7
 43 4555 -8 -7
 43 4542 -8 -7
 43 4558 -9 -3
 43 4566 -8 -7
 43 4554 -8 -7
 43 4561 -8 -2
 43 4546 -8 -7
 43 4564 -7 -11
 43 4571 -8 -7
 43 4543 -8 -7
 43 4548 -6 -28
 43 4565 -8 -7
 43 4552 -8 -7
 43 4573 -8 -7
 43 4569 -8 -17
 43 4549 -2 -4
 43 4560 -7 -17
 43 4562 2 0
 43 4544 -8 -2
 43 4541 2 2
 43 4550 2 0
 43 4547 3 -2
 43 4559 -8 -7
 43 4574 -8 -7
 43 4575 -8 -7
 43 4557 -8 -7
 43 4556 -8 -2
 43 4567 -8 -7
 43 4563 2 2
 44 4553 -9 -3
 44 4557 -8 -7
 44 4569 -8 -17
 44 4558 -9 -3
 44 4554 -8 -7
 44 4562 2 0
 44 4555 -8 -7
 44 4552 -8 -7
 44 4550 2 0
 44 4561 -8 -2
 44 4570 2 2
 44 4564 -7 -11
 44 4547 3 -2
 44 4556 -8 -2
 44 4560 -7 -17
 44 4544 -8 -2
 44 4559 -8 -7
 44 4575 -8 -7
 44 4567 -8 -7
 44 4565 -8 -7
 44 4566 -8 -7
 44 4543 -8 -7
 44 4574 -8 -7
 44 4545 -7 -2
 44 4563 2 2
 44 4573 -8 -7
 44 4551 4 -11
 44 4571 -8 -7
 44 4572 0 -34
 44 4568 -8 -7
 44 4541 2 2
 44 4542 -8 -7
 44 4546 -8 -7
 44 4548 -6 -28
 44 4549 -2 -4
 45 4553 -9 -3
 45 4548 -6 -28
 45 4572 0 -34
 45 4569 -8 -17
 45 4559 -8 -7
 45 4575 -8 -7
 45 4542 -8 -7
 45 4562 2 0
 45 4552 -8 -7
 45 4560 -7 -17
 45 4570 2 2
 45 4550 2 0
 45 4567 -8 -7
 45 4564 -7 -11
 45 4568 -8 -7
 45 4573 -8 -7
 45 4551 4 -11
 45 4574 -8 -7
 45 4565 -8 -7
 45 4545 -7 -2
 45 4566 -8 -7
 45 4543 -8 -7
 45 4557 -8 -7
 45 4544 -8 -2
 45 4547 3 -2
 45 4546 -8 -7
 45 4556 -8 -2
 45 4558 -9 -3
 45 4541 2 2
 45 4571 -8 -7
 45 4563 2 2
 45 4561 -8 -2
 45 4549 -2 -4
 45 4554 -8 -7
 45 4555 -8 -7
 46 4541 2 2
 46 4570 2 2
 46 4550 2 0
 46 4559 -8 -7
 46 4543 -8 -7
 46 4566 -8 -7
 46 4563 2 2
 46 4554 -8 -7
 46 4549 -2 -4
 46 4574 -8 -7
 46 4572 0 -34
 46 4569 -8 -17
 46 4575 -8 -7
 46 4551 4 -11
 46 4560 -7 -17
 46 4573 -8 -7
 46 4558 -9 -3
 46 4553 -9 -3
 46 4562 2 0
 46 4567 -8 -7
 46 4564 -7 -11
 46 4561 -8 -2
 46 4547 3 -2
 46 4556 -8 -2
 46 4568 -8 -7
 46 4557 -8 -7
 46 4542 -8 -7
 46 4565 -8 -7
 46 4552 -8 -7
 46 4544 -8 -2
 46 4571 -8 -7
 46 4555 -8 -7
 46 4546 -8 -7
 46 4548 -6 -28
 46 4545 -7 -2
 47 4545 -7 -2
 47 4559 -8 -7
 47 4561 -8 -2
 47 4552 -8 -7
 47 4558 -9 -3
 47 4564 -7 -11
 47 4550 2 0
 47 4572 0 -34
 47 4553 -9 -3
 47 4546 -8 -7
 47 4556 -8 -2
 47 4548 -6 -28
 47 4541 2 2
 47 4555 -8 -7
 47 4566 -8 -7
 47 4551 4 -11
 47 4557 -8 -7
 47 4560 -7 -17
 47 4573 -8 -7
 47 4554 -8 -7
 47 4544 -8 -2
 47 4563 2 2
 47 4571 -8 -7
 47 4567 -8 -7
 47 4565 -8 -7
 47 4547 3 -2
 47 4570 2 2
 47 4575 -8 -7
 47 4543 -8 -7
 47 4568 -8 -7
 47 4542 -8 -7
 47 4562 2 0
 47 4549 -2 -4
 47 4574 -8 -7
 47 4569 -8 -17
 48 4543 -8 -7
 48 4571 -8 -7
 48 4570 2 2
 48 4572 0 -34
 48 4568 -8 -7
 48 4569 -8 -17
 48 4567 -8 -7
 48 4546 -8 -7
 48 4552 -8 -7
 48 4575 -8 -7
 48 4544 -8 -2
 48 4557 -8 -7
 48 4566 -8 -7
 48 4573 -8 -7
 48 4561 -8 -2
 48 4541 2 2
 48 4548 -6 -28
 48 4563 2 2
 48 4554 -8 -7
 48 4550 2 0
 48 4542 -8 -7
 48 4558 -9 -3
 48 4551 4 -11
 48 4565 -8 -7
 48 4574 -8 -7
 48 4556 -8 -2
 48 4555 -8 -7
 48 4545 -7 -2
 48 4560 -7 -17
 48 4547 3 -2
 48 4562 2 0
 48 4559 -8 -7
 48 4549 -2 -4
 48 4553 -9 -3
 48 4564 -7 -11
 49 4556 -8 -2
 49 4573 -8 -7
 49 4571 -8 -7
 49 4574 -8 -7
 49 4543 -8 -7
 49 4569 -8 -17
 49 4552 -8 -7
 49 4572 0 -34
 49 4544 -8 -2
 49 4570 2 2
 49 4564 -7 -11
 49 4558 -9 -3
 49 4547 3 -2
 49 4548 -6 -28
 49 4553 -9 -3
 49 4562 2 0
 49 4568 -8 -7
 49 4566 -8 -7
 49 4545 -7 -2
 49 4567 -8 -7
 49 4563 2 2
 49 4554 -8 -7
 49 4561 -8 -2
 49 4560 -7 -17
 49 4557 -8 -7
 49 4559 -8 -7
 49 4541 2 2
 49 4551 4 -11
 49 4575 -8 -7
 49 4555 -8 -7
 49 4546 -8 -7
 49 4550 2 0
 49 4549 -2 -4
 49 4542 -8 -7
 49 4565 -8 -7
 50 4549 -2 -4
 50 4561 -8 -2
 50 4553 -9 -3
 50 4574 -8 -7
 50 4554 -8 -7
 50 4547 3 -2
 50 4542 -8 -7
 50 4541 2 2
 50 4560 -7 -17
 50 4559 -8 -7
 50 4569 -8 -17
 50 4568 -8 -7
 50 4573 -8 -7
 50 4551 4 -11
 50 4552 -8 -7
 50 4556 -8 -2
 50 4558 -9 -3
 50 4544 -8 -2
 50 4571 -8 -7
 50 4546 -8 -7
 50 4566 -8 -7
 50 4548 -6 -28
 50 4563 2 2
 50 4572 0 -34
 50 4564 -7 -11
 50 4543 -8 -7
 50 4555 -8 -7
 50 4565 -8 -7
 50 4570 2 2
 50 4575 -8 -7
 50 4567 -8 -7
 50 4550 2 0
 50 4545 -7 -2
 50 4562 2 0
 50 4557 -8 -7
 51 4567 -8 -7
 51 4546 -8 -7
 51 4544 -8 -2
 51 4571 -8 -7
 51 4547 3 -2
 51 4557 -8 -7
 51 4558 -9 -3
 51 4542 -8 -7
 51 4543 -8 -7
 51 4551 4 -11
 51 4574 -8 -7
 51 4549 -2 -4
 51 4552 -8 -7
 51 4568 -8 -7
 51 4559 -8 -7
 51 4563 2 2
 51 4561 -8 -2
 51 4562 2 0
 51 4570 2 2
 51 4550 2 0
 51 4566 -8 -7
 51 4564 -7 -11
 51 4555 -8 -7
 51 4560 -7 -17
 51 4565 -8 -7
 51 4573 -8 -7
 51 4554 -8 -7
 51 4541 2 2
 51 4545 -7 -2
 51 4575 -8 -7
 51 4569 -8 -17
 51 4556 -8 -2
 51 4548 -6 -28
 51 4553 -9 -3
 51 4572 0 -34
 52 4544 -8 -2
 52 4550 2 0
 52 4545 -7 -2
 52 4575 -8 -7
 52 4542 -8 -7
 52 4556 -8 -2
 52 4568 -8 -7
 52 4548 -6 -28
 52 4569 -8 -17
 52 4570 2 2
 52 4565 -8 -7
 52 4551 4 -11
 52 4566 -8 -7
 52 4549 -2 -4
 52 4543 -8 -7
 52 4554 -8 -7
 52 4547 3 -2
 52 4574 -8 -7
 52 4563 2 2
 52 4553 -9 -3
 52 4567 -8 -7
 52 4559 -8 -7
 52 4552 -8 -7
 52 4546 -8 -7
 52 4562 2 0
 52 4564 -7 -11
 52 4557 -8 -7
 52 4560 -7 -17
 52 4541 2 2
 52 4571 -8 -7
 52 4558 -9 -3
 52 4555 -8 -7
 52 4572 0 -34
 52 4573 -8 -7
 52 4561 -8 -2
 53 4574 -8 -7
 53 4542 -8 -7
 53 4571 -8 -7
 53 4564 -7 -11
 53 4566 -8 -7
 53 4559 -8 -7
 53 4572 0 -34
 53 4551 4 -11
 53 4575 -8 -7
 53 4569 -8 -17
 53 4548 -6 -28
 53 4565 -8 -7
 53 4557 -8 -7
 53 4541 2 2
 53 4554 -8 -7
 53 4545 -7 -2
 53 4560 -7 -17
 53 4570 2 2
 53 4562 2 0
 53 4552 -8 -7
 53 4561 -8 -2
 53 4549 -2 -4
 53 4550 2 0
 53 4546 -8 -7
 53 4573 -8 -7
 53 4544 -8 -2
 53 4568 -8 -7
 53 4553 -9 -3
 53 4543 -8 -7
 53 4563 2 2
 53 4555 -8 -7
 53 4567 -8 -7
 53 4556 -8 -2
 53 4558 -9 -3
 53 4547 3 -2
 54 4563 2 2
 54 4575 -8 -7
 54 4543 -8 -7
 54 4574 -8 -7
 54 4561 -8 -2
 54 4544 -8 -2
 54 4570 2 2
 54 4568 -8 -7
 54 4550 2 0
 54 4542 -8 -7
 54 4564 -7 -11
 54 4555 -8 -7
 54 4558 -9 -3
 54 4560 -7 -17
 54 4562 2 0
 54 4567 -8 -7
 54 4551 4 -11
 54 4545 -7 -2
 54 4556 -8 -2
 54 4569 -8 -17
 54 4546 -8 -7
 54 4548 -6 -28
 54 4557 -8 -7
 54 4541 2 2
 54 4553 -9 -3
 54 4549 -2 -4
 54 4571 -8 -7
 54 4573 -8 -7
 54 4554 -8 -7
 54 4572 0 -34
 54 4559 -8 -7
 54 4552 -8 -7
 54 4566 -8 -7
 54 4565 -8 -7
 54 4547 3 -2
 55 4543 -8 -7
 55 4557 -8 -7
 55 4552 -8 -7
 55 4545 -7 -2
 55 4546 -8 -7
 55 4573 -8 -7
 55 4571 -8 -7
 55 4547 3 -2
 55 4559 -8 -7
 55 4553 -9 -3
 55 4542 -8 -7
 55 4554 -8 -7
 55 4544 -8 -2
 55 4563 2 2
 55 4555 -8 -7
 55 4561 -8 -2
 55 4562 2 0
 55 4564 -7 -11
 55 4541 2 2
 55 4551 4 -11
 55 4556 -8 -2
 55 4550 2 0
 55 4548 -6 -28
 55 4574 -8 -7
 55 4565 -8 -7
 55 4568 -8 -7
 55 4575 -8 -7
 55 4566 -8 -7
 55 4558 -9 -3
 55 4567 -8 -7
 55 4570 2 2
 55 4549 -2 -4
 55 4560 -7 -17
 55 4569 -8 -17
 55 4572 0 -34
 56 4569 -8 -17
 56 4557 -8 -7
 56 4567 -8 -7
 56 4560 -7 -17
 56 4551 4 -11
 56 4548 -6 -28
 56 4545 -7 -2
 56 4568 -8 -7
 56 4575 -8 -7
 56 4546 -8 -7
 56 4563 2 2
 56 4555 -8 -7
 56 4543 -8 -7
 56 4541 2 2
 56 4554 -8 -7
 56 4570 2 2
 56 4571 -8 -7
 56 4550 2 0
 56 4542 -8 -7
 56 4553 -9 -3
 56 4562 2 0
 56 4565 -8 -7
 56 4556 -8 -2
 56 4572 0 -34
 56 4549 -2 -4
 56 4552 -8 -7
 56 4559 -8 -7
 56 4566 -8 -7
 56 4558 -9 -3
 56 4564 -7 -11
 56 4561 -8 -2
 56 4547 3 -2
 56 4573 -8 -7
 56 4544 -8 -2
 56 4574 -8 -7
 57 4546 -8 -7
 57 4568 -8 -7
 57 4561 -8 -2
 57 4548 -6 -28
 57 4556 -8 -2
 57 4543 -8 -7
 57 4573 -8 -7
 57 4555 -8 -7
 57 4563 2 2
 57 4564 -7 -11
 57 4570 2 2
 57 4565 -8 -7
 57 4550 2 0
 57 4552 -8 -7
 57 4559 -8 -7
 57 4553 -9 -3
 57 4575 -8 -7
 57 4549 -2 -4
 57 4558 -9 -3
 57 4566 -8 -7
 57 4574 -8 -7
 57 4571 -8 -7
 57 4560 -7 -17
 57 4567 -8 -7
 57 4557 -8 -7
 57 4562 2 0
 57 4545 -7 -2
 57 4572 0 -34
 57 4544 -8 -2
 57 4554 -8 -7
 57 4569 -8 -17
 57 4541 2 2
 57 4551 4 -11
 57 4542 -8 -7
 57 4547 3 -2
 58 4546 -8 -7
 58 4549 -2 -4
 58 4557 -8 -7
 58 4545 -7 -2
 58 4574 -8 -7
 58 4559 -8 -7
 58 4566 -8 -7
 58 4541 2 2
 58 4553 -9 -3
 58 4575 -8 -7
 58 4554 -8 -7
 58 4562 2 0
 58 4560 -7 -17
 58 4550 2 0
 58 4555 -8 -7
 58 4568 -8 -7
 58 4561 -8 -2
 58 4569 -8 -17
 58 4572 0 -34
 58 4544 -8 -2
 58 4563 2 2
 58 4556 -8 -2
 58 4552 -8 -7
 58 4571 -8 -7
 58 4547 3 -2
 58 4551 4 -11
 58 4567 -8 -7
 58 4565 -8 -7
 58 4558 -9 -3
 58 4542 -8 -7
 58 4543 -8 -7
 58 4573 -8 -7
 58 4564 -7 -11
 58 4548 -6 -28
 58 4570 2 2
 59 4542 -8 -7
 59 4559 -8 -7
 59 4544 -7 -2
 59 4557 -8 -7
 59 4555 -8 -7
 59 4571 -8 -7
 59 4545 -7 -2
 59 4567 -8 -7
 59 4548 -6 -27
 59 4553 -8 -2
 59 4547 3 -1
 59 4561 -8 -2
 59 4550 2 0
 59 4563 2 2
 59 4562 2 0
 59 4574 -8 -7
 59 4570 2 2
 59 4564 -7 -11
 59 4569 -8 -16
 59 4565 -8 -7
 59 4554 -8 -7
 59 4560 -7 -17
 59 4543 -8 -7
 59 4551 4 -11
 59 4546 -8 -7
 59 4558 -8 -2
 59 4566 -8 -7
 59 4573 -8 -7
 59 4568 -8 -7
 59 4549 -1 -3
 59 4556 -8 -2
 59 4575 -8 -7
 59 4552 -8 -7
 59 4541 2 2
 59 4572 0 -34
 60 4546 -8 -7
 60 4574 -8 -7
 60 4545 -7 -2
 60 4550 2 0
 60 4567 -8 -7
 60 4573 -8 -7
 60 4549 0 -3
 60 4566 -8 -7
 60 4563 2 2
 60 4558 -7 -2
 60 4551 4 -11
 60 4555 -8 -7
 60 4565 -8 -7
 60 4557 -8 -7
 60 4562 2 0
 60 4564 -7 -11
 60 4560 -7 -17
 60 4552 -8 -7
 60 4548 -6 -26
 60 4556 -8 -2
 60 4542 -8 -7
 60 4561 -8 -2
 60 4547 3 0
 60 4559 -8 -7
 60 4570 2 2
 60 4553 -7 -2
 60 4541 2 2
 60 4543 -8 -7
 60 4571 -8 -7
 60 4575 -8 -7
 60 4544 -6 -3
 60 4569 -8 -15
 60 4554 -8 -7
 60 4572 0 -34
 60 4568 -8 -7
 61 4566 -8 -7
 61 4557 -8 -7
 61 4559 -8 -7
 61 4541 2 2
 61 4567 -8 -7
 61 4554 -8 -7
 61 4572 0 -34
 61 4574 -8 -7
 61 4548 -6 -25
 61 4550 2 0
 61 4561 -8 -2
 61 4552 -8 -7
 61 4545 -7 -2
 61 4543 -8 -7
 61 4547 3 1
 61 4564 -7 -11
 61 4546 -8 -7
 61 4570 2 2
 61 4575 -8 -7
 61 4544 -5 -4
 61 4560 -7 -17
 61 4555 -8 -7
 61 4562 2 0
 61 4551 4 -11
 61 4573 -8 -7
 61 4568 -8 -7
 61 4556 -8 -2
 61 4553 -6 -3
 61 4549 1 -2
 61 4542 -8 -7
 61 4565 -8 -7
 61 4563 2 2
 61 4569 -7 -14
 61 4571 -8 -7
 61 4558 -6 -3
 62 4544 -4 -4
 62 4552 -9 -7
 62 4550 3 0
 62 4568 -9 -7
 62 4551 3 -10
 62 4543 -9 -7
 62 4569 -7 -13
 62 4556 -7 -2
 62 4573 -9 -7
 62 4549 2 -2
 62 4564 -8 -12
 62 4548 -6 -24
 62 4563 2 1
 62 4542 -8 -7
 62 4561 -7 -2
 62 4575 -9 -7
 62 4565 -9 -7
 62 4570 2 1
 62 4545 -6 -3
 62 4557 -9 -7
 62 4555 -9 -7
 62 4541 2 1
 62 4553 -5 -4
 62 4560 -7 -17
 62 4558 -5 -4
 62 4547 2 1
 62 4562 2 1
 62 4546 -9 -7
 62 4571 -9 -7
 62 4566 -8 -7
 62 4559 -9 -7
 62 4572 -1 -33
 62 4554 -9 -7
 62 4567 -9 -7
 62 4574 -9 -7
 63 4546 -9 -6
 63 4553 -4 -4
 63 4567 -9 -6
 63 4569 -8 -12
 63 4552 -9 -6
 63 4551 3 -9
 63 4575 -9 -6
 63 4564 -9 -11
 63 4566 -8 -7
 63 4545 -5 -4
 63 4549 3 -1
 63 4547 3 1
 63 4561 -6 -3
 63 4560 -7 -17
 63 4558 -4 -4
 63 4542 -8 -7
 63 4563 3 1
 63 4556 -6 -3
 63 4544 -3 -4
 63 4572 -3 -32
 63 4559 -9 -6
 63 4573 -9 -6
 63 4548 -6 -23
 63 4555 -9 -6
 63 4574 -9 -6
 63 4562 3 1
 63 4550 3 1
 63 4541 3 1
 63 4543 -9 -6
 63 4557 -9 -6
 63 4570 3 1
 63 4568 -9 -6
 63 4571 -9 -6
 63 4554 -9 -6
 63 4565 -9 -6
 64 4567 -9 -5
 64 4561 -5 -4
 64 4554 -9 -5
 64 4544 -2 -4
 64 4564 -9 -10
 64 4572 -5 -31
 64 4575 -9 -5
 64 4558 -3 -4
 64 4556 -5 -4
 64 4553 -3 -4
 64 4570 2 1
 64 4566 -8 -7
 64 4541 2 1
 64 4552 -9 -5
 64 4542 -8 -7
 64 4571 -9 -5
 64 4562 4 2
 64 4546 -9 -5
 64 4565 -9 -5
 64 4555 -9 -5
 64 4548 -7 -22
 64 4563 4 2
 64 4549 3 0
 64 4543 -9 -5
 64 4574 -9 -5
 64 4560 -7 -17
 64 4557 -9 -5
 64 4550 2 1
 64 4547 2 1
 64 4573 -9 -5
 64 4545 -4 -4
 64 4559 -9 -5
 64 4568 -9 -5
 64 4551 3 -8
 64 4569 -8 -13
 65 4559 -9 -4
 65 4562 3 1
 65 4542 -8 -7
 65 4565 -9 -4
 65 4567 -9 -4
 65 4543 -9 -4
 65 4548 -7 -21
 65 4558 -2 -4
 65 4552 -9 -4
 65 4568 -9 -4
 65 4575 -9 -4
 65 4554 -9 -4
 65 4551 3 -7
 65 4572 -6 -30
 65 4570 3 1
 65 4549 3 1
 65 4574 -9 -4
 65 4553 -2 -4
 65 4573 -9 -4
 65 4569 -8 -14
 65 4560 -7 -17
 65 4550 3 1
 65 4566 -8 -7
 65 4544 -1 -3
 65 4546 -9 -4
 65 4564 -9 -9
 65 4547 3 1
 65 4557 -9 -4
 65 4563 3 1
 65 4561 -4 -4
 65 4571 -9 -4
 65 4555 -9 -4
 65 4556 -4 -4
 65 4545 -3 -4
 65 4541 3 1
 66 4574 -9 -3
 66 4548 -7 -20
 66 4569 -7 -14
 66 4551 3 -6
 66 4544 0 -3
 66 4543 -9 -3
 66 4545 -2 -4
 66 4554 -9 -3
 66 4541 4 2
 66 4566 -8 -7
 66 4556 -3 -4
 66 4558 -1 -3
 66 4567 -9 -3
 66 4561 -3 -4
 66 4550 4 2
 66 4553 -1 -3
 66 4557 -9 -3
 66 4547 4 2
 66 4555 -9 -3
 66 4565 -9 -3
 66 4552 -9 -3
 66 4570 2 1
 66 4542 -8 -7
 66 4559 -9 -3
 66 4563 4 2
 66 4573 -9 -3
 66 4571 -9 -3
 66 4560 -7 -17
 66 4546 -9 -3
 66 4572 -6 -29
 66 4564 -9 -8
 66 4575 -9 -3
 66 4549 2 1
 66 4568 -9 -3
 66 4562 4 2
 67 4551 4 -5
 67 4543 -8 -2
 67 4573 -8 -2
 67 4544 1 -2
 67 4550 3 1
 67 4541 3 1
 67 4558 0 -3
 67 4561 -2 -4
 67 4559 -8 -2
 67 4568 -8 -2
 67 4554 -8 -2
 67 4562 3 1
 67 4572 -6 -28
 67 4552 -8 -2
 67 4545 -1 -3
 67 4566 -8 -7
 67 4547 3 1
 67 4571 -8 -2
 67 4569 -7 -13
 67 4574 -8 -2
 67 4546 -8 -2
 67 4570 3 1
 67 4560 -7 -17
 67 4555 -8 -2
 67 4542 -8 -7
 67 4575 -8 -2
 67 4553 0 -3
 67 4564 -9 -7
 67 4549 3 1
 67 4565 -8 -2
 67 4563 3 1
 67 4556 -2 -4
 67 4548 -7 -19
 67 4567 -8 -2
 67 4557 -8 -2
 68 4561 -1 -3
 68 4570 4 2
 68 4554 -7 -2
 68 4553 1 -2
 68 4558 1 -2
 68 4572 -6 -27
 68 4565 -7 -2
 68 4564 -9 -6
 68 4571 -7 -2
 68 4541 4 2
 68 4557 -7 -2
 68 4551 3 -4
 68 4559 -7 -2
 68 4546 -7 -2
 68 4562 4 2
 68 4566 -8 -7
 68 4556 -1 -3
 68 4573 -7 -2
 68 4547 2 1
 68 4552 -7 -2
 68 4545 0 -3
 68 4555 -7 -2
 68 4542 -8 -7
 68 4544 2 -2
 68 4549 2 1
 68 4548 -7 -18
 68 4550 2 1
 68 4574 -7 -2
 68 4575 -7 -2
 68 4563 2 1
 68 4567 -7 -2
 68 4560 -7 -18
 68 4568 -7 -2
 68 4569 -8 -12
 68 4543 -7 -2
 69 4553 2 -2
 69 4564 -9 -5
 69 4558 2 -2
 69 4547 3 1
 69 4557 -6 -3
 69 4543 -6 -3
 69 4546 -6 -3
 69 4541 3 1
 69 4570 3 1
 69 4552 -6 -3
 69 4555 -6 -3
 69 4573 -6 -3
 69 4565 -6 -3
 69 4571 -6 -3
 69 4545 1 -2
 69 4549 3 1
 69 4568 -6 -3
 69 4569 -9 -11
 69 4563 3 1
 69 4559 -6 -3
 69 4567 -6 -3
 69 4550 3 1
 69 4554 -6 -3
 69 4574 -6 -3
 69 4544 3 -1
 69 4548 -8 -17
 69 4566 -9 -7
 69 4542 -9 -7
 69 4556 0 -3
 69 4551 3 -3
 69 4560 -8 -17
 69 4572 -6 -26
 69 4562 3 1
 69 4561 0 -3
 69 4575 -6 -3
 70 4553 3 -1
 70 4541 2 1
 70 4544 3 0
 70 4565 -5 -4
 70 4549 2 1
 70 4551 3 -2
 70 4564 -9 -4
 70 4547 4 2
 70 4556 1 -2
 70 4546 -5 -4
 70 4573 -5 -4
 70 4570 2 1
 70 4543 -5 -4
 70 4560 -8 -16
 70 4566 -9 -6
 70 4574 -5 -4
 70 4567 -5 -4
 70 4555 -5 -4
 70 4545 2 -2
 70 4558 3 -1
 70 4572 -6 -25
 70 4554 -5 -4
 70 4561 1 -2
 70 4575 -5 -4
 70 4548 -8 -16
 70 4557 -5 -4
 70 4550 4 2
 70 4552 -5 -4
 70 4571 -5 -4
 70 4562 2 1
 70 4542 -9 -6
 70 4559 -5 -4
 70 4568 -5 -4
 70 4563 2 1
 70 4569 -9 -10
 71 4541 3 1
 71 4575 -4 -4
 71 4567 -4 -4
 71 4560 -8 -15
 71 4565 -4 -4
 71 4566 -9 -5
 71 4547 3 1
 71 4569 -9 -9
 71 4572 -6 -24
 71 4573 -4 -4
 71 4562 3 1
 71 4554 -4 -4
 71 4570 3 1
 71 4550 3 1
 71 4551 3 -1
 71 4548 -8 -15
 71 4564 -9 -3
 71 4543 -4 -4
 71 4545 3 -1
 71 4542 -9 -5
 71 4561 2 -2
 71 4557 -4 -4
 71 4559 -4 -4
 71 4568 -4 -4
 71 4546 -4 -4
 71 4553 3 0
 71 4558 3 0
 71 4574 -4 -4
 71 4556 2 -2
 71 4552 -4 -4
 71 4571 -4 -4
 71 4555 -4 -4
 71 4549 3 1
 71 4563 3 1
 71 4544 3 1
 72 4556 3 -1
 72 4541 2 1
 72 4549 4 2
 72 4575 -3 -4
 72 4561 3 -1
 72 4571 -3 -4
 72 4560 -7 -14
 72 4555 -3 -4
 72 4546 -3 -4
 72 4564 -8 -2
 72 4548 -7 -14
 72 4565 -3 -4
 72 4557 -3 -4
 72 4551 3 0
 72 4559 -3 -4
 72 4558 3 1
 72 4574 -3 -4
 72 4545 3 0
 72 4544 4 2
 72 4568 -3 -4
 72 4550 2 1
 72 4547 2 1
 72 4572 -6 -23
 72 4570 2 1
 72 4543 -3 -4
 72 4554 -3 -4
 72 4552 -3 -4
 72 4573 -3 -4
 72 4566 -9 -4
 72 4563 2 1
 72 4567 -3 -4
 72 4553 3 1
 72 4562 4 2
 72 4542 -9 -4
 72 4569 -9 -8
 73 4553 2 1
 73 4560 -7 -13
 73 4566 -9 -3
 73 4558 2 1
 73 4571 -2 -4
 73 4570 3 1
 73 4548 -7 -13
 73 4549 3 1
 73 4572 -7 -22
 73 4565 -2 -4
 73 4541 3 1
 73 4564 -7 -2
 73 4556 3 0
 73 4574 -2 -4
 73 4545 3 1
 73 4575 -2 -4
 73 4542 -9 -3
 73 4555 -2 -4
 73 4563 3 1
 73 4552 -2 -4
 73 4569 -9 -7
 73 4544 3 1
 73 4568 -2 -4
 73 4557 -2 -4
 73 4550 3 1
 73 4573 -2 -4
 73 4554 -2 -4
 73 4562 3 1
 73 4547 3 1
 73 4559 -2 -4
 73 4546 -2 -4
 73 4543 -2 -4
 73 4567 -2 -4
 73 4561 3 0
 73 4551 3 1
 74 4557 -1 -3
 74 4543 -1 -3
 74 4552 -1 -3
 74 4542 -8 -2
 74 4544 4 2
 74 4556 3 1
 74 4545 2 1
 74 4562 2 1
 74 4549 2 1
 74 4568 -1 -3
 74 4558 3 1
 74 4569 -9 -6
 74 4573 -1 -3
 74 4574 -1 -3
 74 4551 2 1
 74 4559 -1 -3
 74 4541 4 2
 74 4555 -1 -3
 74 4565 -1 -3
 74 4548 -8 -12
 74 4553 3 1
 74 4547 2 1
 74 4546 -1 -3
 74 4570 2 1
 74 4566 -8 -2
 74 4560 -8 -12
 74 4561 3 1
 74 4554 -1 -3
 74 4571 -1 -3
 74 4564 -6 -3
 74 4575 -1 -3
 74 4563 4 2
 74 4550 4 2
 74 4572 -7 -21
 74 4567 -1 -3
 75 4545 3 1
 75 4568 0 -3
 75 4555 0 -3
 75 4556 2 1
 75 4550 3 1
 75 4549 3 1
 75 4572 -7 -20
 75 4542 -7 -2
 75 4561 4 2
 75 4567 0 -3
 75 4544 3 1
 75 4557 0 -3
 75 4570 3 1
 75 4558 2 1
 75 4554 0 -3
 75 4563 3 1
 75 4560 -9 -11
 75 4552 0 -3
 75 4547 3 1
 75 4559 0 -3
 75 4541 3 1
 75 4551 3 1
 75 4543 0 -3
 75 4562 3 1
 75 4569 -9 -5
 75 4574 0 -3
 75 4548 -9 -11
 75 4565 0 -3
 75 4564 -5 -4
 75 4573 0 -3
 75 4571 0 -3
 75 4566 -7 -2
 75 4575 0 -3
 75 4546 0 -3
 75 4553 2 1
 76 4559 1 -2
 76 4555 1 -2
 76 4553 3 1
 76 4541 4 2
 76 4543 1 -2
 76 4563 4 2
 76 4574 1 -2
 76 4568 1 -2
 76 4566 -6 -3
 76 4542 -6 -3
 76 4557 1 -2
 76 4571 1 -2
 76 4554 1 -2
 76 4562 2 1
 76 4569 -9 -4
 76 4565 1 -2
 76 4546 1 -2
 76 4549 4 2
 76 4556 3 1
 76 4572 -7 -19
 76 4547 2 1
 76 4575 1 -2
 76 4558 3 1
 76 4570 2 1
 76 4561 3 1
 76 4573 1 -2
 76 4552 1 -2
 76 4567 1 -2
 76 4550 2 1
 76 4564 -4 -4
 76 4545 4 2
 76 4560 -9 -10
 76 4544 4 2
 76 4551 2 1
 76 4548 -9 -10
 77 4555 2 -2
 77 4560 -9 -9
 77 4545 3 1
 77 4544 3 1
 77 4553 2 1
 77 4573 2 -2
 77 4574 2 -2
 77 4562 3 1
 77 4546 2 -2
 77 4556 4 2
 77 4561 4 2
 77 4541 3 1
 77 4570 3 1
 77 4559 2 -2
 77 4547 3 1
 77 4563 3 1
 77 4575 2 -2
 77 4572 -7 -18
 77 4542 -5 -4
 77 4571 2 -2
 77 4558 4 2
 77 4550 3 1
 77 4548 -9 -9
 77 4552 2 -2
 77 4569 -9 -3
 77 4564 -3 -4
 77 4554 2 -2
 77 4543 2 -2
 77 4566 -5 -4
 77 4568 2 -2
 77 4567 2 -2
 77 4551 3 1
 77 4557 2 -2
 77 4549 3 1
 77 4565 2 -2
 78 4546 3 -1
 78 4560 -9 -8
 78 4554 3 -1
 78 4552 3 -1
 78 4573 3 -1
 78 4557 3 -1
 78 4575 3 -1
 78 4566 -4 -4
 78 4556 3 1
 78 4544 4 2
 78 4568 3 -1
 78 4553 3 1
 78 4541 2 1
 78 4551 4 2
 78 4570 4 2
 78 4567 3 -1
 78 4559 3 -1
 78 4574 3 -1
 78 4564 -2 -4
 78 4572 -8 -17
 78 4548 -9 -8
 78 4561 3 1
 78 4542 -4 -4
 78 4550 2 1
 78 4558 3 1
 78 4562 2 1
 78 4563 2 1
 78 4543 3 -1
 78 4565 3 -1
 78 4545 2 1
 78 4549 2 1
 78 4569 -8 -2
 78 4547 4 2
 78 4571 3 -1
 78 4555 3 -1
 79 4571 3 0
 79 4566 -3 -4
 79 4570 3 1
 79 4542 -3 -4
 79 4573 3 0
 79 4563 3 1
 79 4544 3 1
 79 4560 -9 -7
 79 4545 3 1
 79 4564 -1 -3
 79 4554 3 0
 79 4562 3 1
 79 4556 2 1
 79 4553 2 1
 79 4543 3 0
 79 4574 3 0
 79 4575 3 0
 79 4558 2 1
 79 4569 -7 -2
 79 4550 3 1
 79 4551 3 1
 79 4555 3 0
 79 4559 3 0
 79 4572 -8 -16
 79 4546 3 0
 79 4565 3 0
 79 4567 3 0
 79 4541 3 1
 79 4557 3 0
 79 4547 3 1
 79 4548 -9 -7
 79 4568 3 0
 79 4549 3 1
 79 4552 3 0
 79 4561 4 2
 80 4560 -9 -6
 80 4552 3 1
 80 4544 2 1
 80 4573 3 1
 80 4557 3 1
 80 4541 4 2
 80 4548 -9 -6
 80 4563 4 2
 80 4550 2 1
 80 4554 3 1
 80 4546 3 1
 80 4568 3 1
 80 4565 3 1
 80 4574 3 1
 80 4570 2 1
 80 4551 2 1
 80 4543 3 1
 80 4547 4 2
 80 4564 0 -3
 80 4542 -2 -4
 80 4575 3 1
 80 4555 3 1
 80 4545 2 1
 80 4549 2 1
 80 4567 3 1
 80 4569 -6 -3
 80 4556 3 1
 80 4571 3 1
 80 4558 3 1
 80 4572 -8 -15
 80 4553 3 1
 80 4561 3 1
 80 4566 -2 -4
 80 4559 3 1
 80 4562 2 1
 81 4563 3 1
 81 4565 4 2
 81 4573 2 1
 81 4553 2 1
 81 4572 -7 -14
 81 4557 2 1
 81 4555 4 2
 81 4550 3 1
 81 4559 2 1
 81 4554 2 1
 81 4548 -9 -5
 81 4560 -9 -5
 81 4571 4 2
 81 4542 -1 -3
 81 4551 3 1
 81 4569 -5 -4
 81 4574 2 1
 81 4558 4 2
 81 4562 3 1
 81 4543 4 2
 81 4567 4 2
 81 4545 3 1
 81 4547 3 1
 81 4564 1 -2
 81 4544 3 1
 81 4556 4 2
 81 4575 2 1
 81 4561 4 2
 81 4552 4 2
 81 4541 3 1
 81 4549 3 1
 81 4546 4 2
 81 4568 4 2
 81 4570 3 1
 81 4566 -1 -3
 82 4559 3 1
 82 4573 3 1
 82 4560 -9 -4
 82 4557 3 1
 82 4569 -4 -4
 82 4547 4 2
 82 4565 3 1
 82 4548 -9 -4
 82 4563 4 2
 82 4543 3 1
 82 4558 3 1
 82 4553 3 1
 82 4566 0 -3
 82 4551 4 2
 82 4555 3 1
 82 4545 2 1
 82 4554 3 1
 82 4562 2 1
 82 4549 2 1
 82 4564 2 -2
 82 4544 4 2
 82 4571 3 1
 82 4561 3 1
 82 4542 0 -3
 82 4570 2 1
 82 4556 3 1
 82 4567 3 1
 82 4568 3 1
 82 4574 3 1
 82 4552 3 1
 82 4575 3 1
 82 4550 2 1
 82 4546 3 1
 82 4541 4 2
 82 4572 -7 -13
 83 4547 3 1
 83 4552 4 2
 83 4549 3 1
 83 4558 2 1
 83 4567 2 1
 83 4564 3 -1
 83 4545 3 1
 83 4563 3 1
 83 4559 4 2
 83 4557 4 2
 83 4554 4 2
 83 4553 2 1
 83 4546 4 2
 83 4541 3 1
 83 4574 4 2
 83 4542 1 -2
 83 4572 -8 -12
 83 4562 3 1
 83 4569 -3 -4
 83 4575 2 1
 83 4556 2 1
 83 4550 3 1
 83 4573 4 2
 83 4551 3 1
 83 4548 -9 -3
 83 4566 1 -2
 83 4560 -9 -3
 83 4568 2 1
 83 4570 3 1
 83 4561 2 1
 83 4565 2 1
 83 4544 3 1
 83 4571 2 1
 83 4555 2 1
 83 4543 4 2
 84 4564 3 0
 84 4547 2 1
 84 4572 -9 -11
 84 4559 3 1
 84 4550 2 1
 84 4543 3 1
 84 4541 4 2
 84 4573 3 1
 84 4574 3 1
 84 4560 -8 -2
 84 4551 2 1
 84 4569 -2 -4
 84 4553 3 1
 84 4565 3 1
 84 4563 4 2
 84 4571 3 1
 84 4544 2 1
 84 4554 3 1
 84 4545 4 2
 84 4549 2 1
 84 4548 -8 -2
 84 4558 3 1
 84 4552 3 1
 84 4546 3 1
 84 4568 3 1
 84 4542 2 -2
 84 4567 3 1
 84 4556 3 1
 84 4570 2 1
 84 4555 3 1
 84 4557 3 1
 84 4575 3 1
 84 4562 2 1
 84 4561 3 1
 84 4566 2 -2
 85 4569 -1 -3
 85 4547 3 1
 85 4550 3 1
 85 4571 2 1
 85 4545 3 1
 85 4573 4 2
 85 4546 4 2
 85 4544 3 1
 85 4574 2 1
 85 4552 2 1
 85 4554 2 1
 85 4557 2 1
 85 4555 4 2
 85 4563 3 1
 85 4560 -7 -2
 85 4565 4 2
 85 4548 -7 -2
 85 4575 4 2
 85 4553 2 1
 85 4543 2 1
 85 4562 3 1
 85 4541 3 1
 85 4570 3 1
 85 4567 2 1
 85 4556 2 1
 85 4572 -9 -10
 85 4559 2 1
 85 4568 2 1
 85 4558 2 1
 85 4542 3 -1
 85 4549 3 1
 85 4561 4 2
 85 4551 3 1
 85 4566 3 -1
 85 4564 3 1
 86 4571 3 1
 86 4564 4 2
 86 4544 4 2
 86 4560 -6 -3
 86 4572 -9 -9
 86 4567 3 1
 86 4549 2 1
 86 4566 3 0
 86 4548 -6 -3
 86 4541 4 2
 86 4550 4 2
 86 4545 2 1
 86 4547 4 2
 86 4542 3 0
 86 4553 3 1
 86 4554 3 1
 86 4556 3 1
 86 4555 3 1
 86 4573 3 1
 86 4565 3 1
 86 4574 3 1
 86 4570 4 2
 86 4561 3 1
 86 4558 3 1
 86 4559 3 1
 86 4568 3 1
 86 4557 3 1
 86 4563 2 1
 86 4562 4 2
 86 4575 3 1
 86 4552 3 1
 86 4546 3 1
 86 4551 4 2
 86 4569 0 -3
 86 4543 3 1
 87 4546 4 2
 87 4571 2 1
 87 4548 -5 -4
 87 4551 3 1
 87 4573 4 2
 87 4566 3 1
 87 4559 4 2
 87 4550 3 1
 87 4557 4 2
 87 4564 3 1
 87 4542 3 1
 87 4565 2 1
 87 4562 3 1
 87 4558 4 2
 87 4560 -5 -4
 87 4547 3 1
 87 4541 3 1
 87 4569 1 -2
 87 4572 -9 -8
 87 4553 2 1
 87 4554 4 2
 87 4567 4 2
 87 4563 3 1
 87 4544 3 1
 87 4545 3 1
 87 4555 2 1
 87 4570 3 1
 87 4543 4 2
 87 4552 2 1
 87 4568 2 1
 87 4556 2 1
 87 4561 4 2
 87 4574 2 1
 87 4575 4 2
 87 4549 3 1
 88 4559 3 1
 88 4562 2 1
 88 4568 3 1
 88 4550 2 1
 88 4563 4 2
 88 4551 2 1
 88 4561 3 1
 88 4553 3 1
 88 4549 2 1
 88 4572 -9 -7
 88 4558 3 1
 88 4564 4 2
 88 4544 2 1
 88 4567 3 1
 88 4573 3 1
 88 4571 3 1
 88 4543 3 1
 88 4569 2 -2
 88 4557 3 1
 88 4555 3 1
 88 4574 3 1
 88 4542 4 2
 88 4541 4 2
 88 4565 3 1
 88 4552 3 1
 88 4570 2 1
 88 4556 3 1
 88 4575 3 1
 88 4547 4 2
 88 4554 3 1
 88 4566 2 1
 88 4548 -4 -4
 88 4560 -4 -4
 88 4545 2 1
 88 4546 3 1
 89 4564 3 1
 89 4570 3 1
 89 4545 3 1
 89 4549 3 1
 89 4543 4 2
 89 4568 2 1
 89 4566 3 1
 89 4541 3 1
 89 4562 3 1
 89 4567 4 2
 89 4555 2 1
 89 4556 4 2
 89 4553 4 2
 89 4542 3 1
 89 4551 3 1
 89 4546 2 1
 89 4558 2 1
 89 4557 2 1
 89 4563 3 1
 89 4574 2 1
 89 4554 2 1
 89 4559 4 2
 89 4547 3 1
 89 4544 3 1
 89 4575 2 1
 89 4565 4 2
 89 4552 2 1
 89 4560 -3 -4
 89 4569 3 -1
 89 4573 4 2
 89 4548 -3 -4
 89 4572 -9 -6
 89 4550 3 1
 89 4571 4 2
 89 4561 2 1
 90 4544 2 1
 90 4572 -9 -5
 90 4570 4 2
 90 4562 4 2
 90 4550 2 1
 90 4549 2 1
 90 4546 3 1
 90 4548 -2 -4
 90 4553 3 1
 90 4545 4 2
 90 4558 3 1
 90 4563 4 2
 90 4568 3 1
 90 4547 2 1
 90 4560 -2 -4
 90 4557 3 1
 90 4542 4 2
 90 4541 4 2
 90 4573 3 1
 90 4551 4 2
 90 4561 3 1
 90 4565 3 1
 90 4564 2 1
 90 4556 3 1
 90 4555 3 1
 90 4554 3 1
 90 4559 3 1
 90 4566 2 1
 90 4543 3 1
 90 4567 3 1
 90 4575 3 1
 90 4574 3 1
 90 4569 3 0
 90 4552 3 1
 90 4571 3 1
 91 4562 3 1
 91 4572 -9 -4
 91 4570 3 1
 91 4568 4 2
 91 4549 3 1
 91 4555 4 2
 91 4575 2 1
 91 4569 3 1
 91 4541 3 1
 91 4547 3 1
 91 4574 2 1
 91 4544 3 1
 91 4567 4 2
 91 4551 3 1
 91 4552 2 1
 91 4566 3 1
 91 4546 2 1
 91 4573 4 2
 91 4553 4 2
 91 4545 3 1
 91 4559 2 1
 91 4563 3 1
 91 4561 2 1
 91 4571 2 1
 91 4565 4 2
 91 4550 3 1
 91 4548 -1 -3
 91 4542 3 1
 91 4543 4 2
 91 4560 -1 -3
 91 4556 2 1
 91 4564 3 1
 91 4554 2 1
 91 4558 4 2
 91 4557 4 2
 92 4560 0 -3
 92 4557 3 1
 92 4556 3 1
 92 4568 3 1
 92 4572 -9 -3
 92 4541 2 1
 92 4548 0 -3
 92 4562 2 1
 92 4555 3 1
 92 4575 3 1
 92 4551 2 1
 92 4566 4 2
 92 4554 3 1
 92 4552 3 1
 92 4571 3 1
 92 4547 4 2
 92 4565 3 1
 92 4570 4 2
 92 4569 4 2
 92 4553 3 1
 92 4543 3 1
 92 4563 4 2
 92 4544 2 1
 92 4559 3 1
 92 4546 3 1
 92 4542 4 2
 92 4549 2 1
 92 4567 3 1
 92 4545 4 2
 92 4564 2 1
 92 4574 3 1
 92 4558 3 1
 92 4573 3 1
 92 4561 3 1
 92 4550 2 1
 93 4545 3 1
 93 4560 1 -2
 93 4542 3 1
 93 4567 2 1
 93 4565 4 2
 93 4566 3 1
 93 4568 2 1
 93 4572 -8 -2
 93 4574 4 2
 93 4546 4 2
 93 4573 4 2
 93 4543 4 2
 93 4550 3 1
 93 4548 1 -2
 93 4564 3 1
 93 4547 3 1
 93 4562 3 1
 93 4559 4 2
 93 4557 4 2
 93 4544 3 1
 93 4563 3 1
 93 4549 3 1
 93 4558 4 2
 93 4552 4 2
 93 4556 2 1
 93 4551 3 1
 93 4553 4 2
 93 4570 3 1
 93 4561 2 1
 93 4554 2 1
 93 4571 4 2
 93 4541 3 1
 93 4555 2 1
 93 4569 3 1
 93 4575 4 2
 94 4565 3 1
 94 4561 3 1
 94 4558 3 1
 94 4541 2 1
 94 4571 3 1
 94 4573 3 1
 94 4567 3 1
 94 4551 2 1
 94 4562 4 2
 94 4568 3 1
 94 4544 4 2
 94 4570 4 2
 94 4548 2 -2
 94 4549 4 2
 94 4550 2 1
 94 4552 3 1
 94 4542 4 2
 94 4560 2 -2
 94 4543 3 1
 94 4556 3 1
 94 4569 2 1
 94 4572 -7 -2
 94 4575 3 1
 94 4547 4 2
 94 4555 3 1
 94 4546 3 1
 94 4557 3 1
 94 4554 3 1
 94 4563 2 1
 94 4545 2 1
 94 4566 2 1
 94 4574 3 1
 94 4553 3 1
 94 4564 4 2
 94 4559 3 1
 95 4550 3 1
 95 4552 4 2
 95 4551 3 1
 95 4571 2 1
 95 4564 3 1
 95 4545 3 1
 95 4548 3 -1
 95 4555 4 2
 95 4566 3 1
 95 4547 3 1
 95 4542 3 1
 95 4559 2 1
 95 4575 2 1
 95 4557 4 2
 95 4572 -6 -3
 95 4558 4 2
 95 4546 4 2
 95 4569 3 1
 95 4565 2 1
 95 4560 3 -1
 95 4561 4 2
 95 4563 3 1
 95 4553 4 2
 95 4573 4 2
 95 4541 3 1
 95 4574 2 1
 95 4544 3 1
 95 4549 3 1
 95 4556 4 2
 95 4567 2 1
 95 4570 3 1
 95 4543 2 1
 95 4568 2 1
 95 4562 3 1
 95 4554 2 1
 96 4570 2 1
 96 4571 3 1
 96 4556 3 1
 96 4550 4 2
 96 4541 2 1
 96 4555 3 1
 96 4545 2 1
 96 4564 2 1
 96 4574 3 1
 96 4546 3 1
 96 4552 3 1
 96 4551 2 1
 96 4566 4 2
 96 4565 3 1
 96 4568 3 1
 96 4575 3 1
 96 4558 3 1
 96 4562 4 2
 96 4549 4 2
 96 4544 4 2
 96 4548 3 0
 96 4563 4 2
 96 4572 -5 -4
 96 4561 3 1
 96 4543 3 1
 96 4547 2 1
 96 4557 3 1
 96 4573 3 1
 96 4560 3 0
 96 4559 3 1
 96 4569 4 2
 96 4554 3 1
 96 4542 4 2
 96 4567 3 1
 96 4553 3 1
 97 4543 4 2
 97 4541 3 1
 97 4551 3 1
 97 4571 2 1
 97 4554 4 2
 97 4564 3 1
 97 4546 4 2
 97 4570 3 1
 97 4561 2 1
 97 4548 3 1
 97 4547 3 1
 97 4575 2 1
 97 4556 4 2
 97 4542 3 1
 97 4550 3 1
 97 4572 -4 -4
 97 4544 3 1
 97 4545 3 1
 97 4555 2 1
 97 4567 2 1
 97 4563 3 1
 97 4558 4 2
 97 4560 3 1
 97 4566 3 1
 97 4557 4 2
 97 4553 2 1
 97 4559 4 2
 97 4565 4 2
 97 4552 4 2
 97 4568 2 1
 97 4574 2 1
 97 4573 4 2
 97 4562 3 1
 97 4569 3 1
 97 4549 3 1
 98 4554 3 1
 98 4566 4 2
 98 4547 4 2
 98 4559 3 1
 98 4567 3 1
 98 4568 3 1
 98 4572 -3 -4
 98 4563 2 1
 98 4548 2 1
 98 4555 3 1
 98 4549 2 1
 98 4546 3 1
 98 4545 4 2
 98 4544 2 1
 98 4552 3 1
 98 4550 2 1
 98 4542 2 1
 98 4557 3 1
 98 4562 4 2
 98 4558 3 1
 98 4551 2 1
 98 4570 4 2
 98 4565 3 1
 98 4561 3 1
 98 4573 3 1
 98 4569 4 2
 98 4571 3 1
 98 4574 3 1
 98 4560 2 1
 98 4575 3 1
 98 4543 3 1
 98 4541 4 2
 98 4553 3 1
 98 4556 3 1
 98 4564 4 2
 99 4568 4 2
 99 4556 2 1
 99 4550 3 1
 99 4567 2 1
 99 4549 3 1
 99 4557 4 2
 99 4564 3 1
 99 4558 4 2
 99 4552 2 1
 99 4551 3 1
 99 4555 2 1
 99 4575 2 1
 99 4565 2 1
 99 4563 3 1
 99 4543 4 2
 99 4560 3 1
 99 4559 2 1
 99 4562 3 1
 99 4545 3 1
 99 4561 2 1
 99 4574 2 1
 99 4547 3 1
 99 4554 2 1
 99 4573 2 1
 99 4553 4 2
 99 4546 4 2
 99 4541 3 1
 99 4542 3 1
 99 4566 3 1
 99 4569 3 1
 99 4548 3 1
 99 4570 3 1
 99 4572 -2 -4
 99 4571 2 1
 99 4544 3 1
 100 4568 3 1
 100 4556 3 1
 100 4574 3 1
 100 4566 4 2
 100 4563 2 1
 100 4571 3 1
 100 4565 3 1
 100 4541 2 1
 100 4551 4 2
 100 4555 3 1
 100 4572 -1 -3
 100 4564 2 1
 100 4558 3 1
 100 4545 4 2
 100 4561 3 1
 100 4559 3 1
 100 4553 3 1
 100 4575 3 1
 100 4542 4 2
 100 4547 4 2
 100 4567 3 1
 100 4546 3 1
 100 4549 4 2
 100 4569 4 2
 100 4573 3 1
 100 4548 4 2
 100 4544 4 2
 100 4560 4 2
 100 4554 3 1
 100 4552 3 1
 100 4557 3 1
 100 4570 4 2
 100 4550 4 2
 100 4562 4 2
 100 4543 3 1
 101 4575 2 1
 101 4541 3 1
 101 4552 2 1
 101 4550 3 1
 101 4571 2 1
 101 4568 4 2
 101 4570 3 1
 101 4559 4 2
 101 4548 3 1
 101 4572 0 -3
 101 4543 2 1
 101 4551 3 1
 101 4553 4 2
 101 4565 4 2
 101 4563 3 1
 101 4561 4 2
 101 4573 2 1
 101 4560 3 1
 101 4569 3 1
 101 4557 4 2
 101 4554 4 2
 101 4574 2 1
 101 4545 3 1
 101 4555 2 1
 101 4542 3 1
 101 4562 3 1
 101 4546 2 1
 101 4567 4 2
 101 4566 3 1
 101 4549 3 1
 101 4556 4 2
 101 4564 3 1
 101 4544 3 1
 101 4547 3 1
 101 4558 2 1
 102 4571 3 1
 102 4558 3 1
 102 4572 1 -2
 102 4552 3 1
 102 4556 3 1
 102 4567 3 1
 102 4541 2 1
 102 4560 2 1
 102 4557 3 1
 102 4544 2 1
 102 4561 3 1
 102 4563 4 2
 102 4562 2 1
 102 4553 3 1
 102 4545 2 1
 102 4547 4 2
 102 4564 2 1
 102 4546 3 1
 102 4569 2 1
 102 4566 2 1
 102 4574 3 1
 102 4543 3 1
 102 4559 3 1
 102 4548 2 1
 102 4555 3 1
 102 4550 4 2
 102 4549 4 2
 102 4551 4 2
 102 4542 2 1
 102 4575 3 1
 102 4570 2 1
 102 4568 3 1
 102 4554 3 1
 102 4573 3 1
 102 4565 3 1
 103 4552 4 2
 103 4558 4 2
 103 4548 3 1
 103 4572 2 -2
 103 4561 4 2
 103 4570 3 1
 103 4559 2 1
 103 4574 2 1
 103 4567 4 2
 103 4562 3 1
 103 4551 3 1
 103 4564 3 1
 103 4543 2 1
 103 4575 2 1
 103 4553 4 2
 103 4556 2 1
 103 4554 4 2
 103 4571 2 1
 103 4566 3 1
 103 4565 2 1
 103 4549 3 1
 103 4555 2 1
 103 4542 3 1
 103 4557 2 1
 103 4568 2 1
 103 4546 2 1
 103 4544 3 1
 103 4563 3 1
 103 4569 3 1
 103 4550 3 1
 103 4547 3 1
 103 4545 3 1
 103 4541 3 1
 103 4560 3 1
 103 4573 2 1
 104 4552 3 1
 104 4569 4 2
 104 4555 3 1
 104 4560 2 1
 104 4573 3 1
 104 4541 4 2
 104 4568 3 1
 104 4556 3 1
 104 4575 3 1
 104 4571 3 1
 104 4544 2 1
 104 4546 3 1
 104 4548 2 1
 104 4551 2 1
 104 4547 4 2
 104 4542 2 1
 104 4558 3 1
 104 4554 3 1
 104 4566 4 2
 104 4570 2 1
 104 4550 4 2
 104 4562 4 2
 104 4543 3 1
 104 4563 2 1
 104 4553 3 1
 104 4557 3 1
 104 4574 3 1
 104 4567 3 1
 104 4572 3 -1
 104 4549 2 1
 104 4564 2 1
 104 4545 4 2
 104 4559 3 1
 104 4561 3 1
 104 4565 3 1
 105 4549 3 1
 105 4562 3 1
 105 4546 2 1
 105 4543 4 2
 105 4555 2 1
 105 4547 3 1
 105 4565 4 2
 105 4561 2 1
 105 4564 3 1
 105 4554 2 1
 105 4572 3 0
 105 4556 2 1
 105 4544 3 1
 105 4553 2 1
 105 4570 3 1
 105 4574 2 1
 105 4575 4 2
 105 4559 2 1
 105 4545 3 1
 105 4573 4 2
 105 4560 3 1
 105 4548 3 1
 105 4542 3 1
 105 4571 2 1
 105 4568 2 1
 105 4557 4 2
 105 4567 2 1
 105 4551 3 1
 105 4550 3 1
 105 4558 4 2
 105 4563 3 1
 105 4566 3 1
 105 4541 3 1
 105 4569 3 1
 105 4552 4 2
 106 4554 3 1
 106 4558 3 1
 106 4575 3 1
 106 4549 4 2
 106 4553 3 1
 106 4565 3 1
 106 4556 3 1
 106 4541 2 1
 106 4566 4 2
 106 4550 4 2
 106 4547 2 1
 106 4557 3 1
 106 4561 3 1
 106 4570 4 2
 106 4544 4 2
 106 4563 2 1
 106 4568 3 1
 106 4548 2 1
 106 4572 3 1
 106 4569 4 2
 106 4546 3 1
 106 4545 4 2
 106 4560 4 2
 106 4564 4 2
 106 4562 2 1
 106 4551 4 2
 106 4559 3 1
 106 4574 3 1
 106 4555 3 1
 106 4571 3 1
 106 4543 3 1
 106 4552 3 1
 106 4567 3 1
 106 4573 3 1
 106 4542 4 2
 107 4541 3 1
 107 4555 4 2
 107 4558 4 2
 107 4549 3 1
 107 4570 3 1
 107 4572 2 1
 107 4573 4 2
 107 4564 3 1
 107 4544 3 1
 107 4575 2 1
 107 4553 2 1
 107 4566 3 1
 107 4559 2 1
 107 4567 4 2
 107 4548 3 1
 107 4569 3 1
 107 4551 3 1
 107 4547 3 1
 107 4554 4 2
 107 4568 2 1
 107 4543 4 2
 107 4546 2 1
 107 4550 3 1
 107 4574 2 1
 107 4545 3 1
 107 4561 2 1
 107 4556 4 2
 107 4542 3 1
 107 4552 2 1
 107 4571 2 1
 107 4562 3 1
 107 4563 3 1
 107 4565 4 2
 107 4557 2 1
 107 4560 3 1
 108 4545 2 1
 108 4560 4 2
 108 4553 3 1
 108 4575 3 1
 108 4562 2 1
 108 4547 2 1
 108 4566 4 2
 108 4551 2 1
 108 4565 3 1
 108 4571 3 1
 108 4574 3 1
 108 4572 3 1
 108 4559 3 1
 108 4550 2 1
 108 4546 3 1
 108 4554 3 1
 108 4544 4 2
 108 4548 4 2
 108 4567 3 1
 108 4542 2 1
 108 4561 3 1
 108 4543 3 1
 108 4555 3 1
 108 4549 2 1
 108 4570 4 2
 108 4573 3 1
 108 4558 3 1
 108 4564 4 2
 108 4557 3 1
 108 4556 3 1
 108 4569 2 1
 108 4552 3 1
 108 4563 4 2
 108 4541 2 1
 108 4568 3 1
 109 4552 4 2
 109 4572 4 2
 109 4547 3 1
 109 4543 2 1
 109 4560 3 1
 109 4555 4 2
 109 4550 3 1
 109 4541 3 1
 109 4557 4 2
 109 4573 2 1
 109 4549 3 1
 109 4558 2 1
 109 4551 3 1
 109 4563 3 1
 109 4571 4 2
 109 4545 3 1
 109 4546 4 2
 109 4554 2 1
 109 4542 3 1
 109 4564 3 1
 109 4565 2 1
 109 4553 2 1
 109 4570 3 1
 109 4568 2 1
 109 4544 3 1
 109 4548 3 1
 109 4567 4 2
 109 4556 4 2
 109 4561 4 2
 109 4566 3 1
 109 4575 2 1
 109 4574 2 1
 109 4569 3 1
 109 4559 2 1
 109 4562 3 1
 110 4543 3 1
 110 4574 3 1
 110 4556 3 1
 110 4546 3 1
 110 4565 3 1
 110 4549 4 2
 110 4542 2 1
 110 4569 4 2
 110 4560 2 1
 110 4568 3 1
 110 4566 2 1
 110 4544 2 1
 110 4547 2 1
 110 4548 2 1
 110 4551 2 1
 110 4558 3 1
 110 4570 4 2
 110 4575 3 1
 110 4541 2 1
 110 4557 3 1
 110 4545 4 2
 110 4564 2 1
 110 4559 3 1
 110 4562 2 1
 110 4567 3 1
 110 4561 3 1
 110 4553 3 1
 110 4554 3 1
 110 4552 3 1
 110 4572 3 1
 110 4563 2 1
 110 4555 3 1
 110 4550 4 2
 110 4571 3 1
 110 4573 3 1
 111 4557 4 2
 111 4541 3 1
 111 4550 3 1
 111 4561 2 1
 111 4568 2 1
 111 4543 2 1
 111 4572 2 1
 111 4552 4 2
 111 4571 2 1
 111 4547 3 1
 111 4569 3 1
 111 4564 3 1
 111 4567 2 1
 111 4558 4 2
 111 4553 2 1
 111 4574 4 2
 111 4556 2 1
 111 4562 3 1
 111 4559 2 1
 111 4546 4 2
 111 4555 4 2
 111 4551 3 1
 111 4548 3 1
 111 4542 3 1
 111 4545 3 1
 111 4565 4 2
 111 4566 3 1
 111 4573 2 1
 111 4549 3 1
 111 4560 3 1
 111 4544 3 1
 111 4554 4 2
 111 4563 3 1
 111 4570 3 1
 111 4575 2 1
 112 4573 3 1
 112 4550 3 1
 112 4548 3 1
 112 4556 3 1
 112 4563 3 1
 112 4571 3 1
 112 4544 3 1
 112 4564 3 1
 112 4565 3 1
 112 4545 3 1
 112 4543 3 1
 112 4555 3 1
 112 4551 3 1
 112 4566 3 1
 112 4542 3 1
 112 4557 3 1
 112 4541 3 1
 112 4546 3 1
 112 4575 3 1
 112 4567 3 1
 112 4558 3 1
 112 4568 3 1
 112 4553 3 1
 112 4560 3 1
 112 4554 3 1
 112 4572 3 1
 112 4559 3 1
 112 4549 3 1
 112 4552 3 1
 112 4561 3 1
 112 4570 3 1
 112 4547 3 1
 112 4574 3 1
 112 4562 3 1
 112 4569 3 1
 113 4543 3 1
 113 4554 3 1
 113 4562 3 1
 113 4555 3 1
 113 4548 3 1
 113 4567 3 1
 113 4564 3 1
 113 4561 3 1
 113 4558 3 1
 113 4565 3 1
 113 4552 3 1
 113 4571 3 1
 113 4541 3 1
 113 4569 3 1
 113 4560 3 1
 113 4570 3 1
 113 4575 3 1
 113 4566 3 1
 113 4551 3 1
 113 4557 3 1
 113 4568 3 1
 113 4572 3 1
 113 4546 3 1
 113 4547 3 1
 113 4559 3 1
 113 4553 3 1
 113 4574 3 1
 113 4542 3 1
 113 4556 3 1
 113 4563 3 1
 113 4544 3 1
 113 4550 3 1
 113 4549 3 1
 113 4573 3 1
 113 4545 3 1
 114 4545 4 2
 114 4551 2 0
 114 4549 2 0
 114 4554 2 0
 114 4552 4 1
 114 4543 2 0
 114 4569 2 0
 114 4560 2 0
 114 4575 2 0
 114 4564 2 0
 114 4544 2 0
 114 4556 2 0
 114 4548 2 0
 114 4557 4 2
 114 4553 2 0
 114 4541 2 0
 114 4572 2 0
 114 4573 2 0
 114 4561 2 0
 114 4546 2 0
 114 4563 2 0
 114 4566 2 0
 114 4542 2 0
 114 4565 2 0
 114 4574 2 0
 114 4562 2 0
 114 4547 2 0
 114 4558 4 2
 114 4571 2 0
 114 4570 2 0
 114 4567 2 0
 114 4550 2 0
 114 4559 2 0
 114 4568 2 0
 114 4555 2 0
 115 4553 1 -1
 115 4559 1 -1
 115 4557 5 2
 115 4570 1 -1
 115 4563 1 -1
 115 4571 1 -1
 115 4550 1 -1
 115 4562 1 -1
 115 4568 1 -1
 115 4552 5 0
 115 4554 1 -1
 115 4549 1 -1
 115 4544 1 -1
 115 4572 1 -1
 115 4541 1 -1
 115 4575 1 -1
 115 4547 1 -1
 115 4543 1 -1
 115 4556 1 -1
 115 4555 1 -1
 115 4546 1 -1
 115 4574 1 -1
 115 4561 1 -1
 115 4567 1 -1
 115 4551 1 -1
 115 4565 1 -1
 115 4573 1 -1
 115 4566 1 -1
 115 4560 1 -1
 115 4545 5 2
 115 4558 5 2
 115 4569 1 -1
 115 4564 1 -1
 115 4548 1 -1
 115 4542 1 -1
 116 4551 0 -1
 116 4549 0 -1
 116 4568 0 -1
 116 4552 5 -1
 116 4560 0 -1
 116 4566 0 -1
 116 4550 0 -1
 116 4562 0 -1
 116 4555 0 -1
 116 4572 0 -1
 116 4541 0 -1
 116 4565 0 -1
 116 4554 0 -1
 116 4561 0 -1
 116 4553 0 -1
 116 4558 4 3
 116 4547 0 -1
 116 4542 0 -1
 116 4569 0 -1
 116 4573 0 -1
 116 4575 0 -1
 116 4563 0 -1
 116 4548 0 -1
 116 4544 0 -1
 116 4574 0 -1
 116 4546 0 -1
 116 4557 4 3
 116 4571 0 -2
 116 4564 0 -1
 116 4543 0 -1
 116 4545 4 3
 116 4567 0 -1
 116 4559 0 -1
 116 4556 0 -1
 116 4570 0 -1