0.3010670149	
0.351164531	
0.3010670149	
0.4513595632	
0.47093946645	
0.53225835325	
0.555875692225	
0.59386090115	
0.640811918	
0.6356402537625	
0.6698389984	
0.6575964110875	
0.6988660788	
0.6935571697875	
0.7278931592	
0.7435225298625	
0.7569202396	
0.7576108918375	
0.758301544075	
0.7589921963125	
0.75968284855	
0.7603735007875	
0.761064153025	
0.7617548052625	
0.7624454575	
0.760340023325	
0.75823458915	
0.756129154975	
0.7540237208	
0.751918286625	
0.74981285245	
0.747707418275	
0.7456019841	
0.707625128575	
0.66964827305	
0.631671417525	
0.593694562	
0.555717706475	
0.51774085095	
0.479763995425	
0.4417871399