0.1696774194	
0.204516129075	
0.23935483875	
0.274193548425	
0.3090322581	
0.343870967775	
0.37870967745	
0.413548387125	
0.4483870968	
0.4649193548625	
0.481451612925	
0.4979838709875	
0.51451612905	
0.5310483871125	
0.547580645175	
0.5641129032375	
0.5806451613	
0.5841129032375	
0.587580645175	
0.5910483871125	
0.59451612905	
0.5979838709875	
0.601451612925	
0.6049193548625	
0.6083870968	
0.6020564516375	
0.595725806475	
0.5893951613125	
0.58306451615	
0.5767338709875	
0.570403225825	
0.5640725806625	
0.5577419355	
0.52491935485	
0.4920967742	
0.45927419355	
0.4264516129	
0.39362903225	
0.3608064516	
0.32798387095	
0.2951612903