0.1818861854	
0.22267439525	
0.2634626051	
0.30425081495	
0.3450390248	
0.444819170125	
0.54459931545	
0.526395589825	
0.5081918642	
0.58230353375	
0.6564152033	
0.430365582575	
0.56963854245	
0.5850002120125	
0.600361881575	
0.6157235511375	
0.6310852207	
0.6326777422	
0.6342702637	
0.6358627852	
0.6374553067	
0.6374752475625	
0.637495188425	
0.6406602905625	
0.6438253927	
0.6920331728875	
0.740240953075	
0.7884487332625	
0.83665651345	
0.7863453265625	
0.736034139675	
0.6857229527875	
0.6354117659	
0.5924308068375	
0.549449847775	
0.5064688887125	
0.46348792965	
0.4205069705875	
0.377526011525	
0.3345450524625	
0.2915640934