0.0835483871	
0.11052419355	
0.1375	
0.16447580645	
0.1914516129	
0.277419354825	
0.36338709675	
0.331370967725	
0.2993548387	
0.3741129032	
0.4488709677	
0.223467741925	
0.36338709675	
0.3793951612625	
0.395403225775	
0.4114112902875	
0.4274193548	
0.432782258025	
0.43814516125	
0.443508064475	
0.4488709677	
0.4526612902875	
0.456451612875	
0.4633870967375	
0.4703225806	
0.4633870967375	
0.456451612875	
0.4495161290125	
0.44258064515	
0.4356451612875	
0.428709677425	
0.4217741935625	
0.4148387097	
0.3831854838875	
0.351532258075	
0.3198790322625	
0.28822580645	
0.2565725806375	
0.224919354825	
0.1932661290125	
0.1616129032